   1.7800000e+02   2.5400000e+02  -1.8434949e+01
   1.8200000e+02   4.1000000e+01   1.4799462e+02
   1.8200000e+02   1.1100000e+02   3.7874984e+01
   1.8500000e+02   3.1000000e+01   9.0000000e+01
   1.9300000e+02   2.9000000e+01  -7.1250163e+00
   2.1200000e+02   7.0000000e+01  -1.6474488e+02
   2.2000000e+02   1.1400000e+02   1.6156505e+02
   2.2500000e+02   7.2000000e+01  -1.2787498e+02
   2.3800000e+02   2.5000000e+01   9.0000000e+01
   2.4400000e+02   1.3600000e+02  -6.3434949e+01
   2.4900000e+02   1.4600000e+02   1.2865981e+02
   2.5300000e+02   1.3700000e+02  -6.6037511e+01
   2.6200000e+02   1.3900000e+02  -7.4744881e+01
   2.6200000e+02   1.4700000e+02   1.4212502e+02
   2.8400000e+02   1.2700000e+02  -1.0030485e+02
   2.8700000e+02   1.8300000e+02   1.5944395e+02
   2.9400000e+02   1.0800000e+02  -1.2025644e+02
   2.9700000e+02   3.4000000e+01  -1.2686990e+02
   3.0400000e+02   1.0600000e+02  -1.1656505e+02
   3.0700000e+02   1.1500000e+02   5.1340192e+01
   3.1100000e+02   9.5000000e+01   6.1389540e+01
   3.1700000e+02   1.0600000e+02  -1.1861046e+02
   3.1900000e+02   9.5000000e+01  -9.0000000e+01
   1.8200000e+02   1.2800000e+02  -1.3500000e+02
