   1.4500000e+02   1.2900000e+02   7.5963757e+01
   1.7200000e+02   1.0700000e+02  -6.3434949e+01
   1.7500000e+02   4.6000000e+01   0.0000000e+00
   1.8100000e+02   9.3000000e+01   1.2928941e+02
   1.8400000e+02   6.3000000e+01   4.7636417e+00
   1.9000000e+02   7.2000000e+01   3.6869898e+01
   2.2100000e+02   8.4000000e+01  -1.3118593e+02
   2.3100000e+02   2.8700000e+02  -1.4036243e+01
   2.4800000e+02   1.6900000e+02  -8.5236358e+01
   2.5600000e+02   1.7600000e+02   1.1261986e+02
   2.6400000e+02   1.7500000e+02   1.0403624e+02
   2.7400000e+02   1.3800000e+02  -1.0843495e+02
   2.7600000e+02   4.4000000e+01   5.2125016e+01
   2.8000000e+02   2.0400000e+02   1.5094540e+02
   2.8000000e+02   2.1500000e+02   1.5343495e+02
   2.8100000e+02   3.6000000e+01  -1.2369007e+02
   2.8400000e+02   1.3700000e+02  -1.1861046e+02
   2.8600000e+02   4.3000000e+01   0.0000000e+00
   2.8700000e+02   1.9600000e+02   0.0000000e+00
   2.8800000e+02   2.0600000e+02   5.7105931e+00
   2.9000000e+02   1.4800000e+02   6.8198591e+01
   2.9400000e+02   4.9000000e+01   4.8012788e+01
   2.9500000e+02   8.8000000e+01  -1.2499202e+02
   2.9900000e+02   1.4900000e+02   3.6869898e+01
   3.0600000e+02   1.6300000e+02   0.0000000e+00
   1.6400000e+02   1.4900000e+02  -9.0000000e+01
