   1.3800000e+02   1.9200000e+02  -1.1861046e+02
   1.9600000e+02   3.3000000e+02  -2.2619865e+01
   2.4600000e+02   2.0600000e+02   1.0843495e+02
   2.5500000e+02   1.9800000e+02  -8.5236358e+01
   2.5500000e+02   2.0800000e+02   1.2553768e+02
   2.6300000e+02   2.0600000e+02   1.1261986e+02
   2.7100000e+02   2.0500000e+02   1.0403624e+02
   2.7700000e+02   5.7000000e+01   4.5000000e+01
   2.8900000e+02   2.0000000e+02   5.2125016e+01
   2.9600000e+02   1.9500000e+02   5.7994617e+01
   2.9700000e+02   1.7600000e+02   6.3434949e+01
   1.3800000e+02   1.5300000e+02  -9.8000000e+01
