   1.0400000e+02   1.1900000e+02   1.2602737e+02
   1.1300000e+02   1.5900000e+02   7.3300756e+01
   1.1500000e+02   1.3400000e+02   1.1261986e+02
   1.1500000e+02   2.1000000e+02  -1.1905460e+02
   1.2100000e+02   2.0000000e+02   5.6309932e+01
   1.3400000e+02   8.8000000e+01  -9.4623222e+00
   1.5600000e+02   2.4100000e+02  -4.5000000e+01
   1.7200000e+02   2.0100000e+02  -2.8610460e+01
   1.7300000e+02   5.3000000e+01   2.2619865e+01
   1.8500000e+02   3.5400000e+02  -1.4036243e+01
   1.9900000e+02   3.5000000e+01   2.2619865e+01
   2.0400000e+02   2.2000000e+02  -6.0255119e+01
   2.0500000e+02   1.9200000e+02   1.0403624e+02
   2.1000000e+02   2.4900000e+02  -4.8814075e+01
   2.1400000e+02   2.1900000e+02  -7.5963757e+01
   2.2300000e+02   2.1900000e+02  -8.5236358e+01
   2.3200000e+02   2.2600000e+02   1.0843495e+02
   2.3800000e+02   7.8000000e+01   4.8814075e+01
   2.4100000e+02   9.4000000e+01   4.5000000e+01
   2.4500000e+02   8.6000000e+01  -1.3118593e+02
   2.4600000e+02   1.8700000e+02  -1.1656505e+02
   2.4600000e+02   3.2700000e+02   1.6156505e+02
   2.5700000e+02   1.8600000e+02  -1.2602737e+02
   2.5700000e+02   2.5600000e+02   1.6156505e+02
   2.6400000e+02   2.4400000e+02   0.0000000e+00
   2.6500000e+02   3.0400000e+02  -4.5000000e+01
   2.6700000e+02   1.8600000e+02  -1.2865981e+02
   2.7100000e+02   1.6300000e+02   3.7874984e+01
   2.7300000e+02   1.9600000e+02   3.6869898e+01
   2.8100000e+02   1.5700000e+02  -1.3939871e+02
