   7.4000000e+01   2.3700000e+02  -4.0601295e+01
   7.5000000e+01   2.2300000e+02  -3.9805571e+01
   1.0100000e+02   1.9800000e+02  -3.6027373e+01
   1.1500000e+02   1.6800000e+02  -3.0256437e+01
   1.2000000e+02   3.3400000e+02   9.9462322e+01
   1.3800000e+02   2.7200000e+02   1.3118593e+02
   1.4700000e+02   1.4400000e+02   1.6596376e+02
   1.6100000e+02   2.1000000e+02   1.5738014e+02
   1.7300000e+02   2.3100000e+02  -1.5255119e+01
   1.7500000e+02   1.6900000e+02   1.6596376e+02
   1.7500000e+02   2.5300000e+02   1.4630993e+02
   1.9800000e+02   3.5200000e+02  -1.1861046e+02
   2.2200000e+02   3.4800000e+02   4.5000000e+01
   2.3500000e+02   1.5800000e+02  -1.7523636e+02
   2.4300000e+02   1.5800000e+02   1.4036243e+01
   2.4300000e+02   3.4600000e+02   1.7287498e+02
   2.5800000e+02   2.4500000e+02  -1.7053768e+02
   2.6200000e+02   1.4400000e+02  -1.6596376e+02
   2.6900000e+02   1.5400000e+02  -1.7053768e+02
   2.6900000e+02   2.5000000e+02   2.6565051e+01
   2.9200000e+02   2.4300000e+02  -1.4752881e+02
   3.0500000e+02   3.2100000e+02  -1.2980557e+02
   7.5000000e+01   1.9300000e+02   1.4000000e+02
   1.0300000e+02   1.2700000e+02  -3.7000000e+01
   1.2800000e+02   1.1600000e+02   1.5500000e+02
   1.4400000e+02   2.9700000e+02   1.0400000e+02
   1.5900000e+02   1.1300000e+02  -1.0000000e+01
   1.6000000e+02   1.3800000e+02  -1.7600000e+02
   1.7800000e+02   2.9400000e+02   1.1200000e+02
   1.8900000e+02   9.7000000e+01   0.0000000e+00
   1.9400000e+02   3.0400000e+02   1.0400000e+02
   1.9900000e+02   3.1900000e+02   8.5000000e+01
   2.0100000e+02   1.4700000e+02   0.0000000e+00
   2.1200000e+02   3.1300000e+02   1.1600000e+02
   2.1900000e+02   2.8100000e+02   1.7500000e+02
   2.3600000e+02   1.1000000e+02  -1.7600000e+02
   2.5400000e+02   3.4500000e+02  -6.9000000e+01
   3.1700000e+02   2.3000000e+02  -1.5400000e+02
   3.2300000e+02   3.1100000e+02  -1.4100000e+02
