   1.0200000e+02   1.5300000e+02  -4.5000000e+01
   1.2600000e+02   1.5400000e+02  -4.2510447e+01
   1.7500000e+02   1.0200000e+02   1.6156505e+02
   1.7500000e+02   1.6000000e+02   1.5025512e+02
   1.8600000e+02   1.5400000e+02  -1.2528808e+01
   2.0200000e+02   1.0700000e+02   1.7053768e+02
   2.1500000e+02   1.5700000e+02   1.7287498e+02
   2.2300000e+02   1.5600000e+02   0.0000000e+00
   2.2700000e+02   2.5500000e+02  -9.4623222e+00
   2.3700000e+02   1.4600000e+02   4.7636417e+00
   2.4600000e+02   1.8400000e+02  -1.7523636e+02
