   1.0700000e+02   1.4100000e+02   1.0403624e+02
   1.0700000e+02   2.3600000e+02   8.5236358e+01
   1.1000000e+02   3.1200000e+02  -1.2980557e+02
   1.1100000e+02   2.0800000e+02  -9.9462322e+01
   1.1400000e+02   3.1900000e+02   3.9289407e+01
   1.1600000e+02   2.3100000e+02   8.5236358e+01
   1.2100000e+02   2.1700000e+02  -9.9462322e+01
   1.2400000e+02   2.2800000e+02   8.0537678e+01
   1.2500000e+02   1.6900000e+02  -7.5963757e+01
   1.3300000e+02   1.9200000e+02  -9.9462322e+01
   1.3300000e+02   3.4300000e+02  -1.5738014e+02
   1.3400000e+02   2.0100000e+02   7.5963757e+01
   1.3500000e+02   7.8000000e+01  -9.4623222e+00
   1.4300000e+02   3.0900000e+02  -1.2602737e+02
   1.4700000e+02   2.5000000e+02  -1.0403624e+02
   1.4900000e+02   2.5800000e+02   6.1389540e+01
   1.5100000e+02   6.8000000e+01   1.7523636e+02
   1.5400000e+02   8.4000000e+01   1.8000000e+02
   1.5600000e+02   2.4800000e+02  -1.0843495e+02
   1.6000000e+02   2.5500000e+02   6.7380135e+01
   1.6100000e+02   1.8200000e+02   7.5963757e+01
   1.6500000e+02   2.1700000e+02  -1.1261986e+02
   1.6900000e+02   2.2500000e+02   6.7380135e+01
   1.7900000e+02   2.2400000e+02   6.7380135e+01
   1.8100000e+02   3.3900000e+02  -1.4313010e+02
   1.8300000e+02   1.3500000e+02  -1.3227369e+02
   1.8500000e+02   2.1200000e+02  -1.1861046e+02
   1.8600000e+02   2.2000000e+02   5.3972627e+01
   1.9300000e+02   6.9000000e+01   3.2471192e+01
   1.9600000e+02   2.1100000e+02  -1.2602737e+02
   1.9800000e+02   2.1900000e+02   5.9743563e+01
   2.0000000e+02   3.2100000e+02  -1.3801279e+02
   2.0700000e+02   2.1600000e+02  -1.2025644e+02
   2.0900000e+02   2.2600000e+02   5.3972627e+01
   2.2200000e+02   3.5400000e+02  -1.5738014e+02
   2.2300000e+02   2.6300000e+02  -1.2369007e+02
   2.2600000e+02   1.8500000e+02   6.7380135e+01
   2.2700000e+02   2.7000000e+02   4.2273689e+01
   2.3300000e+02   3.4800000e+02  -1.6156505e+02
   2.3500000e+02   3.1700000e+02  -1.5138954e+02
   2.6000000e+02   3.0500000e+02  -1.4630993e+02
   2.6300000e+02   3.5900000e+02  -1.6596376e+02
   2.6900000e+02   2.6400000e+02  -1.3772631e+02
   3.0000000e+02   3.5700000e+02   1.7523636e+02
   3.0500000e+02   3.2000000e+02  -1.5738014e+02
   3.1900000e+02   3.4200000e+02  -1.6156505e+02
   1.1500000e+02   1.1700000e+02   1.2600000e+02
   1.1600000e+02   1.4000000e+02   1.0400000e+02
   1.5300000e+02   7.6000000e+01   1.7500000e+02
   1.5900000e+02   1.6800000e+02   5.0000000e+01
   1.7000000e+02   7.9000000e+01   2.2000000e+01
   1.7500000e+02   2.3800000e+02  -1.1700000e+02
   2.4900000e+02   1.1600000e+02  -1.2100000e+02
   2.5700000e+02   3.3700000e+02   2.2000000e+01
   3.1400000e+02   3.6000000e+02   1.6500000e+02
   3.2100000e+02   3.1800000e+02  -1.6200000e+02
