   1.0300000e+02   2.1900000e+02  -9.0000000e+01
   1.1000000e+02   2.4900000e+02   8.5236358e+01
   1.1400000e+02   2.2200000e+02  -9.9462322e+01
   1.1500000e+02   1.1600000e+02  -4.2273689e+01
   1.1900000e+02   3.3300000e+02   4.1633539e+01
   1.2000000e+02   1.8400000e+02  -8.0537678e+01
   1.2600000e+02   2.3100000e+02  -1.0525512e+02
   1.2700000e+02   1.9200000e+02   8.5236358e+01
   1.2800000e+02   1.8400000e+02  -7.5963757e+01
   1.2900000e+02   3.1400000e+02  -1.2025644e+02
   1.3500000e+02   3.2100000e+02   4.5000000e+01
   1.3600000e+02   2.0600000e+02  -9.9462322e+01
   1.3700000e+02   2.1600000e+02   7.5963757e+01
   1.4700000e+02   3.2300000e+02  -1.2602737e+02
   1.5000000e+02   2.6400000e+02  -9.9462322e+01
   1.5400000e+02   2.7200000e+02   6.3434949e+01
   1.5700000e+02   7.0000000e+01   9.4623222e+00
   1.6400000e+02   1.9600000e+02   7.5963757e+01
   1.7100000e+02   5.6000000e+01   1.4036243e+01
   1.7200000e+02   2.4000000e+02   6.7380135e+01
   1.8100000e+02   2.3900000e+02   6.1389540e+01
   1.8500000e+02   3.5400000e+02  -1.4397263e+02
   1.8600000e+02   1.5200000e+02  -1.2980557e+02
   1.9900000e+02   2.2700000e+02  -1.2247119e+02
   2.0000000e+02   2.3500000e+02   5.3972627e+01
   2.0500000e+02   3.3400000e+02  -1.4630993e+02
   2.1800000e+02   2.9500000e+02  -1.2980557e+02
   2.2800000e+02   2.0000000e+02   6.7380135e+01
   2.3900000e+02   3.3100000e+02  -1.5343495e+02
   2.6700000e+02   3.2100000e+02  -1.5343495e+02
   3.0900000e+02   3.3700000e+02  -1.4500798e+02
   3.2300000e+02   3.5700000e+02  -1.6596376e+02
   1.1700000e+02   1.3100000e+02   1.2600000e+02
   1.5500000e+02   9.1000000e+01   1.7500000e+02
   1.6200000e+02   1.8400000e+02   4.8000000e+01
   1.7400000e+02   9.5000000e+01   2.6000000e+01
   1.7900000e+02   2.5400000e+02  -1.1700000e+02
   1.9000000e+02   1.1700000e+02  -1.3800000e+02
   2.6200000e+02   3.5300000e+02   2.2000000e+01
   3.1700000e+02   1.8800000e+02  -1.3000000e+02
