   1.0600000e+02   3.2400000e+02   6.0255119e+01
   1.0900000e+02   2.5600000e+02   8.0537678e+01
   1.0900000e+02   2.8600000e+02   6.7380135e+01
   1.1000000e+02   3.3100000e+02  -1.1974488e+02
   1.1400000e+02   2.2800000e+02  -9.9462322e+01
   1.1400000e+02   3.3800000e+02   4.5000000e+01
   1.1800000e+02   2.5100000e+02   8.5236358e+01
   1.2300000e+02   2.3600000e+02  -9.4763642e+01
   1.2600000e+02   2.4900000e+02   8.0537678e+01
   1.3700000e+02   2.2300000e+02   7.5963757e+01
   1.4100000e+02   1.0000000e+02  -9.4623222e+00
   1.4200000e+02   3.3100000e+02  -1.2025644e+02
   1.4800000e+02   2.7100000e+02  -9.9462322e+01
   1.5200000e+02   2.8000000e+02   6.7380135e+01
   1.5800000e+02   9.0000000e+01   1.8000000e+02
   1.6000000e+02   1.0600000e+02   1.8000000e+02
   1.6400000e+02   2.0400000e+02   7.5963757e+01
   1.6700000e+02   2.3900000e+02  -1.1261986e+02
   1.7100000e+02   2.4800000e+02   7.1565051e+01
   1.7700000e+02   1.1200000e+02  -1.7053768e+02
   1.8000000e+02   1.2400000e+02  -1.5738014e+02
   1.8000000e+02   2.4600000e+02   6.7380135e+01
   1.8000000e+02   2.6600000e+02   6.3434949e+01
   1.8500000e+02   1.1500000e+02   5.0710593e+01
   1.8800000e+02   1.3100000e+02   5.3130102e+01
   1.8800000e+02   1.5800000e+02  -1.2980557e+02
   1.8800000e+02   2.3600000e+02  -1.1861046e+02
   1.8800000e+02   2.4400000e+02   5.7528808e+01
   1.9700000e+02   2.3400000e+02  -1.2247119e+02
   1.9800000e+02   3.4400000e+02  -1.3772631e+02
   2.0000000e+02   2.4300000e+02   6.3434949e+01
   2.0800000e+02   2.4100000e+02  -1.1261986e+02
   2.1200000e+02   2.5000000e+02   6.3434949e+01
   2.1500000e+02   3.5900000e+02  -1.5738014e+02
   2.2200000e+02   2.8700000e+02  -1.2025644e+02
   2.2700000e+02   2.4400000e+02  -1.1261986e+02
   2.2700000e+02   2.9500000e+02   4.5000000e+01
   2.2800000e+02   2.1100000e+02   6.3434949e+01
   2.3100000e+02   2.5200000e+02   5.9743563e+01
   2.3300000e+02   3.4300000e+02  -1.4630993e+02
   2.4700000e+02   1.1000000e+02  -1.2025644e+02
   2.4700000e+02   2.9400000e+02   4.2510447e+01
   2.5000000e+02   1.1900000e+02   5.3972627e+01
   2.5700000e+02   2.8900000e+02  -1.3500000e+02
   2.5900000e+02   3.3100000e+02  -1.4974356e+02
   2.6100000e+02   2.9700000e+02   3.0256437e+01
   2.6900000e+02   2.9100000e+02  -1.3500000e+02
   3.0300000e+02   3.4700000e+02  -1.5738014e+02
   1.2000000e+02   1.3600000e+02   1.2600000e+02
   1.5700000e+02   9.8000000e+01   1.7500000e+02
   1.6300000e+02   1.9000000e+02   5.6000000e+01
   1.9300000e+02   1.2300000e+02  -1.3500000e+02
   2.3500000e+02   1.3000000e+02   5.6000000e+01
   2.5300000e+02   1.3900000e+02  -1.2100000e+02
   2.8100000e+02   2.9600000e+02  -1.2700000e+02
