   1.1900000e+02   2.2500000e+02   9.4763642e+01
   1.2000000e+02   2.1400000e+02  -7.1565051e+01
   1.2700000e+02   1.8800000e+02   1.0403624e+02
   1.3300000e+02   1.6600000e+02   1.0403624e+02
   1.3400000e+02   3.0200000e+02  -1.1261986e+02
   1.3800000e+02   1.5500000e+02  -6.7380135e+01
   1.4700000e+02   2.5800000e+02  -9.0000000e+01
   1.4800000e+02   2.6700000e+02   8.0537678e+01
   1.5100000e+02   2.0200000e+02   8.0537678e+01
   1.5400000e+02   1.9200000e+02  -8.5236358e+01
   1.6100000e+02   1.3200000e+02   1.2865981e+02
   1.6200000e+02   2.0600000e+02   9.0000000e+01
   1.6400000e+02   1.9500000e+02  -1.1180141e+02
   1.6800000e+02   1.6000000e+02   1.0843495e+02
   1.7900000e+02   2.1000000e+02   7.5963757e+01
   1.8100000e+02   2.7000000e+02   7.1565051e+01
   1.8200000e+02   2.6100000e+02  -9.4763642e+01
   1.8300000e+02   2.0100000e+02  -9.0000000e+01
   1.8900000e+02   2.2100000e+02   9.0000000e+01
   1.9100000e+02   2.1200000e+02  -9.0000000e+01
   1.9400000e+02   3.1800000e+02  -1.2602737e+02
   1.9900000e+02   2.7000000e+02  -9.9462322e+01
   2.0400000e+02   2.3100000e+02   9.0000000e+01
   2.0800000e+02   2.7600000e+02  -9.9462322e+01
   2.1000000e+02   2.8600000e+02   6.3434949e+01
   2.1800000e+02   2.8600000e+02  -1.0403624e+02
   2.2000000e+02   1.9200000e+02   9.0000000e+01
   2.3200000e+02   3.1300000e+02   4.7726311e+01
   2.3400000e+02   3.0500000e+02  -1.2928941e+02
   2.3600000e+02   9.7000000e+01   7.3300756e+01
   2.3900000e+02   1.9100000e+02  -9.4763642e+01
   2.4200000e+02   6.9000000e+01  -1.3772631e+02
   2.4500000e+02   8.1000000e+01   6.5556045e+01
   2.6900000e+02   1.4000000e+02   9.0000000e+01
   2.7200000e+02   3.3800000e+02  -1.2247119e+02
   2.7700000e+02   6.3000000e+01   6.5556045e+01
   2.7700000e+02   2.6700000e+02   6.3434949e+01
   2.7800000e+02   2.5800000e+02  -9.9462322e+01
   2.7800000e+02   2.9100000e+02  -1.1261986e+02
   2.9100000e+02   1.0200000e+02   9.0000000e+01
   2.9200000e+02   9.4000000e+01  -1.0030485e+02
   3.1000000e+02   8.1000000e+01  -1.0403624e+02
   3.1000000e+02   9.2000000e+01   9.4763642e+01
   3.1700000e+02   7.4000000e+01   8.0537678e+01
   3.1700000e+02   1.1800000e+02   8.0537678e+01
   3.1800000e+02   1.3800000e+02  -9.0000000e+01
   3.1800000e+02   1.4700000e+02   8.0537678e+01
   3.2600000e+02   8.1000000e+01   7.5963757e+01
   1.7200000e+02   1.4700000e+02   7.5000000e+01
   2.3000000e+02   7.3000000e+01   5.6000000e+01
   2.4300000e+02   3.5800000e+02  -1.5400000e+02
   2.4800000e+02   3.4600000e+02   3.2000000e+01
   3.0800000e+02   1.4800000e+02   9.0000000e+01
