   1.3700000e+02   1.8700000e+02  -1.0403624e+02
   1.3700000e+02   1.9500000e+02   9.0000000e+01
   1.4100000e+02   2.1700000e+02   8.0537678e+01
   1.4400000e+02   3.2700000e+02  -1.5343495e+02
   1.4600000e+02   2.0300000e+02  -9.4763642e+01
   1.4600000e+02   3.3500000e+02   1.8434949e+01
   1.4700000e+02   2.7900000e+02  -1.0843495e+02
   1.5000000e+02   2.1100000e+02   9.0000000e+01
   1.5800000e+02   2.1200000e+02   8.0537678e+01
   1.6000000e+02   3.5900000e+02  -1.7523636e+02
   1.6200000e+02   3.4200000e+02  -1.5738014e+02
   1.6700000e+02   2.0800000e+02   8.5236358e+01
   1.7500000e+02   1.1300000e+02   1.1261986e+02
   1.8100000e+02   1.0600000e+02  -1.9983107e+01
   1.8200000e+02   1.7800000e+02   7.5963757e+01
   1.9200000e+02   2.9000000e+02  -1.2025644e+02
   1.9800000e+02   3.2700000e+02  -1.3227369e+02
   2.0600000e+02   1.1500000e+02  -1.5819859e+02
   2.0800000e+02   1.5900000e+02   8.0537678e+01
   2.1200000e+02   1.9500000e+02  -1.1656505e+02
   2.1300000e+02   2.0300000e+02   5.9036243e+01
   2.2100000e+02   1.9500000e+02  -1.1261986e+02
   2.2400000e+02   2.0400000e+02   6.7380135e+01
   2.3000000e+02   3.2100000e+02  -1.4630993e+02
   2.4000000e+02   7.6000000e+01   4.7489553e+01
   2.4300000e+02   1.9100000e+02  -1.2602737e+02
   2.4500000e+02   1.9900000e+02   6.3434949e+01
   2.4900000e+02   3.0400000e+02  -1.4134019e+02
   2.6000000e+02   3.1000000e+01  -1.1656505e+02
   2.7500000e+02   1.6500000e+02   6.1389540e+01
   2.8500000e+02   2.5100000e+02   3.6869898e+01
   2.9600000e+02   1.5700000e+02  -9.0000000e+01
   3.0700000e+02   9.4000000e+01   4.8366461e+01
   3.0900000e+02   2.8600000e+02  -1.4752881e+02
   3.4100000e+02   3.4700000e+02   1.8000000e+02
   1.6100000e+02   1.8000000e+02  -1.0500000e+02
   1.6400000e+02   1.1500000e+02  -9.0000000e+01
   2.3000000e+02   1.2100000e+02   4.7000000e+01
   2.3000000e+02   2.7500000e+02  -1.2700000e+02
   2.4400000e+02   3.5700000e+02   0.0000000e+00
   2.4600000e+02   3.1000000e+01   2.6000000e+01
   2.4900000e+02   4.1000000e+01  -1.5000000e+02
   2.5000000e+02   3.3100000e+02  -1.7100000e+02
   2.8400000e+02   9.1000000e+01   6.3000000e+01
   2.9600000e+02   1.4800000e+02   9.0000000e+01
   3.0700000e+02   3.2000000e+02   1.4000000e+01
   3.3600000e+02   1.9300000e+02  -1.2400000e+02
