   8.5000000e+01   1.7700000e+02   8.0537678e+01
   9.5000000e+01   2.8500000e+02   7.5963757e+01
   9.6000000e+01   1.5900000e+02  -9.0000000e+01
   1.1500000e+02   2.3800000e+02   7.5963757e+01
   1.2600000e+02   2.9900000e+02  -1.1861046e+02
   1.2800000e+02   2.6100000e+02   7.5963757e+01
   1.3900000e+02   3.6000000e+02  -1.5138954e+02
   1.5400000e+02   5.1000000e+01   1.6156505e+02
   1.7200000e+02   3.1100000e+02  -1.2369007e+02
   1.8500000e+02   5.4000000e+01  -1.7053768e+02
   2.0300000e+02   2.3100000e+02   5.9036243e+01
   2.2200000e+02   2.2500000e+02   5.3972627e+01
   2.4700000e+02   1.8700000e+02   5.9743563e+01
   2.6700000e+02   3.2000000e+02  -1.5738014e+02
   2.9200000e+02   3.0600000e+02  -1.5738014e+02
   2.9700000e+02   2.6300000e+02  -1.4630993e+02
   2.9700000e+02   3.5800000e+02   1.6156505e+02
   3.2500000e+02   3.6000000e+02   1.6596376e+02
   3.3600000e+02   3.0900000e+02  -1.6596376e+02
   8.0000000e+01   2.1600000e+02   1.3500000e+02
   1.4200000e+02   1.9700000e+02  -1.0000000e+02
   1.5600000e+02   3.0000000e+02  -1.2400000e+02
   1.6700000e+02   7.7000000e+01   1.7500000e+02
   1.6800000e+02   1.8000000e+01   1.7500000e+02
   1.7000000e+02   2.3900000e+02  -1.1300000e+02
   1.7000000e+02   3.5800000e+02   4.5000000e+01
   1.7800000e+02   2.3900000e+02  -1.1300000e+02
   1.8200000e+02   3.4400000e+02   2.2000000e+01
   2.0700000e+02   1.3700000e+02  -1.3000000e+02
   2.1500000e+02   2.1000000e+02  -1.2400000e+02
   2.4500000e+02   3.0900000e+02   3.0000000e+01
   2.8400000e+02   1.9200000e+02  -1.3000000e+02
   2.9600000e+02   2.4000000e+02  -1.3000000e+02
   3.0400000e+02   1.9900000e+02  -1.3500000e+02
   3.1200000e+02   3.5300000e+02  -1.7100000e+02
