   1.2800000e+02   2.5000000e+02  -7.1565051e+01
   1.3300000e+02   2.6800000e+02   9.6340192e+01
   1.3600000e+02   2.5700000e+02  -7.5963757e+01
   1.4300000e+02   2.2500000e+02   9.0000000e+01
   1.5600000e+02   3.5000000e+02  -1.0403624e+02
   1.5900000e+02   3.2500000e+02   7.5963757e+01
   1.5900000e+02   3.5900000e+02   7.1565051e+01
   1.6400000e+02   3.5000000e+02  -9.9462322e+01
   1.6700000e+02   3.5800000e+02   7.1565051e+01
   1.7000000e+02   1.5000000e+02   1.7053768e+02
   1.7500000e+02   3.4900000e+02  -1.0403624e+02
   1.7800000e+02   3.5800000e+02   7.1565051e+01
   1.8500000e+02   3.2000000e+02  -1.0843495e+02
   1.8800000e+02   3.3000000e+02   6.1389540e+01
   1.9700000e+02   3.4700000e+02   7.1565051e+01
   1.9900000e+02   3.3000000e+02   7.1565051e+01
   2.0500000e+02   3.1800000e+02  -1.1261986e+02
   2.0600000e+02   2.3200000e+02  -1.4397263e+02
   2.0600000e+02   3.2600000e+02   5.7528808e+01
   2.0700000e+02   3.5300000e+02  -1.0998311e+02
   2.1100000e+02   3.6000000e+02   5.9743563e+01
   2.1500000e+02   3.1700000e+02  -1.1261986e+02
   2.1800000e+02   3.2700000e+02   6.3434949e+01
   2.2700000e+02   3.2200000e+02  -1.1656505e+02
   2.2900000e+02   3.3300000e+02   6.3434949e+01
   2.3900000e+02   3.3200000e+02   6.7380135e+01
   2.4000000e+02   1.2600000e+02   4.5000000e+01
   2.4600000e+02   2.9200000e+02   6.7380135e+01
   2.4800000e+02   3.3300000e+02   6.7380135e+01
   2.5200000e+02   3.2500000e+02  -1.1261986e+02
   2.6100000e+02   2.2700000e+02  -1.0403624e+02
   2.6600000e+02   1.8900000e+02  -1.1656505e+02
   2.6600000e+02   2.3500000e+02   6.3434949e+01
   2.6600000e+02   3.3200000e+02   7.1565051e+01
   2.7300000e+02   1.8200000e+02  -1.1656505e+02
   3.0200000e+02   3.2500000e+02   4.5000000e+01
   3.0300000e+02   3.1600000e+02  -1.3500000e+02
   3.0500000e+02   2.2200000e+02   5.5007980e+01
   3.1200000e+02   2.3200000e+02  -1.2499202e+02
   1.4200000e+02   2.3600000e+02   1.0400000e+02
   1.8100000e+02   1.7500000e+02   1.8000000e+02
   2.4600000e+02   2.6300000e+02  -1.1900000e+02
