   1.1900000e+02   1.9100000e+02   1.0252881e+02
   1.2300000e+02   1.8100000e+02  -6.0945396e+01
   1.3600000e+02   2.6300000e+02   7.1565051e+01
   1.4100000e+02   2.8700000e+02  -9.4763642e+01
   1.4500000e+02   2.6500000e+02   7.1565051e+01
   1.4600000e+02   2.9400000e+02   7.1565051e+01
   1.5100000e+02   2.8000000e+02  -1.0843495e+02
   1.5200000e+02   2.5200000e+02  -1.1261986e+02
   1.5400000e+02   2.9400000e+02   6.3434949e+01
   1.5700000e+02   2.4400000e+02   7.1565051e+01
   1.6100000e+02   2.5600000e+02  -1.0843495e+02
   1.6500000e+02   2.6500000e+02   6.1389540e+01
   1.7300000e+02   2.6400000e+02   6.1389540e+01
   1.8000000e+02   8.7000000e+01   2.6565051e+01
   1.8200000e+02   2.5200000e+02  -1.1861046e+02
   1.8500000e+02   2.6300000e+02   6.3434949e+01
   1.9000000e+02   2.5000000e+02  -1.2025644e+02
   1.9400000e+02   2.6000000e+02   5.9743563e+01
   2.0100000e+02   2.5200000e+02  -1.1656505e+02
   2.0700000e+02   2.6700000e+02   6.3434949e+01
   2.0900000e+02   8.5000000e+01   4.1987212e+01
   2.2100000e+02   3.1200000e+02   4.7726311e+01
   2.2500000e+02   2.6700000e+02   6.3434949e+01
   2.3400000e+02   1.7600000e+02   6.1389540e+01
   2.3900000e+02   1.6900000e+02   5.6309932e+01
   2.4400000e+02   3.1300000e+02   3.9289407e+01
   2.4700000e+02   2.5600000e+02   6.3434949e+01
   2.5200000e+02   3.3100000e+02  -1.3748955e+02
   2.5400000e+02   3.1300000e+02   3.5537678e+01
   2.5400000e+02   3.4800000e+02  -1.5343495e+02
   2.5500000e+02   1.7800000e+02  -1.2499202e+02
   2.6200000e+02   3.0700000e+02  -1.3500000e+02
   2.6300000e+02   2.0700000e+02  -1.3163354e+02
   2.6700000e+02   2.9100000e+02  -1.1656505e+02
   1.7500000e+02   1.4500000e+02  -1.3500000e+02
   2.4100000e+02   3.4000000e+02   3.2000000e+01
   2.5700000e+02   2.5800000e+02   5.3000000e+01
