   1.4900000e+02   3.0900000e+02  -5.0710593e+01
   1.6600000e+02   1.2400000e+02   1.3227369e+02
   1.6900000e+02   2.0600000e+02  -5.3130102e+01
   1.7200000e+02   1.1800000e+02  -4.2273689e+01
   1.8600000e+02   3.3300000e+02  -4.5000000e+01
   2.0900000e+02   2.2400000e+02   1.1656505e+02
   2.1000000e+02   1.5500000e+02  -4.7726311e+01
   2.1300000e+02   1.7600000e+02   1.2686990e+02
   2.3100000e+02   1.5700000e+02  -4.7489553e+01
   2.4000000e+02   1.5800000e+02   1.4019443e+02
   2.4500000e+02   1.4200000e+02   1.3500000e+02
   2.4600000e+02   1.5200000e+02  -3.6869898e+01
   2.5000000e+02   2.1700000e+02  -6.7380135e+01
   2.5600000e+02   1.9200000e+02   1.3198721e+02
   2.7900000e+02   2.8500000e+02   7.5963757e+01
   2.8400000e+02   3.3800000e+02  -1.2025644e+02
   2.9300000e+02   2.7500000e+02  -8.5236358e+01
   3.0900000e+02   3.3300000e+02   2.2619865e+01
   3.1300000e+02   2.3400000e+02   8.0537678e+01
   2.0100000e+02   3.5800000e+02   1.8000000e+02
   2.8400000e+02   2.3300000e+02   1.1600000e+02
   3.0600000e+02   2.6700000e+02  -9.5000000e+01
   3.1000000e+02   2.7600000e+02   7.1000000e+01
