   1.1400000e+02   1.4900000e+02   1.1261986e+02
   1.2000000e+02   1.0100000e+02   1.3227369e+02
   1.4000000e+02   8.2000000e+01  -4.2510447e+01
   1.4400000e+02   1.5200000e+02   1.1261986e+02
   1.5500000e+02   4.1000000e+01   1.5738014e+02
   1.6000000e+02   7.0000000e+01   1.5738014e+02
   1.6000000e+02   1.1800000e+02   1.2980557e+02
   1.6300000e+02   2.4800000e+02   0.0000000e+00
   1.6500000e+02   6.3000000e+01  -3.0256437e+01
   1.6700000e+02   5.3000000e+01   1.5343495e+02
   1.7000000e+02   3.3000000e+01  -9.4623222e+00
   1.7600000e+02   1.9600000e+02   8.0537678e+01
   1.8000000e+02   3.1800000e+02  -1.4752881e+02
   1.8400000e+02   1.9900000e+02  -9.9462322e+01
   1.8400000e+02   2.4200000e+02   6.3434949e+01
   1.8400000e+02   3.0900000e+02  -1.4630993e+02
   1.8600000e+02   1.5800000e+02   1.0403624e+02
   1.8700000e+02   2.1000000e+02   6.7380135e+01
   1.8700000e+02   2.8500000e+02  -1.4313010e+02
   1.9200000e+02   3.3300000e+02  -1.4752881e+02
   1.9400000e+02   1.0900000e+02   1.4630993e+02
   2.0100000e+02   3.3500000e+02   7.1250163e+00
   2.0800000e+02   1.3500000e+02   1.4630993e+02
   2.0800000e+02   2.8600000e+02  -1.5343495e+02
   2.0900000e+02   3.2400000e+02   3.2005383e+01
   2.2000000e+02   1.6200000e+02   8.0537678e+01
   2.2700000e+02   8.0000000e+01   1.8000000e+02
   2.2900000e+02   2.7000000e+02   2.2619865e+01
   2.3200000e+02   8.8000000e+01   2.2619865e+01
   2.3500000e+02   8.0000000e+01   1.8434949e+01
   2.5400000e+02   1.4000000e+02  -1.2980557e+02
   2.5800000e+02   2.9800000e+02  -1.6596376e+02
   2.6000000e+02   1.0500000e+02  -1.4019443e+02
   2.6500000e+02   1.6100000e+02   6.7380135e+01
   2.0000000e+02   1.1700000e+02   1.5100000e+02
   2.1000000e+02   2.7700000e+02  -1.3200000e+02
   2.1500000e+02   1.9100000e+02   7.9000000e+01
