   1.3700000e+02   1.3700000e+02  -4.7726311e+01
   1.4300000e+02   2.8400000e+02  -9.4623222e+00
   1.5600000e+02   1.4300000e+02   1.3772631e+02
   1.6100000e+02   1.3600000e+02  -4.5000000e+01
   1.6900000e+02   3.3200000e+02  -1.5138954e+02
   1.8500000e+02   1.0800000e+02   1.3500000e+02
   1.9300000e+02   3.2000000e+01  -2.6565051e+01
   1.9800000e+02   3.2900000e+02  -1.5738014e+02
   1.9900000e+02   2.7500000e+02  -1.0843495e+02
   2.0400000e+02   9.1000000e+01  -3.6869898e+01
   2.0900000e+02   2.1800000e+02  -9.0000000e+01
   2.0900000e+02   2.2600000e+02   8.5236358e+01
   2.2600000e+02   1.2600000e+02   1.3772631e+02
   2.3100000e+02   4.7000000e+01  -1.4036243e+01
   2.3100000e+02   6.4000000e+01   1.5738014e+02
   2.3200000e+02   2.4800000e+02  -1.0843495e+02
   2.3500000e+02   2.0200000e+02   9.0000000e+01
   2.4700000e+02   1.6900000e+02   1.0403624e+02
   2.5800000e+02   2.2700000e+02  -1.0843495e+02
   2.6000000e+02   1.1800000e+02   1.4630993e+02
   2.6200000e+02   1.0100000e+02   1.6156505e+02
   2.6200000e+02   2.3400000e+02   6.7380135e+01
   2.7400000e+02   1.0100000e+02   9.4623222e+00
   2.7500000e+02   2.1300000e+02  -1.0030485e+02
   2.7600000e+02   2.6400000e+02   1.9983107e+01
   2.7700000e+02   2.7400000e+02  -1.3198721e+02
   2.8200000e+02   1.7100000e+02   8.0537678e+01
   2.8400000e+02   2.6000000e+02  -1.4313010e+02
   2.8400000e+02   2.7900000e+02   2.6565051e+01
   2.7500000e+02   2.0100000e+02   6.3000000e+01
