   6.1000000e+01   1.3900000e+02  -5.9743563e+01
   7.6000000e+01   2.0000000e+02  -7.1565051e+01
   1.0100000e+02   5.4000000e+01   1.2865981e+02
   1.2400000e+02   2.5700000e+02   9.0000000e+01
   1.3700000e+02   1.0900000e+02   1.3198721e+02
   1.4800000e+02   1.9300000e+02   9.9462322e+01
   1.5600000e+02   1.5900000e+02   1.2025644e+02
   1.7000000e+02   2.1400000e+02   8.4805571e+01
   1.8100000e+02   1.9600000e+02   9.4763642e+01
   1.8200000e+02   1.8800000e+02  -7.5963757e+01
   1.8900000e+02   1.9400000e+02   9.0000000e+01
   1.9700000e+02   2.3500000e+02  -1.1974488e+02
   2.0000000e+02   6.6000000e+01   1.8000000e+02
   2.0300000e+02   1.5000000e+02   1.7053768e+02
   2.0300000e+02   2.4300000e+02   6.5556045e+01
   2.0600000e+02   3.3400000e+02   1.1309932e+01
   2.1900000e+02   1.1800000e+02   1.4036243e+01
   2.2200000e+02   2.2200000e+02   5.1340192e+01
   2.4100000e+02   1.2400000e+02  -1.6596376e+02
   2.4700000e+02   1.4700000e+02  -1.5343495e+02
   2.4900000e+02   1.7400000e+02  -1.3801279e+02
   2.5800000e+02   2.3600000e+02  -1.4500798e+02
   9.6000000e+01   1.5300000e+02   1.2000000e+02
   1.3400000e+02   1.4700000e+02   1.2000000e+02
   1.9500000e+02   1.5000000e+02   1.4300000e+02
   2.4800000e+02   1.6000000e+02  -1.4400000e+02
