   1.0500000e+02   1.6300000e+02  -6.3434949e+01
   1.3300000e+02   2.2300000e+02  -1.5738014e+02
   1.4200000e+02   2.2800000e+02   1.8434949e+01
   1.5600000e+02   4.0000000e+01   1.3198721e+02
   1.6600000e+02   2.9000000e+01  -3.8659808e+01
   1.8900000e+02   1.1700000e+02   8.5236358e+01
   2.0000000e+02   1.3200000e+02   7.5963757e+01
   2.1000000e+02   2.4500000e+02   1.6596376e+02
   2.1400000e+02   2.2900000e+02  -1.5343495e+02
   2.1500000e+02   1.2300000e+02  -8.5236358e+01
   2.1700000e+02   2.1100000e+02  -1.4630993e+02
   2.2500000e+02   1.1700000e+02   7.5963757e+01
   2.5300000e+02   1.6700000e+02   0.0000000e+00
   2.6300000e+02   1.8600000e+02   3.2005383e+01
   2.6500000e+02   1.7700000e+02   3.7874984e+01
   2.6900000e+02   9.5000000e+01  -4.5000000e+01
   2.7000000e+02   6.8000000e+01  -1.2928941e+02
   2.7100000e+02   1.5000000e+02  -9.0000000e+01
   2.8200000e+02   1.5600000e+02  -9.9462322e+01
