   8.8000000e+01   2.2700000e+02   1.4071059e+02
   1.0700000e+02   1.9800000e+02  -3.3690068e+01
   1.1700000e+02   6.9000000e+01   1.5343495e+02
   1.2100000e+02   2.6200000e+02   1.2980557e+02
   1.2400000e+02   3.2500000e+02   9.9462322e+01
   1.4500000e+02   2.2300000e+02   1.3251045e+02
   1.6100000e+02   4.6000000e+01  -3.2471192e+01
   1.6300000e+02   1.8000000e+02   1.4630993e+02
   1.6500000e+02   2.7400000e+02   1.1261986e+02
   1.7300000e+02   3.1000000e+02   9.0000000e+01
   1.8000000e+02   2.2700000e+02   1.3227369e+02
   1.8300000e+02   1.6900000e+02  -3.0256437e+01
   1.9500000e+02   2.6400000e+02   1.0403624e+02
   2.0000000e+02   2.0400000e+02   1.4313010e+02
   2.1600000e+02   1.4300000e+02   1.5738014e+02
   2.2100000e+02   2.4200000e+02   1.2025644e+02
   2.3600000e+02   2.0000000e+02   1.5343495e+02
   2.4100000e+02   2.7500000e+02   7.5963757e+01
   2.4300000e+02   3.0100000e+02   5.3130102e+01
   2.4900000e+02   2.4000000e+02   1.0843495e+02
   2.5000000e+02   2.6200000e+02  -4.5000000e+01
   2.5100000e+02   2.0800000e+02  -1.7523636e+02
   2.6300000e+02   2.6100000e+02   9.0000000e+01
   2.6700000e+02   5.4000000e+01   0.0000000e+00
   2.7200000e+02   2.9500000e+02  -9.9462322e+01
   2.7500000e+02   1.7700000e+02   2.2619865e+01
   2.7600000e+02   3.1700000e+02  -1.1261986e+02
   2.7800000e+02   3.0400000e+02  -9.0000000e+01
   2.8900000e+02   2.7800000e+02   9.4763642e+01
   3.0500000e+02   1.3600000e+02   3.0256437e+01
   3.1100000e+02   1.4800000e+02  -1.4071059e+02
   1.1000000e+02   8.6000000e+01   1.5100000e+02
   1.1300000e+02   2.4200000e+02   1.3500000e+02
   2.2300000e+02   3.2100000e+02  -1.2100000e+02
   2.4200000e+02   2.0600000e+02   1.5700000e+02
   2.4900000e+02   2.9000000e+02   6.3000000e+01
   2.6200000e+02   2.1400000e+02   1.7500000e+02
   2.8400000e+02   3.1000000e+01   1.7000000e+02
