   9.6000000e+01   2.4200000e+02   1.3772631e+02
   1.0600000e+02   3.3700000e+02  -3.0256437e+01
   1.1000000e+02   8.2000000e+01   1.4313010e+02
   1.1300000e+02   2.1000000e+02  -4.2510447e+01
   1.3000000e+02   2.7700000e+02   1.2369007e+02
   1.5000000e+02   5.4000000e+01  -3.3690068e+01
   1.5000000e+02   2.3300000e+02   1.2369007e+02
   1.6200000e+02   3.3100000e+02  -9.9462322e+01
   1.6400000e+02   1.8700000e+02   1.4019443e+02
   1.7200000e+02   2.8800000e+02   1.0403624e+02
   1.8300000e+02   3.3400000e+02   9.0000000e+01
   1.8400000e+02   1.7300000e+02  -3.3690068e+01
   1.8400000e+02   2.3600000e+02   1.2686990e+02
   2.0000000e+02   2.7500000e+02   9.9462322e+01
   2.0300000e+02   2.1000000e+02   1.4071059e+02
   2.1400000e+02   1.4600000e+02   1.5738014e+02
   2.2300000e+02   2.5200000e+02   1.1261986e+02
   2.3900000e+02   2.0400000e+02   1.5343495e+02
   2.4200000e+02   3.4800000e+02   3.2471192e+01
   2.4300000e+02   2.8600000e+02   7.1565051e+01
   2.4300000e+02   3.5900000e+02  -1.2602737e+02
   2.4600000e+02   3.1200000e+02   5.3130102e+01
   2.5000000e+02   2.4900000e+02   1.0403624e+02
   2.5000000e+02   3.4500000e+02  -1.3500000e+02
   2.5100000e+02   2.3000000e+02   1.5343495e+02
   2.5200000e+02   2.7100000e+02   0.0000000e+00
   2.5300000e+02   2.1400000e+02  -1.7523636e+02
   2.5900000e+02   3.5100000e+02   0.0000000e+00
   2.6000000e+02   3.4200000e+02  -1.3500000e+02
   2.6100000e+02   5.5000000e+01  -4.7636417e+00
   2.7400000e+02   3.0400000e+02  -9.9462322e+01
   2.7500000e+02   1.8200000e+02   2.6565051e+01
   2.8000000e+02   3.2500000e+02  -1.2369007e+02
   2.8100000e+02   3.1100000e+02  -9.0000000e+01
   2.9100000e+02   2.8500000e+02   9.0000000e+01
   3.0400000e+02   1.3700000e+02   3.0256437e+01
   3.1100000e+02   1.4800000e+02  -1.4974356e+02
   3.1300000e+02   2.8100000e+02   8.5236358e+01
   2.4400000e+02   2.1100000e+02   1.5300000e+02
   2.5100000e+02   3.0100000e+02  -1.2100000e+02
