   6.4000000e+01   1.9700000e+02  -5.3972627e+01
   8.1000000e+01   1.9000000e+02   1.1656505e+02
   9.2000000e+01   2.6500000e+02   1.8434949e+01
   9.4000000e+01   2.1000000e+02   1.2025644e+02
   1.0400000e+02   5.3000000e+01  -3.9805571e+01
   1.1700000e+02   2.5300000e+02  -1.4019443e+02
   1.1900000e+02   5.4000000e+01  -4.1185925e+01
   1.2100000e+02   1.2600000e+02  -5.9743563e+01
   1.2700000e+02   4.7000000e+01   1.3881407e+02
   1.2900000e+02   2.5300000e+02  -1.3500000e+02
   1.4300000e+02   4.6000000e+01   1.4071059e+02
   1.5200000e+02   4.8000000e+01   1.4313010e+02
   1.5200000e+02   1.9400000e+02   7.5963757e+01
   1.5500000e+02   1.3100000e+02   1.1261986e+02
   1.5700000e+02   1.5100000e+02  -6.5556045e+01
   1.6200000e+02   1.9300000e+02   8.5236358e+01
   1.8000000e+02   1.8700000e+02   6.7380135e+01
   1.8400000e+02   1.0400000e+02  -4.1185925e+01
   1.8800000e+02   1.4200000e+02   1.0130993e+02
   1.9600000e+02   1.5600000e+02   9.4763642e+01
   2.0700000e+02   7.9000000e+01   9.4623222e+00
   2.0700000e+02   1.5100000e+02  -9.4763642e+01
   2.0700000e+02   1.6100000e+02   6.7380135e+01
   2.0800000e+02   1.1200000e+02   1.5343495e+02
   2.0800000e+02   1.3700000e+02   9.4763642e+01
   2.1000000e+02   9.6000000e+01  -1.7053768e+02
   2.1100000e+02   1.2000000e+02   1.4313010e+02
