   9.5000000e+01   3.1400000e+02   0.0000000e+00
   9.7000000e+01   2.7200000e+02  -3.9289407e+01
   1.0000000e+02   2.1500000e+02  -5.3972627e+01
   1.0100000e+02   2.8000000e+02  -2.9744881e+01
   1.0700000e+02   1.4800000e+02   1.2686990e+02
   1.0800000e+02   2.2700000e+02   1.3500000e+02
   1.1200000e+02   2.1700000e+02  -5.9743563e+01
   1.2000000e+02   2.2400000e+02   1.2686990e+02
   1.2300000e+02   2.1500000e+02  -5.7528808e+01
   1.3300000e+02   2.8500000e+02  -3.6869898e+01
   1.4300000e+02   3.3400000e+02   0.0000000e+00
   1.4400000e+02   3.0000000e+01  -4.1185925e+01
   1.4400000e+02   2.2100000e+02   1.2369007e+02
   1.4500000e+02   2.9500000e+02  -2.2619865e+01
   1.4600000e+02   2.1300000e+02  -6.1389540e+01
   1.6000000e+02   1.1700000e+02  -5.3130102e+01
   1.6300000e+02   3.0500000e+02  -1.4036243e+01
   1.6400000e+02   2.2000000e+01  -3.0256437e+01
   1.6400000e+02   2.7000000e+02  -5.0194429e+01
   1.7300000e+02   3.6000000e+02   1.6156505e+02
   1.7500000e+02   1.4100000e+02   1.2247119e+02
   1.7800000e+02   1.3200000e+02  -5.3130102e+01
   1.7900000e+02   2.8500000e+02  -2.6565051e+01
   1.8400000e+02   9.7000000e+01   1.2686990e+02
   2.0400000e+02   1.2200000e+02  -8.4805571e+01
   2.0600000e+02   4.6000000e+01   1.4974356e+02
   2.0800000e+02   2.2200000e+02  -5.9743563e+01
   2.1200000e+02   2.8300000e+02  -3.0256437e+01
   2.1300000e+02   6.2000000e+01   1.4974356e+02
   2.1400000e+02   2.1000000e+01   1.5343495e+02
   2.1500000e+02   4.1000000e+01  -1.4036243e+01
   2.2000000e+02   5.8000000e+01  -2.1801409e+01
   2.2400000e+02   3.0600000e+02  -2.2619865e+01
   2.3000000e+02   5.4000000e+01   1.5819859e+02
   2.6000000e+02   1.4700000e+02   1.0403624e+02
   2.6300000e+02   9.6000000e+01   1.7053768e+02
   2.6600000e+02   1.6000000e+02   1.0843495e+02
   2.6700000e+02   3.2900000e+02  -2.6565051e+01
   2.7100000e+02   3.4300000e+02  -9.4623222e+00
   2.7400000e+02   1.2000000e+02  -1.7523636e+02
   2.7800000e+02   1.2700000e+02   5.9743563e+01
   2.7900000e+02   8.3000000e+01   1.4036243e+01
   2.7900000e+02   1.8100000e+02   9.0000000e+01
   2.8100000e+02   1.7300000e+02  -9.0000000e+01
   2.8500000e+02   1.2100000e+02  -1.6699244e+01
   2.8700000e+02   8.5000000e+01  -1.6596376e+02
   2.8800000e+02   1.2900000e+02   5.9036243e+01
   2.8900000e+02   1.7600000e+02  -8.5236358e+01
   2.9000000e+02   1.8500000e+02   9.9462322e+01
   2.9500000e+02   9.2000000e+01   4.5000000e+01
   2.9700000e+02   6.2000000e+01  -1.6596376e+02
   3.0000000e+02   1.1400000e+02   4.5000000e+01
   3.0000000e+02   1.7600000e+02  -9.4763642e+01
   3.0000000e+02   1.8800000e+02   9.4763642e+01
   3.0800000e+02   2.9200000e+02   1.2686990e+02
   3.0900000e+02   2.6800000e+02   0.0000000e+00
   3.1000000e+02   9.5000000e+01  -1.4313010e+02
   3.1000000e+02   1.7800000e+02  -9.4763642e+01
   3.1000000e+02   1.9200000e+02   9.9462322e+01
   3.1300000e+02   1.1100000e+02  -7.5963757e+01
   1.4800000e+02   7.6000000e+01   1.3200000e+02
   1.7800000e+02   3.1300000e+02   1.7500000e+02
   2.0000000e+02   3.6000000e+02   1.8000000e+02
   2.4200000e+02   2.8500000e+02   1.4300000e+02
   2.4700000e+02   2.4300000e+02  -6.4000000e+01
   3.0300000e+02   1.3100000e+02  -1.2100000e+02
