   7.0000000e+01   2.4000000e+02  -5.6309932e+01
   9.2000000e+01   2.9800000e+02  -4.2273689e+01
   9.2000000e+01   3.2400000e+02  -2.6565051e+01
   9.6000000e+01   3.4900000e+02   1.7053768e+02
   1.0100000e+02   1.6800000e+02   1.2980557e+02
   1.0200000e+02   2.4400000e+02   1.3500000e+02
   1.0500000e+02   1.2600000e+02   1.3227369e+02
   1.0500000e+02   2.3600000e+02  -5.9743563e+01
   1.2500000e+02   3.0100000e+02  -3.3690068e+01
   1.3300000e+02   3.4900000e+02   0.0000000e+00
   1.3800000e+02   5.3000000e+01  -4.5000000e+01
   1.3800000e+02   3.1000000e+02  -1.8434949e+01
   1.5400000e+02   3.2100000e+02  -1.4036243e+01
   1.5700000e+02   2.8600000e+02  -4.7726311e+01
   1.7200000e+02   3.0100000e+02  -2.2619865e+01
   1.7900000e+02   1.1700000e+02   1.2980557e+02
   2.0200000e+02   2.4100000e+02  -5.9743563e+01
   2.0400000e+02   3.0300000e+02  -3.0256437e+01
   2.0500000e+02   2.6000000e+01   1.4974356e+02
   2.1600000e+02   3.2500000e+02  -1.8434949e+01
   2.3700000e+02   3.4000000e+01   1.7053768e+02
   2.5500000e+02   1.7100000e+02   1.0843495e+02
   2.5900000e+02   1.1900000e+02   1.7523636e+02
   2.6100000e+02   1.8200000e+02   1.0403624e+02
   2.6200000e+02   3.4900000e+02  -2.6565051e+01
   2.7500000e+02   1.0400000e+02   2.1801409e+01
   2.8200000e+02   1.3400000e+02  -1.5343495e+02
   2.8200000e+02   1.4200000e+02  -1.8434949e+01
   2.8700000e+02   1.5100000e+02   7.1565051e+01
   2.9300000e+02   2.7600000e+02   1.1656505e+02
   2.9700000e+02   2.1100000e+02   9.4763642e+01
   2.9800000e+02   1.9900000e+02  -9.4763642e+01
   3.0400000e+02   3.1500000e+02   1.2928941e+02
   3.0700000e+02   2.0400000e+02  -9.0000000e+01
   3.0800000e+02   2.1400000e+02   9.9462322e+01
   3.1800000e+02   2.1500000e+02   9.9462322e+01
   3.1900000e+02   2.0400000e+02  -9.4763642e+01
   8.3000000e+01   2.0800000e+02  -5.7000000e+01
   8.5000000e+01   1.8500000e+02   1.2300000e+02
   1.4300000e+02   9.6000000e+01   1.3200000e+02
   1.5600000e+02   1.4100000e+02   1.2000000e+02
   2.0100000e+02   1.4900000e+02  -4.5000000e+01
   2.3600000e+02   3.0600000e+02   1.4900000e+02
   2.4200000e+02   2.6200000e+02  -5.8000000e+01
   2.9900000e+02   1.5200000e+02  -1.2600000e+02
   3.0400000e+02   2.3500000e+02   1.2600000e+02
