   5.8000000e+01   1.4600000e+02  -6.7380135e+01
   6.3000000e+01   1.1400000e+02  -6.3434949e+01
   7.7000000e+01   1.6400000e+02   1.0403624e+02
   7.9000000e+01   2.8600000e+02  -8.5236358e+01
   8.0000000e+01   2.9600000e+02   9.9462322e+01
   9.7000000e+01   3.4500000e+02  -7.1565051e+01
   9.9000000e+01   2.7300000e+02  -9.4763642e+01
   1.0000000e+02   2.8700000e+02   9.9462322e+01
   1.2000000e+02   3.5500000e+02  -6.7380135e+01
   1.2300000e+02   3.2400000e+02   1.0843495e+02
   1.2500000e+02   3.1600000e+02  -9.4763642e+01
   1.4000000e+02   3.1900000e+02  -8.5236358e+01
   1.4300000e+02   1.1400000e+02   1.5343495e+02
   1.4500000e+02   1.2200000e+02   1.4974356e+02
   1.5400000e+02   1.9500000e+02   9.4763642e+01
   1.5400000e+02   2.6600000e+02  -8.5236358e+01
   1.5800000e+02   1.7800000e+02   1.0403624e+02
   1.6500000e+02   1.7300000e+02   7.4744881e+01
   1.9700000e+02   1.9600000e+02   9.7125016e+01
   2.0200000e+02   1.8700000e+02  -1.0843495e+02
   2.0700000e+02   1.9500000e+02   7.1565051e+01
   2.0900000e+02   3.1000000e+02  -8.0537678e+01
   2.1000000e+02   1.4900000e+02   2.6565051e+01
   2.1000000e+02   1.7400000e+02  -1.2602737e+02
   2.1200000e+02   1.8400000e+02  -1.0403624e+02
   2.1600000e+02   1.9400000e+02   7.1565051e+01
   2.1800000e+02   3.5200000e+02  -3.8659808e+01
   2.2600000e+02   1.9400000e+02   6.3434949e+01
   2.3300000e+02   1.8100000e+02  -1.1656505e+02
   2.3700000e+02   1.9500000e+02   6.7380135e+01
   2.6900000e+02   2.6300000e+02   8.0537678e+01
   2.7100000e+02   2.8600000e+02  -9.0000000e+01
   9.7000000e+01   3.0900000e+02   1.0800000e+02
   1.4400000e+02   3.4700000e+02   1.1600000e+02
   1.7200000e+02   2.4300000e+02   1.0200000e+02
   1.7700000e+02   1.5800000e+02  -1.3900000e+02
   1.7700000e+02   2.9400000e+02   1.0800000e+02
   2.3500000e+02   2.4300000e+02  -1.0500000e+02
