   1.2600000e+02   3.2200000e+02   1.2025644e+02
   1.3200000e+02   2.1500000e+02  -6.7380135e+01
   1.5400000e+02   1.9400000e+02  -4.7726311e+01
   2.0800000e+02   1.4000000e+02   1.4630993e+02
   2.1100000e+02   3.5900000e+02   9.9462322e+01
   2.4700000e+02   1.7800000e+02   1.7523636e+02
   2.5600000e+02   3.2700000e+02   1.2980557e+02
   2.5700000e+02   2.1600000e+02  -9.4623222e+00
   2.6400000e+02   3.2600000e+02   9.9462322e+01
   2.6600000e+02   2.7000000e+02   1.7523636e+02
   2.8300000e+02   1.7400000e+02  -1.6596376e+02
   2.8300000e+02   2.3100000e+02   1.8434949e+01
   2.8900000e+02   2.0500000e+02  -1.7053768e+02
   2.9400000e+02   3.5800000e+02  -8.4805571e+01
   2.9800000e+02   2.0700000e+02   3.0963757e+01
   3.0600000e+02   2.8300000e+02   5.6309932e+01
   3.0600000e+02   3.5400000e+02  -9.9462322e+01
   3.1700000e+02   3.5500000e+02  -1.0525512e+02
   3.2500000e+02   3.5400000e+02  -9.4763642e+01
   1.1500000e+02   3.3800000e+02  -9.0000000e+01
   1.2700000e+02   2.7300000e+02  -5.7000000e+01
   1.5800000e+02   2.4200000e+02   1.2000000e+02
   1.8800000e+02   1.8500000e+02   1.4300000e+02
   1.9600000e+02   3.4600000e+02  -6.8000000e+01
   2.2900000e+02   3.3200000e+02   1.0400000e+02
   2.3300000e+02   2.9700000e+02   1.3100000e+02
   2.3700000e+02   3.0700000e+02   1.2300000e+02
   2.5100000e+02   3.3400000e+02   1.2300000e+02
   2.7600000e+02   3.6000000e+02   9.4000000e+01
   3.0400000e+02   2.9700000e+02  -1.3200000e+02
