   9.2000000e+01   2.0600000e+02  -6.1389540e+01
   9.4000000e+01   1.5800000e+02  -7.4744881e+01
   9.4000000e+01   2.1400000e+02   1.5138954e+02
   9.6000000e+01   1.3300000e+02   1.2025644e+02
   1.0700000e+02   3.1500000e+02  -1.8434949e+01
   1.2700000e+02   3.2000000e+02  -9.4623222e+00
   1.3200000e+02   2.8500000e+02  -4.2273689e+01
   1.4400000e+02   2.9600000e+02  -2.6565051e+01
   1.6100000e+02   3.0800000e+02  -1.4036243e+01
   1.7700000e+02   2.8500000e+02  -3.3690068e+01
   1.9600000e+02   3.3200000e+02  -4.7636417e+00
   1.9900000e+02   2.1700000e+02  -6.7380135e+01
   2.0800000e+02   2.8200000e+02  -3.6869898e+01
   2.2100000e+02   3.0400000e+02  -2.6565051e+01
   2.6400000e+02   6.4000000e+01   2.2619865e+01
   2.6700000e+02   3.2100000e+02  -3.9805571e+01
   2.7100000e+02   9.5000000e+01  -1.5738014e+02
   2.7200000e+02   3.3400000e+02  -2.2619865e+01
   2.7900000e+02   9.1000000e+01  -1.4630993e+02
   2.9400000e+02   1.7300000e+02   9.4763642e+01
   2.9500000e+02   1.6300000e+02  -9.4763642e+01
   3.0600000e+02   3.4000000e+02  -1.4036243e+01
   3.1800000e+02   1.0800000e+02   6.7380135e+01
   3.1800000e+02   3.2000000e+02  -2.6565051e+01
   3.2600000e+02   2.4900000e+02   9.4763642e+01
   3.2800000e+02   3.0700000e+02  -5.6309932e+01
   3.2900000e+02   1.9100000e+02   9.4763642e+01
   1.1400000e+02   2.8700000e+02   1.3500000e+02
   1.1900000e+02   3.1100000e+02   1.6100000e+02
   1.3300000e+02   1.1800000e+02   1.1600000e+02
   1.3600000e+02   1.1000000e+02  -6.8000000e+01
   1.3800000e+02   5.3000000e+01   1.2900000e+02
   1.3900000e+02   1.8000000e+01  -3.1000000e+01
   1.4400000e+02   1.1800000e+02   1.1600000e+02
   1.5900000e+02   9.9000000e+01  -1.6000000e+02
   1.6000000e+02   2.7400000e+02   1.4000000e+02
   1.6100000e+02   1.5500000e+02   1.3800000e+02
   1.6100000e+02   2.3000000e+02   1.1600000e+02
   1.7300000e+02   1.6000000e+01   1.4000000e+02
   1.8400000e+02   1.7900000e+02  -6.4000000e+01
   1.8400000e+02   3.0200000e+02   1.6500000e+02
   1.8800000e+02   1.9200000e+02   1.0800000e+02
   1.9100000e+02   1.0100000e+02   1.2600000e+02
   1.9100000e+02   1.6300000e+02   1.2400000e+02
   1.9400000e+02   1.1500000e+02  -5.1000000e+01
   1.9900000e+02   2.8200000e+02   1.4300000e+02
   2.1100000e+02   2.3100000e+02  -5.4000000e+01
   2.1400000e+02   1.5200000e+02   1.1200000e+02
   2.2700000e+02   1.3600000e+02   1.2900000e+02
   2.2800000e+02   2.9000000e+02  -9.0000000e+01
   2.2900000e+02   1.0700000e+02  -1.5000000e+01
   2.2900000e+02   3.6000000e+02  -1.7600000e+02
   2.3400000e+02   2.1400000e+02   1.0800000e+02
   2.3600000e+02   2.0600000e+02  -7.6000000e+01
   2.3600000e+02   2.3600000e+02   1.2600000e+02
   2.3700000e+02   2.8200000e+02   1.3800000e+02
   2.4000000e+02   1.9600000e+02   1.1800000e+02
   2.6500000e+02   4.8000000e+01  -1.6600000e+02
   2.7900000e+02   2.3500000e+02   1.1200000e+02
   2.8900000e+02   1.1300000e+02  -1.2400000e+02
   2.9100000e+02   1.9500000e+02   1.1600000e+02
   2.9700000e+02   3.2000000e+02   1.4300000e+02
   3.0300000e+02   1.9600000e+02   9.9000000e+01
