   1.2500000e+02   1.6900000e+02  -5.9743563e+01
   1.2600000e+02   1.4000000e+02  -6.9443955e+01
   1.3000000e+02   1.9100000e+02   1.1656505e+02
   1.3200000e+02   1.5700000e+02   1.2025644e+02
   1.3700000e+02   2.4100000e+02  -5.9743563e+01
   1.3800000e+02   2.8300000e+02  -2.6565051e+01
   1.4000000e+02   1.9100000e+02   1.1261986e+02
   1.5200000e+02   2.5900000e+02  -3.5537678e+01
   1.5400000e+02   1.5600000e+02   1.1656505e+02
   1.5700000e+02   9.3000000e+01   1.1656505e+02
   1.7200000e+02   1.8700000e+02  -6.0255119e+01
   1.7600000e+02   1.8000000e+02   1.1974488e+02
   1.7700000e+02   1.7200000e+02  -7.1565051e+01
   1.8200000e+02   4.4000000e+01   1.4752881e+02
   1.8200000e+02   9.2000000e+01  -4.5000000e+01
   1.8200000e+02   1.2700000e+02   9.0000000e+01
   1.8800000e+02   2.6000000e+02  -3.6869898e+01
   2.0700000e+02   2.9100000e+02  -2.0556045e+01
   2.1300000e+02   2.4900000e+02  -6.5556045e+01
   2.1700000e+02   1.9300000e+02  -8.4805571e+01
   2.3400000e+02   6.6000000e+01  -1.6596376e+02
   2.4400000e+02   2.9000000e+02  -3.0963757e+01
   2.5300000e+02   1.2000000e+02  -9.5194429e+01
   2.5500000e+02   1.6000000e+02   4.5000000e+01
   2.8000000e+02   2.6100000e+02  -6.3434949e+01
   2.8400000e+02   2.2800000e+02   1.0843495e+02
   1.8700000e+02   1.1600000e+02   1.0100000e+02
   2.3300000e+02   1.0600000e+02   1.8000000e+02
