   1.2200000e+02   1.9900000e+02   1.2025644e+02
   1.2600000e+02   2.9400000e+02  -2.6565051e+01
   1.3000000e+02   2.3200000e+02   1.2247119e+02
   1.4000000e+02   2.3500000e+02   1.1656505e+02
   1.4000000e+02   3.0800000e+02  -4.7636417e+00
   1.4400000e+02   9.5000000e+01  -3.6027373e+01
   1.4600000e+02   2.2600000e+02  -7.3300756e+01
   1.5600000e+02   2.2700000e+02  -6.7380135e+01
   1.7300000e+02   2.4000000e+02  -6.0945396e+01
   1.8000000e+02   3.0700000e+02   1.5738014e+02
   1.8400000e+02   7.8000000e+01   1.4134019e+02
   1.8700000e+02   3.3400000e+02   1.6596376e+02
   1.8800000e+02   3.0400000e+02  -3.0256437e+01
   1.8800000e+02   3.2500000e+02   1.5819859e+02
   1.9200000e+02   1.0900000e+02  -3.7874984e+01
   2.0100000e+02   3.0700000e+02   1.4903624e+02
   2.0800000e+02   3.0200000e+02  -2.2619865e+01
   2.1100000e+02   1.6700000e+02   1.3500000e+02
   2.1500000e+02   2.9300000e+02  -5.6309932e+01
   2.2000000e+02   3.1700000e+02  -3.6869898e+01
   2.2300000e+02   1.9800000e+02  -8.5236358e+01
   2.6000000e+02   1.7900000e+02  -9.4763642e+01
   2.6000000e+02   1.8900000e+02   7.1565051e+01
   2.6300000e+02   2.6100000e+02  -7.5963757e+01
   2.6500000e+02   2.5300000e+02   1.0403624e+02
   2.7500000e+02   2.7700000e+02   1.1261986e+02
   2.8000000e+02   2.9000000e+02   1.1656505e+02
   2.0600000e+02   2.1300000e+02  -7.5000000e+01
   2.2800000e+02   2.1100000e+02   9.0000000e+01
