   8.6000000e+01   1.3100000e+02  -4.5000000e+01
   1.1100000e+02   1.5200000e+02   1.1656505e+02
   1.2000000e+02   3.0700000e+02   8.0537678e+01
   1.2400000e+02   1.5300000e+02   1.4134019e+02
   1.7100000e+02   4.2000000e+01   1.4036243e+01
   1.7400000e+02   3.4600000e+02  -1.4071059e+02
   1.8400000e+02   8.3000000e+01   1.4036243e+01
   2.0100000e+02   3.5700000e+02  -1.7523636e+02
   2.2800000e+02   2.6000000e+01   2.6565051e+01
   2.4000000e+02   3.2900000e+02  -1.5343495e+02
   2.8300000e+02   2.1400000e+02   4.5000000e+01
   2.8400000e+02   3.5200000e+02  -1.6596376e+02
   2.9500000e+02   2.6600000e+02  -1.4313010e+02
   3.0100000e+02   3.4000000e+02   1.6699244e+01
   3.0200000e+02   2.7300000e+02   2.6565051e+01
   3.0500000e+02   1.4700000e+02  -1.2499202e+02
   3.1300000e+02   3.0300000e+02   2.2619865e+01
   3.1900000e+02   3.1200000e+02  -1.4630993e+02
   3.2000000e+02   3.2000000e+02  -1.7523636e+02
   3.2400000e+02   2.7500000e+02  -1.5343495e+02
   3.2500000e+02   2.8300000e+02  -1.6156505e+02
   1.1300000e+02   2.2400000e+02   1.1900000e+02
   1.1600000e+02   1.6300000e+02   1.2000000e+02
   1.4800000e+02   2.7800000e+02   6.3000000e+01
   1.5100000e+02   3.4800000e+02   3.6000000e+01
   1.5300000e+02   1.7100000e+02   1.2300000e+02
   1.6200000e+02   2.3200000e+02   9.4000000e+01
   1.6300000e+02   2.0400000e+02   1.2000000e+02
   1.6500000e+02   1.2000000e+02   9.0000000e+00
   1.8500000e+02   2.7600000e+02  -1.0900000e+02
   1.8800000e+02   1.9300000e+02   3.2000000e+01
   1.9000000e+02   2.2100000e+02   4.7000000e+01
   2.0000000e+02   1.3900000e+02  -1.5400000e+02
   2.0200000e+02   3.4900000e+02   9.0000000e+00
   2.4100000e+02   2.1800000e+02  -1.2400000e+02
