   6.4000000e+01   1.5400000e+02   1.0843495e+02
   8.0000000e+01   4.6000000e+01  -3.6869898e+01
   9.8000000e+01   9.2000000e+01  -4.7726311e+01
   1.1900000e+02   2.6200000e+02   8.0537678e+01
   1.3500000e+02   3.2400000e+02   7.1250163e+00
   1.4300000e+02   3.2500000e+02  -1.7287498e+02
   1.5500000e+02   3.2400000e+02  -1.5738014e+02
   1.6800000e+02   3.4900000e+02  -4.7636417e+00
   1.7800000e+02   3.0000000e+02  -1.4974356e+02
   1.8300000e+02   3.4600000e+02   1.6596376e+02
   2.4800000e+02   1.8000000e+01   3.6869898e+01
   2.6300000e+02   3.1900000e+02   1.8000000e+02
   2.7000000e+02   1.6200000e+02   4.5000000e+01
   2.9800000e+02   1.5000000e+02  -1.5738014e+02
   9.9000000e+01   1.2000000e+02   1.1200000e+02
   1.0300000e+02   1.8100000e+02   1.0800000e+02
   1.1500000e+02   2.9000000e+02   1.0800000e+02
   1.4400000e+02   2.3300000e+02  -1.0900000e+02
   1.5100000e+02   1.6000000e+02   1.1600000e+02
   1.5200000e+02   1.8800000e+02  -9.0000000e+01
   1.6300000e+02   2.0000000e+02  -9.0000000e+01
   1.8000000e+02   2.3000000e+02  -1.1700000e+02
   1.8600000e+02   3.3700000e+02   1.7000000e+02
   2.1200000e+02   3.5700000e+02   1.6100000e+02
