   6.8000000e+01   1.4300000e+02   1.2025644e+02
   7.0000000e+01   1.7200000e+02   1.0843495e+02
   7.2000000e+01   1.3200000e+02  -5.9743563e+01
   7.4000000e+01   2.6200000e+02  -7.5963757e+01
   8.3000000e+01   2.8900000e+02  -7.5963757e+01
   8.7000000e+01   3.9000000e+01   1.4019443e+02
   1.0300000e+02   1.2800000e+02   1.1261986e+02
   1.1300000e+02   3.3100000e+02  -4.5000000e+01
   1.1900000e+02   2.8400000e+02   7.5963757e+01
   1.5400000e+02   3.5000000e+02  -1.5738014e+02
   1.7500000e+02   3.2700000e+02  -1.4071059e+02
   2.0500000e+02   3.5800000e+02  -1.7523636e+02
   2.1300000e+02   3.5300000e+02  -1.6156505e+02
   2.4000000e+02   3.1400000e+02  -1.4446232e+02
   2.4000000e+02   3.5900000e+02   7.5963757e+01
   2.5300000e+02   1.8400000e+02  -1.2369007e+02
   2.6600000e+02   2.9200000e+02  -1.5343495e+02
   2.7400000e+02   2.9700000e+02   2.6565051e+01
   2.7600000e+02   1.9000000e+02   4.5000000e+01
   2.9100000e+02   2.4500000e+02  -1.4313010e+02
   2.9800000e+02   2.5100000e+02   2.6565051e+01
   1.0800000e+02   1.3900000e+02   1.1600000e+02
   1.0800000e+02   2.0500000e+02   1.1200000e+02
   1.1500000e+02   3.1300000e+02   1.1200000e+02
   1.4700000e+02   2.5800000e+02  -1.0500000e+02
   1.5100000e+02   3.3100000e+02   2.6000000e+01
   1.5800000e+02   9.6000000e+01   9.0000000e+00
   1.6000000e+02   1.8300000e+02   1.2300000e+02
   1.8100000e+02   3.4500000e+02   1.4000000e+01
   1.8500000e+02   2.5900000e+02  -1.1300000e+02
   1.9200000e+02   1.1600000e+02  -1.5400000e+02
   1.9200000e+02   1.8000000e+02   4.7000000e+01
   2.0200000e+02   3.3400000e+02   9.0000000e+00
   2.0700000e+02   1.3700000e+02   4.8000000e+01
   2.5300000e+02   3.5100000e+02   1.8000000e+02
