   8.3000000e+01   2.3200000e+02   9.0000000e+01
   8.4000000e+01   1.1100000e+02   1.1656505e+02
   8.7000000e+01   1.5600000e+02  -6.7380135e+01
   1.0700000e+02   1.1900000e+02   1.2928941e+02
   1.2000000e+02   2.4200000e+02   8.5236358e+01
   1.2100000e+02   5.8000000e+01   1.5738014e+02
   1.3400000e+02   1.9700000e+02  -8.0537678e+01
   1.3400000e+02   3.0300000e+02   7.1565051e+01
   1.4100000e+02   1.8800000e+02   1.0403624e+02
   1.4500000e+02   3.5500000e+02   1.1055605e+02
   1.6000000e+02   8.6000000e+01   1.7053768e+02
   1.6600000e+02   3.9000000e+01   1.7523636e+02
   1.7100000e+02   3.2800000e+02   8.0537678e+01
   1.7300000e+02   3.4900000e+02  -9.0000000e+01
   2.6000000e+02   1.4300000e+02   2.6565051e+01
   2.7100000e+02   3.6000000e+02  -1.6156505e+02
   3.0600000e+02   2.7900000e+02   2.2619865e+01
   3.1700000e+02   3.0500000e+02  -1.5738014e+02
   3.2600000e+02   2.5800000e+02  -1.6156505e+02
   3.2700000e+02   2.8100000e+02  -1.5738014e+02
   1.3800000e+02   3.1000000e+02  -1.2000000e+02
   1.6400000e+02   1.4400000e+02  -1.5000000e+01
   1.7600000e+02   1.9700000e+02   1.0400000e+02
   1.8400000e+02   2.0200000e+02  -3.7000000e+01
   1.8500000e+02   2.9400000e+02  -1.0900000e+02
   2.0000000e+02   2.2700000e+02  -3.9000000e+01
   2.0200000e+02   1.5100000e+02  -1.7100000e+02
   2.0300000e+02   3.4400000e+02   7.1000000e+01
   2.0900000e+02   2.5400000e+02  -1.0500000e+02
   2.1700000e+02   2.0800000e+02   1.8000000e+01
   2.2100000e+02   3.0300000e+02  -1.2400000e+02
   2.2300000e+02   1.6500000e+02   2.6000000e+01
   2.2300000e+02   2.6200000e+02   6.3000000e+01
   2.2700000e+02   2.3400000e+02   2.2000000e+01
   2.5300000e+02   2.9200000e+02  -1.3000000e+02
   2.6800000e+02   2.1100000e+02  -1.4400000e+02
   2.9900000e+02   3.5700000e+02  -5.0000000e+00
