   4.3000000e+01   3.3300000e+02   1.2025644e+02
   5.9000000e+01   2.8200000e+02   1.2025644e+02
   8.6000000e+01   3.0900000e+02   1.1261986e+02
   9.9000000e+01   2.1700000e+02  -4.2510447e+01
   1.1900000e+02   2.7600000e+02  -4.5000000e+01
   1.3100000e+02   2.7100000e+02   1.3500000e+02
   1.3500000e+02   1.9200000e+02   1.5738014e+02
   1.4700000e+02   2.0000000e+02  -1.4036243e+01
   1.8100000e+02   1.4600000e+02  -1.7523636e+02
   1.9900000e+02   1.9100000e+02  -1.5738014e+02
   7.6000000e+01   3.1600000e+02   1.1600000e+02
   8.5000000e+01   2.7900000e+02   1.1600000e+02
   1.2200000e+02   1.7100000e+02  -2.3000000e+01
   1.3900000e+02   3.4500000e+02  -7.2000000e+01
   1.4800000e+02   2.0800000e+02  -5.0000000e+00
   1.6100000e+02   3.0600000e+02   0.0000000e+00
   1.7200000e+02   2.4400000e+02   1.8000000e+01
   1.7400000e+02   3.0600000e+02   1.7500000e+02
   1.7700000e+02   1.5500000e+02  -1.7100000e+02
   2.0100000e+02   2.6900000e+02  -1.4400000e+02
   2.3000000e+02   3.5700000e+02  -1.1700000e+02
   2.5800000e+02   2.8400000e+02  -1.3000000e+02
   2.6500000e+02   3.1700000e+02  -1.2700000e+02
   2.6600000e+02   1.7100000e+02   4.5000000e+01
