   9.8000000e+01   2.6600000e+02   1.1261986e+02
   1.1000000e+02   1.7500000e+02  -3.6869898e+01
   1.4300000e+02   1.5300000e+02   1.5738014e+02
   1.8700000e+02   1.0400000e+02  -1.7523636e+02
   2.4200000e+02   6.2000000e+01  -1.5343495e+02
   3.0500000e+02   1.1900000e+02   5.0194429e+01
   3.2400000e+02   2.1400000e+02  -1.3227369e+02
   6.4000000e+01   2.5900000e+02  -6.0000000e+01
   6.5000000e+01   2.3600000e+02  -5.1000000e+01
   1.2900000e+02   1.2900000e+02  -1.5000000e+01
   1.3500000e+02   2.3800000e+02   1.1600000e+02
   1.7700000e+02   2.6200000e+02  -1.0000000e+01
   1.8100000e+02   3.4500000e+02  -8.6000000e+01
   1.8400000e+02   1.1400000e+02  -1.7100000e+02
   1.8400000e+02   2.0100000e+02   1.4000000e+01
   1.9900000e+02   3.5600000e+02  -1.0000000e+02
   2.2400000e+02   1.6200000e+02  -1.5400000e+02
   2.2800000e+02   1.5400000e+02   2.2000000e+01
   2.7200000e+02   2.3800000e+02  -1.3000000e+02
   2.7300000e+02   1.2700000e+02   3.9000000e+01
   2.9000000e+02   3.0000000e+02  -1.2700000e+02
   3.0200000e+02   3.3500000e+02  -1.3300000e+02
   3.0800000e+02   3.4100000e+02   3.3000000e+01
