   1.0600000e+02   1.6800000e+02  -4.1987212e+01
   1.1200000e+02   3.2000000e+02  -7.1565051e+01
   1.3100000e+02   1.5900000e+02   1.5343495e+02
   2.2700000e+02   1.0600000e+02   2.6565051e+01
   2.3500000e+02   3.3600000e+02   6.3434949e+01
   2.3800000e+02   3.5600000e+02  -1.2369007e+02
   2.6800000e+02   2.5600000e+02   4.8366461e+01
   2.8000000e+02   3.0700000e+02   5.0194429e+01
   2.9100000e+02   2.2000000e+02  -1.3251045e+02
   2.0200000e+02   2.8000000e+02  -1.3500000e+02
   2.4800000e+02   1.7700000e+02  -1.4400000e+02
