   7.6000000e+01   2.5000000e+02  -6.3434949e+01
   8.2000000e+01   2.5800000e+02   1.0843495e+02
   8.4000000e+01   2.4900000e+02  -6.7380135e+01
   8.6000000e+01   3.0200000e+02  -8.5236358e+01
   8.8000000e+01   7.8000000e+01   1.4313010e+02
   9.1000000e+01   3.1500000e+02  -8.0537678e+01
   1.0500000e+02   9.3000000e+01   1.5343495e+02
   1.0600000e+02   1.5200000e+02   1.3500000e+02
   1.2300000e+02   3.7000000e+01  -5.7105931e+00
   1.3000000e+02   3.4900000e+02  -1.0843495e+02
   1.6100000e+02   2.4600000e+02   1.4500798e+02
   1.6200000e+02   2.7100000e+02  -1.6596376e+02
   1.6900000e+02   8.6000000e+01  -1.6596376e+02
   1.8500000e+02   1.6200000e+02   3.6869898e+01
   2.6600000e+02   1.4200000e+02  -1.3227369e+02
   2.6800000e+02   3.1600000e+02  -1.4071059e+02
   2.7400000e+02   3.0400000e+02  -1.3500000e+02
   1.4900000e+02   2.7400000e+02  -9.0000000e+01
