   9.6000000e+01   1.4700000e+02   1.3251045e+02
   1.0200000e+02   1.4000000e+02  -4.2273689e+01
   1.0400000e+02   2.0100000e+02  -4.5000000e+01
   1.0600000e+02   2.3700000e+02   9.0000000e+01
   1.0700000e+02   2.7600000e+02   1.3227369e+02
   1.1000000e+02   2.5400000e+02  -7.1565051e+01
   1.1400000e+02   1.5200000e+02   1.2247119e+02
   1.2300000e+02   1.1500000e+02  -3.6869898e+01
   1.2700000e+02   2.6200000e+02  -7.1565051e+01
   1.3100000e+02   7.9000000e+01  -1.4036243e+01
   1.3400000e+02   1.6200000e+02   1.1656505e+02
   1.4000000e+02   1.5400000e+02  -3.9805571e+01
   1.4200000e+02   6.5000000e+01  -6.3401917e+00
   1.4600000e+02   2.9300000e+02  -1.5738014e+02
   1.5600000e+02   1.7900000e+02   1.2025644e+02
   1.6000000e+02   1.7200000e+02  -3.0256437e+01
   1.7100000e+02   2.8400000e+02  -1.2602737e+02
   1.7700000e+02   2.5600000e+02   7.8690068e+01
   1.7900000e+02   2.2700000e+02   7.9695154e+01
   1.7900000e+02   3.0100000e+02  -1.5944395e+02
   1.8100000e+02   2.3800000e+02  -1.0030485e+02
   1.8100000e+02   2.9200000e+02   4.2273689e+01
   1.8300000e+02   1.6600000e+02  -1.7523636e+02
   1.8500000e+02   2.8500000e+02  -1.3500000e+02
   1.8700000e+02   2.1700000e+02   7.5963757e+01
   1.8900000e+02   3.3200000e+02   0.0000000e+00
   1.9800000e+02   2.1900000e+02   7.5963757e+01
   2.0000000e+02   2.2700000e+02  -1.0403624e+02
   2.0300000e+02   5.5000000e+01   1.8434949e+01
   2.0400000e+02   2.3800000e+02  -4.5000000e+01
   2.0700000e+02   1.1200000e+02  -1.4974356e+02
   2.0800000e+02   9.5000000e+01   2.6565051e+01
   2.0800000e+02   2.4600000e+02   5.9036243e+01
   2.1100000e+02   2.6700000e+02   5.3972627e+01
   2.1700000e+02   1.2000000e+02   4.5000000e+01
   2.1700000e+02   2.9700000e+02  -1.6156505e+02
   2.1800000e+02   1.9600000e+02   6.3434949e+01
   2.2600000e+02   2.3000000e+02   5.6309932e+01
   2.3000000e+02   1.6100000e+02  -1.2369007e+02
   2.3500000e+02   1.8000000e+02  -1.2369007e+02
   2.3600000e+02   5.2000000e+01  -1.4630993e+02
   2.3700000e+02   7.6000000e+01   4.7726311e+01
   2.3700000e+02   2.6200000e+02  -1.2686990e+02
   2.4200000e+02   8.9000000e+01  -1.4313010e+02
   2.4400000e+02   2.5500000e+02  -1.2928941e+02
   2.4900000e+02   3.3300000e+02  -1.7523636e+02
   2.5000000e+02   2.4600000e+02   4.5000000e+01
   2.5100000e+02   2.6100000e+02   0.0000000e+00
   2.6100000e+02   2.3200000e+02  -1.2499202e+02
   2.6200000e+02   3.3200000e+02   0.0000000e+00
   2.7000000e+02   3.2000000e+02   1.6596376e+02
   2.7100000e+02   3.3200000e+02   1.8000000e+02
   2.7300000e+02   2.0400000e+02   4.5000000e+01
   2.7500000e+02   1.0900000e+02  -1.2686990e+02
   2.7700000e+02   2.8900000e+02  -1.7480557e+02
   2.7800000e+02   2.2600000e+02   4.5000000e+01
   2.7800000e+02   3.2100000e+02  -4.7636417e+00
   2.8200000e+02   1.6500000e+02  -1.2865981e+02
   2.8300000e+02   1.4200000e+02   5.1340192e+01
   2.8600000e+02   1.7200000e+02   6.3434949e+01
   2.9200000e+02   2.2600000e+02  -1.2686990e+02
   2.9700000e+02   2.1500000e+02   5.1340192e+01
   1.2600000e+02   2.1700000e+02   1.1600000e+02
   2.1200000e+02   4.0000000e+01  -1.4700000e+02
