   8.1000000e+01   1.5400000e+02  -4.2510447e+01
   8.9000000e+01   2.0500000e+02  -5.6309932e+01
   1.0200000e+02   2.6200000e+02   1.0843495e+02
   1.1100000e+02   1.8000000e+02   1.1261986e+02
   1.1100000e+02   2.6100000e+02  -8.0537678e+01
   1.1700000e+02   1.7300000e+02  -3.9805571e+01
   1.1800000e+02   3.2200000e+02  -1.6474488e+02
   1.2800000e+02   3.2300000e+02   2.4443955e+01
   1.4600000e+02   3.0700000e+02  -4.5000000e+01
   1.5800000e+02   2.6300000e+02  -9.9462322e+01
   1.6000000e+02   1.8900000e+02  -1.7053768e+02
   1.7700000e+02   1.0800000e+02  -1.6156505e+02
   1.7800000e+02   8.0000000e+01  -1.6596376e+02
   1.8600000e+02   6.9000000e+01   3.0256437e+01
   1.8600000e+02   1.1400000e+02   2.6565051e+01
   1.8700000e+02   1.5600000e+02  -1.4019443e+02
   1.9300000e+02   1.6200000e+02   5.0710593e+01
   1.9500000e+02   1.4000000e+02   5.0194429e+01
   2.0100000e+02   7.7000000e+01  -1.4974356e+02
   2.0300000e+02   2.5300000e+02   5.6309932e+01
   2.0400000e+02   6.8000000e+01  -1.5343495e+02
   2.0500000e+02   5.9000000e+01  -1.5738014e+02
   2.0700000e+02   1.5300000e+02  -1.3500000e+02
   2.1000000e+02   8.7000000e+01  -4.5000000e+01
   2.1700000e+02   9.3000000e+01   5.6309932e+01
   2.1800000e+02   1.0700000e+02  -1.3251045e+02
   2.2200000e+02   7.3000000e+01   3.9805571e+01
   2.2300000e+02   6.0000000e+01   3.9289407e+01
   2.3800000e+02   2.5200000e+02  -1.3500000e+02
   2.4700000e+02   2.3600000e+02  -1.1656505e+02
   2.5000000e+02   1.4600000e+02   0.0000000e+00
   2.5200000e+02   2.5400000e+02  -1.3500000e+02
   2.5200000e+02   3.1200000e+02  -1.7053768e+02
   2.5700000e+02   1.8400000e+02  -1.2369007e+02
   2.5700000e+02   2.4500000e+02   4.8012788e+01
   2.5800000e+02   1.3200000e+02   4.5000000e+01
   2.5900000e+02   1.5800000e+02   5.3130102e+01
   2.6300000e+02   2.6800000e+02   2.8610460e+01
   2.7400000e+02   2.2300000e+02   4.5000000e+01
   2.7400000e+02   2.7400000e+02  -1.5138954e+02
   1.2800000e+02   2.6800000e+02   1.3500000e+02
   1.2900000e+02   2.2900000e+02   1.1800000e+02
   1.8300000e+02   3.0500000e+02   3.0000000e+01
   1.9600000e+02   2.8500000e+02  -1.2300000e+02
   2.1300000e+02   2.6700000e+02  -1.2700000e+02
