   1.0500000e+02   1.5900000e+02  -3.3690068e+01
   1.0500000e+02   2.4600000e+02   1.1656505e+02
   1.1000000e+02   2.3600000e+02  -5.9743563e+01
   1.2100000e+02   1.2900000e+02   1.4313010e+02
   1.2900000e+02   1.2400000e+02  -1.4036243e+01
   1.2900000e+02   2.6900000e+02   1.0403624e+02
   1.3200000e+02   3.3400000e+02   2.8610460e+01
   1.5200000e+02   1.0800000e+02   1.6596376e+02
   1.6500000e+02   3.4600000e+02  -1.4752881e+02
   1.6800000e+02   3.3400000e+02  -1.2369007e+02
   1.7500000e+02   3.3800000e+02   4.7726311e+01
   1.8200000e+02   2.1400000e+02  -1.7523636e+02
   1.9100000e+02   1.1600000e+02   1.8000000e+02
   2.0000000e+02   1.2100000e+02   1.8434949e+01
   2.0200000e+02   3.0900000e+02  -1.2025644e+02
   2.0300000e+02   1.0000000e+02   1.8434949e+01
   2.1400000e+02   2.2800000e+02  -1.2369007e+02
   2.2200000e+02   3.3900000e+02  -1.5738014e+02
   2.2300000e+02   2.8000000e+02   5.0710593e+01
   2.3500000e+02   3.1300000e+02  -1.2865981e+02
   2.3900000e+02   1.8200000e+02  -1.2686990e+02
   2.4100000e+02   3.0500000e+02  -1.2369007e+02
   2.4200000e+02   1.9800000e+02  -1.3198721e+02
   2.4500000e+02   1.8800000e+02   6.3434949e+01
   2.4900000e+02   3.0900000e+02   9.0000000e+01
   2.7300000e+02   3.0200000e+02  -1.4752881e+02
   1.5000000e+02   2.5500000e+02   1.1600000e+02
