   1.0600000e+02   1.9500000e+02  -7.4744881e+01
   1.0700000e+02   2.1500000e+02  -7.5963757e+01
   1.2700000e+02   1.8700000e+02   1.1261986e+02
   1.7200000e+02   3.1200000e+02  -9.4763642e+01
   1.7400000e+02   2.3700000e+02   9.0000000e+01
   2.0000000e+02   1.2100000e+02  -4.7636417e+00
   2.1400000e+02   1.3400000e+02   1.8000000e+02
   2.4400000e+02   3.4500000e+02  -1.0843495e+02
   2.4800000e+02   3.3600000e+02   4.8012788e+01
   2.7500000e+02   3.5600000e+02  -1.7053768e+02
   2.8200000e+02   3.5200000e+02  -1.5738014e+02
   2.9000000e+02   3.0100000e+02  -1.3772631e+02
   3.0200000e+02   2.7100000e+02  -1.4397263e+02
   3.0400000e+02   3.0900000e+02   3.3690068e+01
   3.1000000e+02   2.7400000e+02   3.6027373e+01
   3.3900000e+02   3.4100000e+02   1.7523636e+02
   1.8200000e+02   2.9700000e+02   7.0000000e+01
   2.2100000e+02   3.0500000e+02   5.9000000e+01
   2.2400000e+02   2.5400000e+02   9.0000000e+01
   2.2500000e+02   3.5000000e+02   0.0000000e+00
   2.3600000e+02   2.8600000e+02  -1.0500000e+02
   2.5200000e+02   2.4400000e+02   1.8000000e+01
   2.6200000e+02   2.7000000e+02   2.6000000e+01
   2.9800000e+02   2.2400000e+02   3.9000000e+01
   3.1800000e+02   3.3000000e+02   4.0000000e+00
   3.3400000e+02   2.9800000e+02  -1.6600000e+02
