   8.0000000e+01   3.0100000e+02  -5.9743563e+01
   9.2000000e+01   3.3500000e+02  -4.5000000e+01
   1.2800000e+02   1.1200000e+02   1.5738014e+02
   1.4900000e+02   3.3100000e+02   8.0537678e+01
   1.9600000e+02   2.9500000e+02   6.6037511e+01
   1.9600000e+02   3.3600000e+02   5.9743563e+01
   2.1500000e+02   1.2300000e+02   2.2619865e+01
   2.6300000e+02   1.3900000e+02   3.5537678e+01
   2.8400000e+02   1.9200000e+02   4.7726311e+01
   9.4000000e+01   1.7500000e+02   1.3700000e+02
   9.5000000e+01   2.9500000e+02   1.1600000e+02
   1.1000000e+02   2.6800000e+02  -6.2000000e+01
   1.3700000e+02   9.1000000e+01   1.6500000e+02
   1.4000000e+02   2.9100000e+02   1.1400000e+02
   1.4800000e+02   9.8000000e+01   1.6100000e+02
   1.7000000e+02   2.4700000e+02  -3.1000000e+01
   1.7300000e+02   2.5900000e+02   1.1600000e+02
   1.7700000e+02   1.1200000e+02   1.7000000e+02
   1.8100000e+02   2.3000000e+02   1.5700000e+02
   1.9100000e+02   3.1200000e+02  -1.0000000e+02
   1.9200000e+02   2.2200000e+02  -1.7600000e+02
   1.9900000e+02   3.0300000e+02  -1.1100000e+02
   2.1600000e+02   3.5900000e+02   3.0000000e+01
   2.2200000e+02   1.3700000e+02   3.3000000e+01
   2.4000000e+02   6.6000000e+01   2.6000000e+01
   2.4600000e+02   3.0300000e+02  -1.2100000e+02
   2.5100000e+02   2.5800000e+02   5.3000000e+01
   2.5500000e+02   3.0100000e+02   4.2000000e+01
   2.6200000e+02   2.3500000e+02  -1.2700000e+02
   2.6800000e+02   2.2900000e+02   5.3000000e+01
   3.0100000e+02   2.8600000e+02  -1.3500000e+02
