   7.8000000e+01   2.7800000e+02  -4.7726311e+01
   8.8000000e+01   2.8300000e+02   1.4019443e+02
   9.2000000e+01   2.7600000e+02  -4.5000000e+01
   1.2100000e+02   3.3800000e+02  -2.4443955e+01
   1.3700000e+02   3.5400000e+02   0.0000000e+00
   1.3900000e+02   1.0100000e+02   1.4752881e+02
   1.4800000e+02   3.2200000e+02   0.0000000e+00
   1.4900000e+02   1.4200000e+02   1.3748955e+02
   1.5100000e+02   3.5400000e+02   1.8000000e+02
   1.5700000e+02   1.7000000e+02   1.3251045e+02
   1.6600000e+02   2.8900000e+02   8.5236358e+01
   1.8800000e+02   3.2300000e+02  -1.2369007e+02
   2.0600000e+02   3.3900000e+02  -1.5343495e+02
   2.1100000e+02   2.9700000e+02   5.7528808e+01
   2.3300000e+02   3.5500000e+02  -1.6596376e+02
   2.3600000e+02   7.7000000e+01   3.0256437e+01
   2.7600000e+02   3.3000000e+02  -1.6156505e+02
   3.0200000e+02   2.7500000e+02  -1.3500000e+02
   3.0300000e+02   1.8000000e+02  -1.1261986e+02
   3.0400000e+02   2.1400000e+02  -1.1261986e+02
   9.4000000e+01   1.6300000e+02   1.3700000e+02
   1.1400000e+02   2.5000000e+02   1.2600000e+02
   1.2900000e+02   2.2200000e+02  -5.7000000e+01
   1.5000000e+02   6.9000000e+01  -3.1000000e+01
   1.5000000e+02   3.3200000e+02   1.8000000e+02
   1.5500000e+02   1.4800000e+02   1.3700000e+02
   1.5800000e+02   3.3400000e+02   1.4000000e+01
   1.5900000e+02   2.4900000e+02   1.2400000e+02
   1.5900000e+02   3.6000000e+02   1.6500000e+02
   1.8300000e+02   2.4100000e+02  -6.4000000e+01
   1.9000000e+02   1.8500000e+02   1.4000000e+02
   2.0900000e+02   1.8300000e+02  -1.7100000e+02
   2.0900000e+02   2.7300000e+02  -1.0500000e+02
   2.1400000e+02   2.4200000e+02   5.3000000e+01
   2.1900000e+02   3.5000000e+01   1.8000000e+01
   2.1900000e+02   2.7100000e+02  -1.0900000e+02
   2.3000000e+02   3.3300000e+02  -1.6200000e+02
   2.4300000e+02   9.1000000e+01   3.9000000e+01
   2.7100000e+02   2.1800000e+02   6.1000000e+01
