   8.8000000e+01   2.0600000e+02  -5.0710593e+01
   1.0100000e+02   2.6300000e+02  -6.5556045e+01
   1.0500000e+02   2.1500000e+02   1.1656505e+02
   1.0700000e+02   2.7200000e+02  -6.7380135e+01
   1.3200000e+02   2.9700000e+02   8.0537678e+01
   1.3600000e+02   2.1600000e+02   1.2096376e+02
   1.4500000e+02   2.4900000e+02   1.0843495e+02
   1.5100000e+02   1.3500000e+02   1.5343495e+02
   1.6300000e+02   1.7400000e+02   1.4903624e+02
   1.8000000e+02   2.0800000e+02  -1.7053768e+02
   1.8100000e+02   2.6000000e+02   8.0537678e+01
   1.8500000e+02   2.4800000e+02   6.7380135e+01
   1.8900000e+02   6.0000000e+01   9.4623222e+00
   1.8900000e+02   1.0800000e+02   1.8000000e+02
   2.0100000e+02   2.6200000e+02  -1.1261986e+02
   2.1100000e+02   6.3000000e+01  -1.7523636e+02
   2.1700000e+02   8.7000000e+01   4.5000000e+01
   2.2000000e+02   6.8000000e+01   8.1301024e+00
   2.2500000e+02   1.0400000e+02  -1.3801279e+02
   2.3000000e+02   1.1800000e+02  -1.4313010e+02
   2.3200000e+02   9.8000000e+01  -4.5000000e+01
   2.3600000e+02   1.1200000e+02   5.0194429e+01
   2.4000000e+02   2.7300000e+02  -1.1261986e+02
   2.4400000e+02   2.6100000e+02  -1.1656505e+02
   2.4900000e+02   2.0600000e+02   6.7380135e+01
   1.1300000e+02   2.5800000e+02   1.1600000e+02
   1.2500000e+02   2.5400000e+02  -6.9000000e+01
   1.7300000e+02   3.2400000e+02  -1.2400000e+02
