   9.9000000e+01   1.9100000e+02  -5.9743563e+01
   1.1400000e+02   2.4900000e+02  -4.1987212e+01
   1.2000000e+02   2.5800000e+02   1.3772631e+02
   1.3100000e+02   7.2000000e+01   1.4019443e+02
   1.3500000e+02   2.1700000e+02  -5.9743563e+01
   1.4000000e+02   6.8000000e+01  -3.9289407e+01
   1.4200000e+02   2.7600000e+02   1.3251045e+02
   1.6700000e+02   4.0000000e+01   1.5343495e+02
   1.7200000e+02   2.7300000e+02  -4.5000000e+01
   1.7300000e+02   3.0300000e+02   1.7523636e+02
   1.8800000e+02   2.6100000e+02   8.5236358e+01
   1.9200000e+02   2.7600000e+02  -1.1444395e+02
   2.2300000e+02   3.1800000e+02   1.9983107e+01
   2.2400000e+02   3.3900000e+02  -1.7053768e+02
   2.3700000e+02   3.3900000e+02   0.0000000e+00
   2.3900000e+02   1.7800000e+02  -1.7053768e+02
   2.4400000e+02   2.9500000e+02  -1.2980557e+02
   2.5600000e+02   3.3000000e+01  -1.5343495e+02
   2.7800000e+02   1.8500000e+02  -1.3163354e+02
   2.8200000e+02   1.9200000e+02   5.9743563e+01
   1.4200000e+02   2.4900000e+02   1.3500000e+02
   1.4500000e+02   1.5200000e+02   1.2000000e+02
   1.4600000e+02   1.2800000e+02   1.3700000e+02
   1.5000000e+02   3.3300000e+02   1.4000000e+01
   1.5100000e+02   1.9500000e+02  -5.7000000e+01
   1.6000000e+02   2.6000000e+02   1.3100000e+02
   2.0500000e+02   2.1500000e+02   1.1600000e+02
   2.1200000e+02   2.0200000e+02   1.1600000e+02
   2.1700000e+02   1.9400000e+02   1.2000000e+02
   2.2100000e+02   2.3500000e+02   8.5000000e+01
   2.4300000e+02   7.1000000e+01  -1.7100000e+02
