   9.7000000e+01   2.7200000e+02  -3.6027373e+01
   1.2000000e+02   2.8200000e+02  -3.9805571e+01
   1.2000000e+02   3.3300000e+02  -2.6565051e+01
   1.6000000e+02   2.5700000e+02  -5.9743563e+01
   1.7300000e+02   5.6000000e+01  -3.0256437e+01
   1.7500000e+02   2.7900000e+02  -5.3130102e+01
   1.8300000e+02   5.6000000e+01   1.4974356e+02
   1.9100000e+02   2.9200000e+02  -5.3130102e+01
   2.0500000e+02   3.1400000e+02  -3.3690068e+01
   2.1000000e+02   2.8700000e+02  -4.7726311e+01
   2.1400000e+02   1.8600000e+02   1.5343495e+02
   2.1500000e+02   3.4100000e+02  -3.0256437e+01
   2.5500000e+02   2.6500000e+02   1.1656505e+02
   2.6500000e+02   1.9800000e+02   6.7380135e+01
   2.7800000e+02   3.0100000e+02  -1.6156505e+02
   2.8000000e+02   1.1800000e+02   6.7380135e+01
   2.8000000e+02   2.8700000e+02  -1.4313010e+02
   2.9000000e+02   2.4700000e+02  -1.2025644e+02
   1.4500000e+02   3.4000000e+02   1.4600000e+02
   1.4700000e+02   1.5300000e+02   1.2300000e+02
   1.6000000e+02   3.4900000e+02   1.6500000e+02
   1.6100000e+02   3.5900000e+02   1.5700000e+02
   1.7000000e+02   1.3500000e+02   1.2300000e+02
   1.7100000e+02   2.1900000e+02  -5.7000000e+01
   1.7400000e+02   1.1800000e+02   1.2900000e+02
   1.8500000e+02   3.2800000e+02   1.5100000e+02
   2.0300000e+02   2.3700000e+02   1.2300000e+02
   2.3200000e+02   1.8700000e+02  -1.5800000e+02
   2.5100000e+02   2.7500000e+02   1.3500000e+02
   2.6100000e+02   2.7200000e+02   3.6000000e+01
   2.6600000e+02   2.3700000e+02   6.3000000e+01
