   7.7000000e+01   2.3800000e+02   1.2025644e+02
   9.8000000e+01   3.2700000e+02  -5.9743563e+01
   1.1300000e+02   3.4800000e+02  -4.7489553e+01
   1.4900000e+02   3.5700000e+02  -4.7726311e+01
   1.5600000e+02   2.5900000e+02   1.6156505e+02
   1.8800000e+02   3.5100000e+02   1.4799462e+02
   1.9500000e+02   3.1100000e+02   9.4763642e+01
   7.6000000e+01   2.5400000e+02   1.2000000e+02
   8.3000000e+01   3.1200000e+02   1.2600000e+02
   9.0000000e+01   2.2000000e+02   1.2300000e+02
   1.1300000e+02   2.5700000e+02   1.1600000e+02
   1.1900000e+02   1.8700000e+02   1.3500000e+02
   1.2300000e+02   3.0200000e+02  -5.1000000e+01
   1.3500000e+02   3.5500000e+02   1.3000000e+02
   1.4300000e+02   2.9100000e+02   1.2300000e+02
   1.6100000e+02   2.2300000e+02   1.7000000e+02
   1.6900000e+02   2.2400000e+02   2.6000000e+01
   1.7000000e+02   3.2200000e+02   1.2300000e+02
   1.8200000e+02   3.0000000e+02   6.9000000e+01
   2.0600000e+02   2.6500000e+02  -1.1700000e+02
   2.0900000e+02   3.0400000e+02  -1.1300000e+02
   2.5100000e+02   2.5100000e+02  -1.2100000e+02
