   8.4000000e+01   2.6400000e+02  -3.3690068e+01
   1.0400000e+02   2.7900000e+02  -3.6869898e+01
   1.0400000e+02   3.3000000e+02  -2.6565051e+01
   1.4500000e+02   2.5500000e+02  -6.3434949e+01
   1.5700000e+02   2.2100000e+02   1.1905460e+02
   1.6000000e+02   2.7500000e+02  -5.0194429e+01
   1.7600000e+02   2.8800000e+02  -5.0194429e+01
   1.9000000e+02   3.1000000e+02  -3.9805571e+01
   1.9600000e+02   2.8200000e+02  -5.3130102e+01
   1.9900000e+02   1.8200000e+02   1.5343495e+02
   2.0100000e+02   3.3300000e+02  -3.0256437e+01
   2.2200000e+02   3.4500000e+02  -9.4623222e+00
   2.4300000e+02   1.0100000e+02  -1.5555605e+02
   1.2800000e+02   3.3800000e+02   1.5300000e+02
   1.3200000e+02   1.4700000e+02   1.2000000e+02
   1.3300000e+02   3.5800000e+02   1.6100000e+02
   1.3900000e+02   2.8000000e+02   1.3200000e+02
   1.5800000e+02   1.1200000e+02   1.2600000e+02
   1.5800000e+02   3.4000000e+02   1.6000000e+02
   1.6800000e+02   2.2900000e+02  -5.4000000e+01
   1.7000000e+02   3.2400000e+02   1.5100000e+02
   1.8500000e+02   1.7600000e+02   1.2900000e+02
   2.0300000e+02   2.9100000e+02  -4.3000000e+01
