   1.1100000e+02   2.4000000e+02   9.4623222e+00
   1.2500000e+02   1.9600000e+02   0.0000000e+00
   1.7000000e+02   2.0100000e+02  -2.6565051e+01
   1.7700000e+02   2.2600000e+02  -1.4036243e+01
   2.0000000e+02   2.6500000e+02  -4.7636417e+00
   2.0400000e+02   2.8800000e+02   0.0000000e+00
   2.1200000e+02   3.3100000e+02  -1.6596376e+02
   2.1500000e+02   2.4600000e+02  -2.1801409e+01
   2.2000000e+02   2.9200000e+02   1.6596376e+02
   2.6200000e+02   3.0000000e+02   2.8610460e+01
   2.9900000e+02   2.7000000e+02  -1.2369007e+02
   3.2400000e+02   1.2300000e+02  -1.3772631e+02
   1.0100000e+02   2.4100000e+02   2.6000000e+01
   1.3100000e+02   2.6000000e+02  -1.7100000e+02
   1.7500000e+02   2.4100000e+02   1.7000000e+02
   1.7600000e+02   2.6700000e+02   1.7400000e+02
   1.9200000e+02   1.0200000e+02   1.4900000e+02
   1.9300000e+02   1.7600000e+02  -2.3000000e+01
   2.0100000e+02   1.9400000e+02  -3.1000000e+01
   2.1600000e+02   3.0200000e+02   1.8000000e+02
   2.2000000e+02   2.1600000e+02   1.5700000e+02
   2.2200000e+02   2.6800000e+02   1.7000000e+02
   2.2600000e+02   3.2700000e+02   1.9000000e+01
   2.4700000e+02   1.6200000e+02   1.8000000e+02
   2.6200000e+02   1.9300000e+02   9.0000000e+01
   2.7300000e+02   2.4900000e+02   4.5000000e+01
   2.8600000e+02   2.1800000e+02   7.5000000e+01
   2.8900000e+02   2.7000000e+02   3.9000000e+01
   2.9400000e+02   1.8400000e+02   6.5000000e+01
   3.1300000e+02   2.1300000e+02  -1.1500000e+02
   3.1800000e+02   1.0700000e+02  -1.5000000e+02
   3.1900000e+02   3.5000000e+01  -1.7600000e+02
