   1.4900000e+02   2.1200000e+02   2.6565051e+01
   1.5200000e+02   3.4900000e+02   8.5236358e+01
   1.6600000e+02   1.9700000e+02   3.0256437e+01
   1.7800000e+02   2.3100000e+02  -1.3772631e+02
   2.1900000e+02   2.8700000e+02  -1.2602737e+02
   7.9000000e+01   2.1900000e+02   1.2900000e+02
   8.5000000e+01   3.0800000e+02   1.1600000e+02
   1.0100000e+02   2.8800000e+02   1.2600000e+02
   1.0700000e+02   2.4900000e+02   1.4600000e+02
   1.0700000e+02   3.0800000e+02   1.2600000e+02
   1.6200000e+02   3.0100000e+02  -1.1300000e+02
   1.6700000e+02   3.4400000e+02  -1.1700000e+02
   1.8400000e+02   2.0200000e+02   5.0000000e+01
   1.9000000e+02   3.3200000e+02   5.7000000e+01
   2.0500000e+02   2.8400000e+02  -1.2300000e+02
