   5.3000000e+01   3.0400000e+02  -1.8434949e+01
   7.6000000e+01   3.2000000e+02  -3.0256437e+01
   8.1000000e+01   1.1200000e+02   1.2025644e+02
   8.8000000e+01   1.3200000e+02  -4.7489553e+01
   1.1800000e+02   3.0100000e+02  -5.9743563e+01
   1.3400000e+02   3.2100000e+02  -5.0710593e+01
   1.5000000e+02   1.0600000e+02   1.4974356e+02
   1.5000000e+02   3.3500000e+02  -4.7489553e+01
   1.6600000e+02   3.5500000e+02  -3.0256437e+01
   1.7600000e+02   1.2700000e+02   1.6596376e+02
   1.7700000e+02   1.0400000e+02  -4.7636417e+00
   1.8400000e+02   1.2500000e+02   0.0000000e+00
   2.0400000e+02   7.6000000e+01   1.6156505e+02
   2.0800000e+02   1.5900000e+02   2.6565051e+01
   2.1400000e+02   2.8000000e+02   9.4763642e+01
   2.3800000e+02   1.7600000e+02  -1.4630993e+02
   4.1000000e+01   2.6700000e+02  -3.1000000e+01
   4.2000000e+01   2.8900000e+02  -2.3000000e+01
   4.8000000e+01   2.0900000e+02  -4.0000000e+01
   7.8000000e+01   2.3700000e+02   1.3200000e+02
   1.0300000e+02   2.8600000e+02   1.3200000e+02
   1.2700000e+02   3.4400000e+02   1.4300000e+02
   1.3000000e+02   2.6400000e+02  -5.1000000e+01
   1.3300000e+02   1.1100000e+02   1.3500000e+02
   1.3700000e+02   1.6600000e+02   1.3500000e+02
   1.4200000e+02   2.7700000e+02  -5.2000000e+01
   1.4900000e+02   2.6700000e+02   1.2600000e+02
   1.5400000e+02   1.8700000e+02   1.3700000e+02
   1.7100000e+02   2.2500000e+02   1.5700000e+02
   2.0100000e+02   2.7500000e+02   8.0000000e+01
   2.1300000e+02   7.9000000e+01   1.5700000e+02
   2.2000000e+02   2.3500000e+02  -1.2100000e+02
   2.3400000e+02   7.4000000e+01   1.8000000e+01
   2.3900000e+02   3.4800000e+02  -1.7600000e+02
   2.5100000e+02   1.2100000e+02  -1.5000000e+02
   2.5200000e+02   3.3400000e+02   3.3000000e+01
   2.5300000e+02   2.7000000e+02   5.3000000e+01
   2.8500000e+02   2.2500000e+02   5.5000000e+01
