   9.3000000e+01   2.6100000e+02  -6.5556045e+01
   1.3400000e+02   2.0900000e+02  -4.7726311e+01
   1.6000000e+02   2.5700000e+02  -3.0256437e+01
   1.8100000e+02   2.7300000e+02   0.0000000e+00
   1.9500000e+02   1.5700000e+02   9.0000000e+01
   2.1300000e+02   2.5500000e+02   9.4623222e+00
   2.3100000e+02   2.4100000e+02  -1.6156505e+02
   2.3200000e+02   2.5000000e+02  -1.7053768e+02
   2.3500000e+02   2.2900000e+02  -1.5138954e+02
   2.4000000e+02   1.1600000e+02  -1.0403624e+02
   2.4400000e+02   1.2500000e+02   7.5963757e+01
   2.6200000e+02   1.3000000e+02  -1.0843495e+02
   8.5000000e+01   2.4200000e+02  -3.3000000e+01
   1.1500000e+02   2.4000000e+02   1.4700000e+02
   1.5100000e+02   1.6600000e+02   1.2900000e+02
   1.7900000e+02   1.2700000e+02  -1.2700000e+02
   2.0600000e+02   1.9100000e+02   4.5000000e+01
   2.0600000e+02   2.1500000e+02  -1.7600000e+02
   2.0900000e+02   1.5700000e+02   6.3000000e+01
   2.3100000e+02   1.4600000e+02   6.3000000e+01
   2.6000000e+02   1.0500000e+02  -1.2500000e+02
