   6.5000000e+01   1.8800000e+02  -6.3434949e+01
   9.2000000e+01   2.0600000e+02  -6.3434949e+01
   1.0400000e+02   2.4400000e+02  -5.3130102e+01
   1.1500000e+02   2.9000000e+01   1.4630993e+02
   1.1500000e+02   2.1300000e+02  -6.7380135e+01
   1.3100000e+02   1.0000000e+02  -2.2619865e+01
   1.4700000e+02   3.1200000e+02  -3.0256437e+01
   1.6500000e+02   3.2800000e+02   0.0000000e+00
   1.7000000e+02   2.0300000e+02   9.0000000e+01
   1.7900000e+02   9.4000000e+01  -1.5343495e+02
   1.8000000e+02   2.0700000e+02   8.5236358e+01
   2.0600000e+02   1.0000000e+02  -1.3227369e+02
   2.1800000e+02   8.4000000e+01  -1.2369007e+02
   2.2100000e+02   2.7200000e+02   4.2273689e+01
   2.4500000e+02   2.5800000e+02  -1.3227369e+02
   6.8000000e+01   2.6600000e+02   1.4600000e+02
   7.4000000e+01   3.2400000e+02  -1.9000000e+01
   7.7000000e+01   3.0900000e+02   1.3800000e+02
   9.3000000e+01   1.2300000e+02   1.2300000e+02
   1.3600000e+02   1.9300000e+02   1.1800000e+02
   1.6500000e+02   4.5000000e+01  -1.7600000e+02
   1.9500000e+02   2.1000000e+02   6.3000000e+01
   1.9800000e+02   1.1000000e+02  -1.4100000e+02
   2.1700000e+02   2.0200000e+02   6.1000000e+01
   2.3400000e+02   1.6000000e+02  -1.2100000e+02
   2.4800000e+02   1.6300000e+02   5.9000000e+01
