   7.1000000e+01   2.3100000e+02   9.9462322e+01
   7.9000000e+01   2.4100000e+02  -9.0000000e+01
   7.9000000e+01   2.4900000e+02   9.0000000e+01
   8.4000000e+01   1.4400000e+02   1.5343495e+02
   8.4000000e+01   2.0500000e+02  -9.0000000e+01
   8.7000000e+01   1.1500000e+02  -5.6309932e+01
   9.9000000e+01   2.6800000e+02  -9.0000000e+01
   9.9000000e+01   2.9200000e+02  -9.7125016e+01
   1.1900000e+02   6.2000000e+01  -2.1801409e+01
   1.2800000e+02   6.9000000e+01  -2.6565051e+01
   1.6000000e+02   1.4200000e+02  -6.3434949e+01
   1.9400000e+02   3.2300000e+02  -9.9462322e+01
   1.9600000e+02   2.8900000e+02  -9.0000000e+01
   2.0700000e+02   4.1000000e+01   1.6596376e+02
   2.1400000e+02   4.5000000e+01  -2.6565051e+01
   2.2900000e+02   2.2200000e+02   1.8000000e+02
   2.3000000e+02   2.1100000e+02  -1.4630993e+02
   2.3800000e+02   7.2000000e+01   1.4036243e+01
   2.4000000e+02   3.1300000e+02   1.1396249e+02
   2.4500000e+02   1.4800000e+02   4.0601295e+01
   2.6900000e+02   1.6000000e+01   2.6565051e+01
   2.8300000e+02   2.9400000e+02  -8.5236358e+01
   2.9900000e+02   2.7700000e+02   1.1444395e+02
   3.0500000e+02   2.3100000e+02   8.0537678e+01
   3.1500000e+02   4.3000000e+01  -4.5000000e+01
   3.3000000e+02   1.2100000e+02  -1.5343495e+02
   3.4400000e+02   1.5300000e+02  -1.0669924e+02
   1.2800000e+02   1.5900000e+02   1.1600000e+02
   1.4000000e+02   2.1800000e+02  -1.0000000e+02
   1.5700000e+02   4.6000000e+01   1.5700000e+02
   1.5700000e+02   2.5200000e+02  -1.1300000e+02
   1.6100000e+02   1.8100000e+02   9.9000000e+01
   1.7600000e+02   2.0500000e+02  -1.7300000e+02
   1.7800000e+02   8.1000000e+01  -2.4000000e+01
   1.8000000e+02   1.4900000e+02  -3.7000000e+01
   2.0400000e+02   2.9000000e+01   0.0000000e+00
   2.0700000e+02   1.2900000e+02   1.7500000e+02
   2.1200000e+02   2.5000000e+02   4.5000000e+01
   2.1700000e+02   3.0600000e+02  -6.6000000e+01
   2.2000000e+02   2.2400000e+02  -1.7600000e+02
   2.2400000e+02   2.5900000e+02  -1.0000000e+02
   2.3200000e+02   2.5900000e+02  -1.5700000e+02
   2.3600000e+02   1.4900000e+02   4.2000000e+01
   2.4100000e+02   1.3900000e+02  -1.5000000e+02
   2.4800000e+02   1.3200000e+02   5.6000000e+01
   2.6000000e+02   2.1300000e+02  -1.1300000e+02
   2.6800000e+02   1.3300000e+02   4.7000000e+01
   2.7400000e+02   2.4500000e+02   8.0000000e+01
   2.9800000e+02   2.2500000e+02  -4.1000000e+01
   3.0900000e+02   1.0200000e+02   4.7000000e+01
   3.2200000e+02   1.1700000e+02  -1.2700000e+02
