   6.5000000e+01   1.5300000e+02  -9.5710593e+01
   1.1100000e+02   6.3000000e+01  -2.6565051e+01
   1.1200000e+02   2.6500000e+02  -1.1261986e+02
   1.1300000e+02   2.7300000e+02   6.7380135e+01
   1.2200000e+02   3.2600000e+02  -1.3836646e+02
   1.3100000e+02   1.8400000e+02   9.0000000e+01
   1.3100000e+02   2.9400000e+02  -1.0843495e+02
   1.3300000e+02   3.0200000e+02   6.3434949e+01
   1.4500000e+02   3.2100000e+02  -1.2369007e+02
   1.5300000e+02   1.0000000e+02   1.6156505e+02
   1.5700000e+02   8.6000000e+01   4.5000000e+01
   1.8000000e+02   1.3300000e+02  -1.4752881e+02
   1.8700000e+02   6.2000000e+01  -1.5738014e+02
   1.9200000e+02   1.2700000e+02   4.5000000e+01
   2.0200000e+02   2.5100000e+02   9.4763642e+01
   2.0300000e+02   2.4300000e+02  -9.0000000e+01
   2.1600000e+02   1.2100000e+02  -1.0669924e+02
   2.2300000e+02   3.3600000e+02  -5.6309932e+01
   2.3600000e+02   3.1200000e+02  -8.0537678e+01
   2.5300000e+02   1.3000000e+02   6.3434949e+01
   2.5600000e+02   1.9000000e+01   3.3690068e+01
   2.5800000e+02   7.7000000e+01  -1.2369007e+02
   2.6600000e+02   3.0000000e+02  -7.1565051e+01
   2.6800000e+02   2.1400000e+02  -9.9462322e+01
   2.7000000e+02   2.2200000e+02   8.5236358e+01
   2.9700000e+02   2.3900000e+02   8.0537678e+01
   3.1100000e+02   1.1100000e+02  -1.1261986e+02
   3.2100000e+02   1.9100000e+02   6.8198591e+01
   3.2200000e+02   1.5900000e+02  -9.9462322e+01
   8.7000000e+01   2.3600000e+02   7.1000000e+01
   1.3100000e+02   1.6100000e+02   9.0000000e+01
   1.3100000e+02   1.7200000e+02   9.0000000e+01
   1.5300000e+02   2.1200000e+02  -1.0500000e+02
   1.6900000e+02   1.9100000e+02  -1.0000000e+02
   1.7200000e+02   2.8300000e+02  -1.0900000e+02
   1.7300000e+02   1.6300000e+02  -1.1300000e+02
   1.8000000e+02   1.5600000e+02   6.3000000e+01
   2.2400000e+02   2.2100000e+02   8.0000000e+01
   2.3100000e+02   3.2200000e+02   1.2000000e+02
   2.3600000e+02   2.2100000e+02  -9.0000000e+01
   2.4900000e+02   3.2900000e+02  -6.2000000e+01
   2.5300000e+02   1.8900000e+02   4.5000000e+01
   2.7400000e+02   1.5900000e+02  -1.1300000e+02
