   7.5000000e+01   1.9900000e+02  -6.1389540e+01
   8.8000000e+01   2.8200000e+02   8.5236358e+01
   1.0100000e+02   6.9000000e+01  -2.6565051e+01
   1.0500000e+02   7.6000000e+01   1.6156505e+02
   1.1800000e+02   1.0800000e+02  -3.3690068e+01
   1.2600000e+02   1.5300000e+02  -6.3434949e+01
   1.4700000e+02   1.2900000e+02  -2.6565051e+01
   1.7400000e+02   5.1000000e+01   1.6596376e+02
   1.7500000e+02   1.3200000e+02   0.0000000e+00
   1.8200000e+02   5.0000000e+01   4.7636417e+00
   1.8500000e+02   2.3700000e+02   8.0537678e+01
   1.9400000e+02   2.2500000e+02  -1.3500000e+02
   1.9500000e+02   2.3300000e+02   8.0537678e+01
   1.9600000e+02   8.8000000e+01   1.8434949e+01
   2.0200000e+02   3.2600000e+02  -8.4805571e+01
   2.0500000e+02   1.0700000e+02  -1.5738014e+02
   2.0900000e+02   1.7200000e+02   4.5000000e+01
   2.3100000e+02   6.5000000e+01  -1.5738014e+02
   2.5500000e+02   3.1300000e+02  -9.4763642e+01
   2.6800000e+02   1.6800000e+02   5.6309932e+01
   2.6800000e+02   2.1400000e+02   8.5236358e+01
   2.7400000e+02   1.1800000e+02  -1.2369007e+02
   2.8100000e+02   2.5800000e+02   7.5963757e+01
   2.8400000e+02   7.6000000e+01  -4.5000000e+01
   2.8400000e+02   2.9200000e+02  -8.4805571e+01
   2.8700000e+02   2.4800000e+02  -1.0403624e+02
   2.9000000e+02   2.5800000e+02   7.5963757e+01
   3.0000000e+02   5.9000000e+01   9.0000000e+01
   3.2200000e+02   1.1800000e+02  -1.0843495e+02
   1.2900000e+02   1.9500000e+02   1.0400000e+02
   1.4700000e+02   2.0800000e+02   9.0000000e+01
   1.4900000e+02   1.9900000e+02  -7.2000000e+01
   1.5800000e+02   1.6300000e+02  -4.0000000e+01
   1.6700000e+02   2.5700000e+02  -1.0000000e+02
   1.7100000e+02   4.0000000e+01   4.0000000e+00
   1.7200000e+02   1.7900000e+02   1.2000000e+02
   1.7900000e+02   2.6800000e+02  -1.0000000e+02
   1.9000000e+02   3.2700000e+02  -1.0900000e+02
   3.0800000e+02   2.3500000e+02  -1.1700000e+02
   3.1700000e+02   2.2800000e+02   0.0000000e+00
