   5.2000000e+01   1.2900000e+02   1.3500000e+02
   6.0000000e+01   2.0000000e+02   9.4763642e+01
   6.1000000e+01   1.9100000e+02  -6.3434949e+01
   6.1000000e+01   2.8100000e+02  -1.1261986e+02
   8.2000000e+01   8.7000000e+01  -5.0710593e+01
   8.3000000e+01   2.5200000e+02  -8.0537678e+01
   9.5000000e+01   2.8200000e+02  -1.1261986e+02
   1.0000000e+02   2.7500000e+02  -9.0000000e+01
   1.0700000e+02   3.1300000e+02  -2.6565051e+01
   1.1500000e+02   6.4000000e+01   1.3772631e+02
   1.1900000e+02   3.7000000e+01   1.4903624e+02
   1.1900000e+02   1.3100000e+02   1.1261986e+02
   1.2000000e+02   4.6000000e+01  -2.9744881e+01
   1.2100000e+02   5.7000000e+01  -3.6869898e+01
   1.2300000e+02   1.2300000e+02  -5.6309932e+01
   1.2400000e+02   6.6000000e+01   1.3500000e+02
   1.2500000e+02   2.3300000e+02  -6.3434949e+01
   1.2700000e+02   4.2000000e+01   1.5025512e+02
   1.3100000e+02   6.0000000e+01  -3.9289407e+01
   1.3900000e+02   8.8000000e+01   1.3500000e+02
   1.4100000e+02   4.1000000e+01   1.4397263e+02
   1.4500000e+02   8.2000000e+01  -4.2510447e+01
   1.5100000e+02   8.9000000e+01   1.3500000e+02
   1.5600000e+02   4.3000000e+01   1.4974356e+02
   1.5900000e+02   3.1800000e+02  -3.8659808e+01
   1.6000000e+02   8.0000000e+01   4.5000000e+01
   1.6300000e+02   3.8000000e+01  -2.0556045e+01
   2.0600000e+02   3.1000000e+02  -4.7489553e+01
   2.1400000e+02   2.8000000e+01   1.8000000e+02
   2.2700000e+02   2.8000000e+01   1.4036243e+01
   2.6200000e+02   1.3600000e+02  -7.3300756e+01
   2.7000000e+02   1.2100000e+02  -4.5000000e+01
   2.7900000e+02   1.5300000e+02   9.0000000e+01
   1.1200000e+02   2.1600000e+02   1.1600000e+02
   1.3300000e+02   1.2400000e+02   1.2000000e+02
   1.3400000e+02   2.5500000e+02   1.1600000e+02
   1.5500000e+02   1.4200000e+02   1.3000000e+02
   1.6200000e+02   1.1500000e+02  -4.0000000e+01
   1.6200000e+02   2.5400000e+02   1.3000000e+02
   1.6700000e+02   2.9800000e+02   1.3700000e+02
   1.9600000e+02   1.3000000e+02   3.6000000e+01
   2.0700000e+02   2.2400000e+02  -6.8000000e+01
   2.1200000e+02   1.8900000e+02   1.1200000e+02
   2.2000000e+02   2.0100000e+02   1.2900000e+02
   2.2800000e+02   2.0200000e+02  -8.4000000e+01
   2.3200000e+02   1.1300000e+02  -1.5200000e+02
   2.4600000e+02   1.4100000e+02   9.4000000e+01
   2.6800000e+02   1.0200000e+02  -1.1300000e+02
   2.6900000e+02   2.0200000e+02   1.0400000e+02
