   5.1000000e+01   3.0500000e+02   1.0843495e+02
   5.5000000e+01   2.9100000e+02   1.2200538e+02
   5.7000000e+01   2.8300000e+02  -6.7380135e+01
   6.1000000e+01   3.4700000e+02   9.4763642e+01
   6.5000000e+01   2.8900000e+02   1.0843495e+02
   6.6000000e+01   2.8000000e+02  -5.7528808e+01
   7.5000000e+01   3.1900000e+02   9.6340192e+01
   9.8000000e+01   2.3600000e+02  -4.1185925e+01
   9.9000000e+01   3.0100000e+02   1.0403624e+02
   1.0200000e+02   1.8400000e+02   1.5343495e+02
   1.0700000e+02   2.8100000e+02  -7.1565051e+01
   1.1000000e+02   1.8000000e+02  -2.1801409e+01
   1.1000000e+02   3.5500000e+02  -8.5236358e+01
   1.1700000e+02   2.5200000e+02  -3.3690068e+01
   1.2000000e+02   1.7600000e+02   1.5819859e+02
   1.2000000e+02   3.4900000e+02   8.5236358e+01
   1.2100000e+02   3.4000000e+02  -9.0000000e+01
   1.3100000e+02   3.0900000e+02   9.0000000e+01
   1.4900000e+02   2.7200000e+02   1.5138954e+02
   1.5000000e+02   1.4500000e+02   1.4036243e+01
   1.6400000e+02   2.7000000e+02   2.3962489e+01
   2.0900000e+02   1.9400000e+02  -1.4752881e+02
   2.1900000e+02   2.9300000e+02   9.0000000e+01
   2.2400000e+02   1.5300000e+02  -1.6156505e+02
   2.3000000e+02   1.5900000e+02   3.3690068e+01
   2.4400000e+02   3.0500000e+02   6.3434949e+01
   2.5400000e+02   3.5900000e+02  -1.0525512e+02
   2.7700000e+02   2.8100000e+02   6.7380135e+01
   2.8500000e+02   2.0100000e+02  -1.2369007e+02
   3.0600000e+02   3.5500000e+02   9.0000000e+01
   1.0200000e+02   3.4000000e+02   9.4000000e+01
   1.0900000e+02   2.9900000e+02   1.0800000e+02
   1.2100000e+02   2.7900000e+02   1.2300000e+02
   1.2800000e+02   2.8600000e+02  -4.3000000e+01
   1.5200000e+02   1.6700000e+02   4.0000000e+00
   2.1700000e+02   3.2700000e+02  -1.0900000e+02
