   5.7000000e+01   1.2800000e+02  -8.0537678e+01
   5.7000000e+01   2.7100000e+02  -8.5236358e+01
   6.2000000e+01   2.1400000e+02   9.9462322e+01
   6.3000000e+01   2.0600000e+02  -9.0000000e+01
   6.6000000e+01   1.7300000e+02  -8.0537678e+01
   6.6000000e+01   1.8100000e+02   9.9462322e+01
   6.9000000e+01   2.7400000e+02  -9.4763642e+01
   7.3000000e+01   2.9900000e+02  -1.0403624e+02
   7.8000000e+01   2.5800000e+02  -9.9462322e+01
   7.8000000e+01   2.6600000e+02   8.5236358e+01
   8.4000000e+01   1.2500000e+02  -7.1565051e+01
   8.8000000e+01   2.3000000e+01   1.3251045e+02
   8.8000000e+01   6.9000000e+01   1.2025644e+02
   8.9000000e+01   2.6800000e+02   9.0000000e+01
   9.5000000e+01   1.6400000e+02  -9.7125016e+01
   1.0000000e+02   2.1800000e+02  -9.0000000e+01
   1.0100000e+02   2.2600000e+02   8.4289407e+01
   1.1700000e+02   1.5000000e+01   1.4630993e+02
   1.1700000e+02   2.5000000e+01   1.4397263e+02
   1.2100000e+02   2.3900000e+02   8.0537678e+01
   1.5100000e+02   5.8000000e+01  -2.6565051e+01
   1.7000000e+02   1.5300000e+02   9.0000000e+01
   1.8200000e+02   2.6300000e+02  -9.0000000e+01
   1.8700000e+02   7.5000000e+01   7.5963757e+01
   2.1100000e+02   5.1000000e+01  -1.5944395e+02
   2.2400000e+02   3.4000000e+02  -4.1987212e+01
   2.5400000e+02   2.9800000e+02  -7.5963757e+01
   2.6200000e+02   3.2300000e+02  -5.6309932e+01
   2.7800000e+02   3.1400000e+02  -7.1565051e+01
   2.8600000e+02   1.7500000e+02  -1.0998311e+02
   2.8600000e+02   1.8300000e+02   7.5963757e+01
   2.8700000e+02   1.3100000e+02  -1.2369007e+02
   2.9300000e+02   2.1300000e+02   8.5236358e+01
   7.3000000e+01   4.3000000e+01   1.2600000e+02
   1.1400000e+02   1.5400000e+02  -7.6000000e+01
   1.2700000e+02   2.1100000e+02   6.7000000e+01
   1.3500000e+02   3.2200000e+02  -1.3100000e+02
   1.6200000e+02   1.6800000e+02  -8.5000000e+01
   1.6900000e+02   2.3200000e+02  -1.0500000e+02
   1.7300000e+02   1.6800000e+02   1.0900000e+02
   2.0100000e+02   2.7500000e+02  -1.0900000e+02
   2.1700000e+02   5.8000000e+01  -1.6600000e+02
   2.2500000e+02   2.6300000e+02  -7.1000000e+01
   2.3900000e+02   2.0300000e+02  -2.2000000e+01
   2.4900000e+02   2.3200000e+02  -7.1000000e+01
   2.5000000e+02   2.1400000e+02   8.0000000e+01
   2.8200000e+02   4.3000000e+01  -1.3300000e+02
   3.2800000e+02   1.5900000e+02  -1.2100000e+02
