   8.0000000e+01   5.8000000e+01   1.0843495e+02
   9.8000000e+01   1.3900000e+02  -9.5194429e+01
   1.0300000e+02   2.3000000e+01   1.1261986e+02
   1.1400000e+02   4.1000000e+01   9.0000000e+01
   1.1400000e+02   6.4000000e+01   9.9462322e+01
   1.1600000e+02   1.1300000e+02   9.4763642e+01
   1.1700000e+02   1.0500000e+02  -8.2874984e+01
   1.1900000e+02   2.1500000e+02  -1.0998311e+02
   1.2100000e+02   2.2400000e+02   7.5963757e+01
   1.2700000e+02   2.1300000e+02  -9.4763642e+01
   1.3000000e+02   2.2100000e+02   9.0000000e+01
   1.3100000e+02   6.7000000e+01   1.0843495e+02
   1.3200000e+02   1.2800000e+02  -8.5236358e+01
   1.3200000e+02   1.5100000e+02   9.0000000e+01
   1.3300000e+02   5.9000000e+01  -6.7380135e+01
   1.3400000e+02   9.8000000e+01   9.5194429e+01
   1.3700000e+02   2.4600000e+02   8.5236358e+01
   1.4500000e+02   1.9600000e+02  -1.0030485e+02
   1.4500000e+02   2.0400000e+02   7.4744881e+01
   1.5100000e+02   2.3500000e+02  -1.0403624e+02
   1.5200000e+02   2.7400000e+02  -1.1444395e+02
   1.6500000e+02   3.1000000e+01  -4.5000000e+01
   1.6600000e+02   2.1400000e+02   7.8690068e+01
   1.9000000e+02   2.3600000e+02  -1.1656505e+02
   1.9200000e+02   2.4400000e+02   5.9743563e+01
   2.0600000e+02   1.3200000e+02   8.5236358e+01
   2.0600000e+02   2.7200000e+02  -1.1656505e+02
   2.2600000e+02   1.0100000e+02   5.7528808e+01
   2.3300000e+02   2.8600000e+02  -1.4974356e+02
   2.6000000e+02   2.9000000e+02  -7.1565051e+01
   2.9300000e+02   2.8200000e+02  -6.8198591e+01
   2.9800000e+02   7.1000000e+01   5.3972627e+01
   3.2700000e+02   1.5500000e+02  -1.0998311e+02
   3.2700000e+02   1.6400000e+02   7.0016893e+01
   1.7000000e+02   1.8400000e+02   6.3000000e+01
   1.9700000e+02   1.3200000e+02  -9.5000000e+01
   1.9700000e+02   2.2700000e+02   7.5000000e+01
   2.2500000e+02   1.4700000e+02  -1.0900000e+02
   2.3100000e+02   1.3600000e+02  -1.0900000e+02
   2.3500000e+02   7.2000000e+01   4.7000000e+01
   2.3500000e+02   1.4700000e+02  -1.0900000e+02
   2.4800000e+02   2.4100000e+02  -1.1300000e+02
   2.6900000e+02   2.2400000e+02  -1.0500000e+02
   2.7400000e+02   1.5400000e+02  -1.0500000e+02
   2.8500000e+02   1.5500000e+02  -1.0900000e+02
   2.8900000e+02   1.8700000e+02  -8.0000000e+01
