   9.9000000e+01   1.6000000e+02  -1.3500000e+02
   1.1200000e+02   1.4300000e+02   1.0130993e+02
   1.1400000e+02   1.3400000e+02  -6.3434949e+01
   1.2400000e+02   2.2500000e+02   7.5963757e+01
   1.3200000e+02   2.1500000e+02   8.0537678e+01
   1.4100000e+02   1.8300000e+02   9.0000000e+01
   1.4200000e+02   1.1600000e+02   1.1656505e+02
   1.4200000e+02   1.7500000e+02  -8.0537678e+01
   1.4300000e+02   8.8000000e+01  -4.5000000e+01
   1.5300000e+02   2.1400000e+02  -9.7125016e+01
   1.6800000e+02   8.8000000e+01  -2.9744881e+01
   1.8100000e+02   2.0600000e+02   9.0000000e+01
   1.8300000e+02   5.9000000e+01  -1.4036243e+01
   1.8500000e+02   3.0700000e+02  -1.1444395e+02
   1.9600000e+02   3.0700000e+02   4.5000000e+01
   2.1800000e+02   2.0100000e+02  -1.0403624e+02
   2.1900000e+02   2.0900000e+02   7.5963757e+01
   2.2900000e+02   1.7400000e+02  -1.2247119e+02
   2.3800000e+02   2.9800000e+02  -9.0000000e+01
   2.5000000e+02   6.2000000e+01   2.6565051e+01
   2.7200000e+02   1.0200000e+02  -1.3500000e+02
   2.8300000e+02   1.3100000e+02  -1.2686990e+02
   2.8600000e+02   1.3900000e+02   5.9036243e+01
   2.8600000e+02   1.8100000e+02  -1.1055605e+02
   2.8800000e+02   1.8900000e+02   7.5963757e+01
   2.9100000e+02   1.1200000e+02   6.0945396e+01
   3.0500000e+02   1.1900000e+02  -1.2025644e+02
   3.1900000e+02   2.2800000e+02   8.5236358e+01
   3.2500000e+02   9.7000000e+01  -1.2686990e+02
   3.2600000e+02   2.2000000e+02  -1.0403624e+02
   3.3600000e+02   1.5000000e+02  -1.2025644e+02
   3.3800000e+02   1.9000000e+02  -1.1861046e+02
   1.8400000e+02   2.7100000e+02  -1.1300000e+02
   2.2600000e+02   2.9800000e+02  -1.0900000e+02
   2.5800000e+02   3.0600000e+02   1.0800000e+02
   2.7300000e+02   2.2800000e+02   7.5000000e+01
   3.0700000e+02   6.1000000e+01   5.3000000e+01
