   8.4000000e+01   2.1600000e+02   1.4071059e+02
   1.0700000e+02   2.7900000e+02   1.1261986e+02
   1.2400000e+02   3.3600000e+02   3.0256437e+01
   1.5300000e+02   3.3200000e+02   1.4036243e+01
   1.6500000e+02   2.7800000e+02   4.5000000e+01
   1.7200000e+02   1.2200000e+02  -1.6596376e+02
   1.8100000e+02   2.4500000e+02  -1.4071059e+02
   1.8100000e+02   3.0400000e+02   1.8434949e+01
   1.9500000e+02   1.9800000e+02   3.9805571e+01
   2.4200000e+02   3.4000000e+02  -1.7523636e+02
   2.4800000e+02   3.1600000e+02  -1.7053768e+02
   2.7100000e+02   2.7900000e+02  -1.4974356e+02
   2.7800000e+02   2.5500000e+02  -1.4071059e+02
   8.0000000e+01   1.6000000e+02  -2.3000000e+01
   9.2000000e+01   2.7200000e+02   1.1600000e+02
   1.0000000e+02   2.5400000e+02   1.1200000e+02
   1.4100000e+02   2.5000000e+02   1.3700000e+02
   1.5300000e+02   3.0300000e+02   3.0000000e+01
   1.6300000e+02   1.8100000e+02   2.6000000e+01
   2.0800000e+02   3.2600000e+02   1.4000000e+01
