   1.0100000e+02   4.3000000e+01   1.3198721e+02
   1.1400000e+02   2.0000000e+02   0.0000000e+00
   1.3500000e+02   1.3900000e+02  -5.0194429e+01
   1.5000000e+02   2.6900000e+02   1.8000000e+02
   1.6500000e+02   1.3700000e+02  -1.2928941e+02
   1.7200000e+02   2.1000000e+02  -1.7523636e+02
   1.8900000e+02   2.5900000e+02   2.6565051e+01
   1.9800000e+02   2.6500000e+02   1.8000000e+02
   2.0100000e+02   7.1000000e+01  -1.4397263e+02
   2.1000000e+02   1.9000000e+02   1.7523636e+02
   2.2200000e+02   2.6100000e+02  -9.4623222e+00
   2.2400000e+02   2.4000000e+01   3.9805571e+01
   2.3000000e+02   3.0300000e+02   1.6156505e+02
   2.3800000e+02   3.0100000e+02   0.0000000e+00
   2.6500000e+02   2.2500000e+02   1.7523636e+02
   2.6500000e+02   2.8600000e+02  -2.2619865e+01
   2.7900000e+02   2.6200000e+02   0.0000000e+00
   3.0100000e+02   1.1400000e+02  -1.3801279e+02
   8.5000000e+01   8.6000000e+01   1.1600000e+02
   9.8000000e+01   1.5000000e+02   1.3700000e+02
   1.1300000e+02   1.8900000e+02   1.6100000e+02
   1.1700000e+02   1.6000000e+02   1.4600000e+02
   1.1900000e+02   7.3000000e+01  -5.4000000e+01
   1.3700000e+02   1.4700000e+02   1.5700000e+02
   1.4000000e+02   1.0400000e+02  -7.5000000e+01
   1.4200000e+02   1.8800000e+02   0.0000000e+00
   1.5600000e+02   1.7800000e+02   1.0000000e+01
   1.6100000e+02   8.0000000e+01  -4.0000000e+01
   1.6900000e+02   7.3000000e+01   1.4300000e+02
   1.7500000e+02   1.9000000e+02  -1.7600000e+02
   1.9500000e+02   1.5900000e+02   1.9000000e+01
   2.0600000e+02   3.9000000e+01   3.9000000e+01
   2.0800000e+02   1.7200000e+02  -1.7100000e+02
   2.1500000e+02   8.5000000e+01  -1.4100000e+02
   2.1600000e+02   1.9700000e+02   1.7000000e+02
   2.1900000e+02   1.8600000e+02  -1.6200000e+02
   2.2500000e+02   1.9700000e+02   0.0000000e+00
   2.3000000e+02   2.3000000e+02   1.7000000e+02
   2.3400000e+02   2.3900000e+02   1.8000000e+02
   2.3600000e+02   1.5100000e+02   2.2000000e+01
   2.3800000e+02   2.4900000e+02   1.7300000e+02
   2.4300000e+02   1.8600000e+02  -1.7600000e+02
   2.5400000e+02   1.8600000e+02   4.0000000e+00
   2.5900000e+02   2.1700000e+02   1.7500000e+02
   2.6900000e+02   1.6300000e+02   1.4000000e+01
   2.6900000e+02   1.7600000e+02   1.8000000e+02
   2.7400000e+02   4.7000000e+01  -1.3500000e+02
   2.8800000e+02   2.1400000e+02   1.6500000e+02
   2.9200000e+02   1.8100000e+02   1.0000000e+01
   2.9600000e+02   2.1400000e+02   0.0000000e+00
   2.9800000e+02   8.6000000e+01   4.5000000e+01
   3.0000000e+02   1.7300000e+02  -1.5800000e+02
