   7.8000000e+01   4.8000000e+01  -3.6869898e+01
   8.9000000e+01   1.9200000e+02  -5.3972627e+01
   1.1100000e+02   1.8500000e+02  -5.9743563e+01
   1.1500000e+02   3.3000000e+01  -9.4623222e+00
   1.2700000e+02   3.5000000e+01   1.5738014e+02
   1.2800000e+02   1.3400000e+02   1.1261986e+02
   1.2900000e+02   1.8300000e+02  -5.6309932e+01
   1.3600000e+02   1.5000000e+01   1.7523636e+02
   1.5800000e+02   1.8000000e+02  -1.3772631e+02
   1.6900000e+02   2.7900000e+02   1.7053768e+02
   1.9400000e+02   1.1600000e+02  -1.4397263e+02
   2.0300000e+02   2.3300000e+02   1.7053768e+02
   2.1400000e+02   6.7000000e+01   3.9805571e+01
   2.4800000e+02   1.6500000e+02  -1.4974356e+02
   2.6100000e+02   2.1100000e+02  -1.7523636e+02
   2.6900000e+02   2.5200000e+02  -1.7523636e+02
   7.8000000e+01   1.3200000e+02   1.1600000e+02
   1.0600000e+02   2.3500000e+02   5.0000000e+00
   1.1100000e+02   1.1900000e+02  -5.4000000e+01
   1.1200000e+02   2.0600000e+02   1.5300000e+02
   1.3000000e+02   1.9200000e+02   1.5700000e+02
   1.3500000e+02   2.3200000e+02   0.0000000e+00
   1.5000000e+02   2.2200000e+02   9.0000000e+00
   1.5200000e+02   1.9800000e+02  -1.4400000e+02
   1.8100000e+02   1.2300000e+02   4.5000000e+01
   1.8300000e+02   5.0000000e+01   3.0000000e+01
   1.8900000e+02   2.0200000e+02   5.0000000e+00
   1.9800000e+02   8.4000000e+01   3.6000000e+01
   2.0000000e+02   2.4200000e+02   1.7500000e+02
   2.1100000e+02   1.2100000e+02   3.6000000e+01
   2.1100000e+02   2.2900000e+02  -1.6200000e+02
   2.1400000e+02   2.0600000e+02   1.7500000e+02
   2.2900000e+02   1.9500000e+02   1.8000000e+01
   2.6500000e+02   9.1000000e+01  -1.3500000e+02
   2.6600000e+02   2.1900000e+02   1.8000000e+02
   2.8200000e+02   1.9000000e+02  -1.5400000e+02
   2.8600000e+02   2.2500000e+02   1.4000000e+01
