   1.0900000e+02   2.3100000e+02   1.2369007e+02
   1.2200000e+02   1.9800000e+02  -3.9805571e+01
   1.2900000e+02   2.3000000e+02  -5.9743563e+01
   1.3100000e+02   1.9600000e+02   1.2369007e+02
   1.4500000e+02   3.0000000e+02  -8.0537678e+01
   1.6900000e+02   2.7700000e+02   8.0537678e+01
   2.0000000e+02   3.3200000e+02  -9.0000000e+01
   2.1400000e+02   3.2300000e+02  -7.1565051e+01
   2.2200000e+02   1.7600000e+02   9.4623222e+00
   2.3700000e+02   3.0500000e+02  -1.6596376e+02
   2.7000000e+02   3.4900000e+02   1.5555605e+02
   2.7400000e+02   1.6400000e+02   0.0000000e+00
   3.0400000e+02   3.2800000e+02   1.3836646e+02
   3.2200000e+02   2.1100000e+02  -1.7287498e+02
   3.3300000e+02   2.5400000e+02   1.6596376e+02
   3.4200000e+02   2.7700000e+02   1.5343495e+02
   1.3100000e+02   2.7400000e+02   9.4000000e+01
   1.6900000e+02   9.3000000e+01  -2.4000000e+01
   1.7900000e+02   1.3800000e+02   1.7000000e+02
   1.8100000e+02   2.9500000e+02  -1.0000000e+02
   1.8700000e+02   1.8000000e+02  -1.0000000e+01
   1.9100000e+02   2.3800000e+02   1.0800000e+02
   2.0300000e+02   2.0200000e+02   1.7000000e+02
   2.0300000e+02   3.4200000e+02   1.0200000e+02
   2.2200000e+02   1.9900000e+02   1.4000000e+01
   2.2300000e+02   2.6000000e+02   9.4000000e+01
   2.2600000e+02   2.4300000e+02   1.0000000e+01
   2.4600000e+02   2.8800000e+02   0.0000000e+00
   2.5400000e+02   3.4400000e+02  -2.7000000e+01
   2.6300000e+02   2.8800000e+02   1.7500000e+02
   2.6400000e+02   2.7600000e+02  -1.5000000e+01
   3.0000000e+02   2.7000000e+02   1.7000000e+02
   3.0500000e+02   2.8100000e+02  -1.5000000e+01
   3.2800000e+02   3.3200000e+02   1.4300000e+02
   3.3200000e+02   2.2900000e+02   1.7000000e+02
   3.4100000e+02   2.8800000e+02  -3.9000000e+01
   3.4900000e+02   2.8200000e+02   1.3800000e+02
