   1.0100000e+02   2.5900000e+02  -3.0256437e+01
   1.1700000e+02   2.1000000e+02  -1.4036243e+01
   1.6100000e+02   1.7500000e+02   1.4036243e+01
   2.4400000e+02   2.7600000e+02   0.0000000e+00
   3.0100000e+02   3.2400000e+02  -1.3772631e+02
   9.3000000e+01   3.4400000e+02   1.2300000e+02
   9.5000000e+01   2.5000000e+02  -2.7000000e+01
   1.3900000e+02   1.8300000e+02  -5.0000000e+00
   1.5200000e+02   2.4000000e+02   1.7000000e+02
   1.6300000e+02   2.6800000e+02   1.6100000e+02
   1.6500000e+02   3.5500000e+02   1.2000000e+02
   1.6900000e+02   2.9500000e+02   1.6500000e+02
   1.8200000e+02   2.3900000e+02   1.4000000e+01
   1.8300000e+02   2.9500000e+02   1.8000000e+01
   2.0600000e+02   3.6000000e+02   3.9000000e+01
   2.1200000e+02   3.4800000e+02   4.2000000e+01
   2.2400000e+02   3.5900000e+02  -1.3800000e+02
   2.3000000e+02   2.9400000e+02  -1.4100000e+02
   2.8300000e+02   3.1500000e+02  -1.3300000e+02
   2.9100000e+02   3.5800000e+02  -1.3800000e+02
