   1.0500000e+02   9.2000000e+01  -3.3690068e+01
   1.1100000e+02   2.3900000e+02  -5.3130102e+01
   1.3200000e+02   1.0800000e+02  -2.2619865e+01
   1.3200000e+02   2.3400000e+02  -5.3130102e+01
   1.4500000e+02   7.8000000e+01   1.2528808e+01
   1.5200000e+02   1.9600000e+02   1.1261986e+02
   2.2200000e+02   4.3000000e+01  -1.5738014e+02
   2.2200000e+02   3.4800000e+02   1.8434949e+01
   2.4000000e+02   1.1900000e+02   3.6869898e+01
   2.6100000e+02   4.4000000e+01   3.6027373e+01
   2.6900000e+02   2.2200000e+02  -1.3772631e+02
   2.8200000e+02   3.3000000e+02  -9.4623222e+00
   3.0500000e+02   2.6000000e+02  -1.4974356e+02
   1.0200000e+02   1.7800000e+02   1.2300000e+02
   1.0900000e+02   1.1200000e+02   1.3500000e+02
   1.1900000e+02   1.4800000e+02   1.2600000e+02
   1.2300000e+02   2.8500000e+02   1.4700000e+02
   1.3100000e+02   2.6900000e+02   1.6000000e+02
   1.3200000e+02   2.5500000e+02   1.5100000e+02
   1.3600000e+02   1.6700000e+02  -5.7000000e+01
   1.5400000e+02   2.8400000e+02   0.0000000e+00
   1.5500000e+02   7.8000000e+01  -1.0000000e+01
   1.6500000e+02   3.0600000e+02  -1.7600000e+02
   1.6900000e+02   2.7400000e+02   9.0000000e+00
   2.0100000e+02   1.8800000e+02   4.5000000e+01
   2.0900000e+02   1.0100000e+02   2.6000000e+01
   2.1000000e+02   2.5600000e+02   1.4000000e+01
   2.2500000e+02   1.2000000e+02  -1.4400000e+02
   2.2800000e+02   1.3900000e+02   4.5000000e+01
   2.3000000e+02   1.9000000e+01   3.0000000e+01
   2.3200000e+02   2.7200000e+02  -1.7100000e+02
   2.3300000e+02   2.6100000e+02  -1.6600000e+02
   2.4900000e+02   2.3900000e+02  -1.5400000e+02
   2.5400000e+02   2.8600000e+02  -1.7600000e+02
   2.5600000e+02   2.7400000e+02   5.0000000e+00
   2.8800000e+02   1.4400000e+02  -1.3300000e+02
   2.9300000e+02   2.5300000e+02   3.0000000e+01
   2.9600000e+02   1.9900000e+02  -1.4100000e+02
   3.0300000e+02   2.9500000e+02  -1.6600000e+02
