   1.1700000e+02   2.7700000e+02  -5.9743563e+01
   1.2400000e+02   1.4900000e+02  -2.2619865e+01
   1.2800000e+02   3.2800000e+02   1.6869007e+02
   1.3300000e+02   3.0400000e+02   0.0000000e+00
   1.3600000e+02   2.9500000e+02   1.6596376e+02
   1.6000000e+02   3.4800000e+02  -1.6969515e+02
   1.7000000e+02   9.8000000e+01  -1.7053768e+02
   1.8400000e+02   9.9000000e+01   1.4036243e+01
   1.8600000e+02   9.1000000e+01   6.3401917e+00
   2.0100000e+02   2.5400000e+02   6.0945396e+01
   2.1200000e+02   2.6500000e+02   2.3962489e+01
   2.1400000e+02   1.7500000e+02  -1.4212502e+02
   2.1500000e+02   9.1000000e+01   2.6565051e+01
   2.2900000e+02   3.5400000e+02   1.8000000e+02
   2.7000000e+02   3.3900000e+02  -1.7365981e+02
   2.7300000e+02   3.0700000e+02  -1.6474488e+02
   2.7900000e+02   3.3800000e+02   1.9983107e+01
   2.8100000e+02   2.0900000e+02   3.9289407e+01
   1.3500000e+02   1.3500000e+02   1.5700000e+02
   1.4400000e+02   1.5100000e+02   1.3500000e+02
   1.7700000e+02   2.4000000e+02   9.0000000e+01
