   1.0800000e+02   1.8200000e+02   1.5680141e+02
   1.1200000e+02   1.4500000e+02  -5.6309932e+01
   1.2400000e+02   3.2500000e+02  -1.4036243e+01
   1.3200000e+02   3.3000000e+02  -4.7636417e+00
   1.3600000e+02   2.1100000e+02  -5.9743563e+01
   1.4600000e+02   1.0600000e+02   1.3748955e+02
   1.4800000e+02   3.5600000e+02   0.0000000e+00
   1.4900000e+02   2.9300000e+02  -1.8434949e+01
   1.6400000e+02   1.8800000e+02   1.4397263e+02
   1.6800000e+02   1.7900000e+02  -4.2273689e+01
   1.6800000e+02   2.6800000e+02  -2.8610460e+01
   1.7000000e+02   1.5100000e+02  -2.2619865e+01
   1.8000000e+02   2.7800000e+02   1.4974356e+02
   1.8300000e+02   2.1800000e+02   1.3500000e+02
   1.8500000e+02   1.3100000e+02  -4.7636417e+00
   2.0100000e+02   2.1000000e+02   4.5000000e+01
   2.1000000e+02   1.1800000e+02   1.8434949e+01
   2.1100000e+02   3.1300000e+02  -3.9805571e+01
   2.2800000e+02   3.2900000e+02  -3.6869898e+01
   2.5800000e+02   2.9500000e+02   1.2025644e+02
   2.6300000e+02   6.5000000e+01  -1.6596376e+02
   2.6700000e+02   2.6700000e+02  -8.4289407e+01
   2.7900000e+02   2.1900000e+02   7.1565051e+01
   1.0300000e+02   1.8900000e+02  -8.6000000e+01
   1.1700000e+02   2.2000000e+02  -9.0000000e+01
   1.2700000e+02   1.7600000e+02   1.1200000e+02
   1.3800000e+02   1.8500000e+02  -5.8000000e+01
   1.4200000e+02   2.0200000e+02   1.2300000e+02
   1.9900000e+02   2.0000000e+02   4.2000000e+01
   2.1300000e+02   2.5600000e+02   1.2600000e+02
   2.2500000e+02   2.0200000e+02   6.5000000e+01
   2.4400000e+02   1.4500000e+02  -1.4400000e+02
   2.5400000e+02   3.3000000e+02   1.4600000e+02
