   1.2200000e+02   1.1400000e+02  -6.3434949e+01
   1.2600000e+02   2.5300000e+02  -4.7726311e+01
   1.2600000e+02   2.6200000e+02   1.6156505e+02
   1.3400000e+02   2.5900000e+02  -2.6565051e+01
   1.4500000e+02   2.6000000e+02  -9.4623222e+00
   1.5600000e+02   2.4100000e+02  -2.6565051e+01
   1.6700000e+02   2.2700000e+02  -3.9805571e+01
   1.6700000e+02   3.5600000e+02   4.7636417e+00
   1.6900000e+02   3.0100000e+02  -4.7636417e+00
   1.7600000e+02   7.7000000e+01   1.3251045e+02
   1.8600000e+02   2.6500000e+02  -2.2619865e+01
   1.9400000e+02   1.3500000e+02  -3.5537678e+01
   2.0100000e+02   1.3000000e+02   1.4446232e+02
   2.0300000e+02   2.3000000e+01   1.5343495e+02
   2.0300000e+02   1.2200000e+02  -2.2619865e+01
   2.0400000e+02   2.4000000e+02  -3.0256437e+01
   2.1100000e+02   2.0000000e+01  -1.8434949e+01
   2.1700000e+02   1.0100000e+02  -9.4623222e+00
   2.1900000e+02   1.9000000e+02   1.3500000e+02
   2.2700000e+02   3.0700000e+02  -1.9983107e+01
   2.3600000e+02   1.8000000e+02   4.5000000e+01
   2.4000000e+02   8.7000000e+01   1.4036243e+01
   2.4700000e+02   2.8200000e+02  -4.2510447e+01
   2.7300000e+02   3.3000000e+02  -6.3401917e+00
   2.8000000e+02   2.0800000e+02   9.4763642e+01
   1.5300000e+02   1.9200000e+02  -9.0000000e+01
   1.6000000e+02   2.0800000e+02   1.2000000e+02
   1.6100000e+02   1.4900000e+02   1.1400000e+02
   1.6700000e+02   1.8300000e+02   1.1200000e+02
   1.7300000e+02   1.5700000e+02  -6.0000000e+01
   1.7900000e+02   1.7400000e+02   1.3700000e+02
   2.1100000e+02   1.5800000e+02   1.3200000e+02
   2.1700000e+02   2.4300000e+02  -3.1000000e+01
   2.3400000e+02   1.7100000e+02   3.9000000e+01
   2.4800000e+02   2.2600000e+02   1.2600000e+02
   2.5900000e+02   1.7100000e+02   6.7000000e+01
   2.7300000e+02   1.1200000e+02  -1.4400000e+02
