   1.1700000e+02   2.7800000e+02  -5.6309932e+01
   1.2300000e+02   3.0000000e+02  -3.6869898e+01
   1.2500000e+02   3.0800000e+02   1.6596376e+02
   1.3000000e+02   3.2700000e+02  -9.4623222e+00
   1.3300000e+02   3.0700000e+02  -2.2619865e+01
   1.4300000e+02   3.0900000e+02  -4.7636417e+00
   1.4600000e+02   3.5200000e+02   1.7523636e+02
   1.5400000e+02   3.5300000e+02   9.4623222e+00
   1.6600000e+02   2.7800000e+02  -3.3690068e+01
   1.6600000e+02   3.5000000e+02   0.0000000e+00
   1.7900000e+02   3.5000000e+02   1.8000000e+02
   1.8400000e+02   3.1600000e+02  -1.8434949e+01
   1.8600000e+02   1.2600000e+02   1.3500000e+02
   1.8700000e+02   3.5000000e+02  -1.0304846e+01
   2.0200000e+02   2.9300000e+02  -2.6565051e+01
   2.1500000e+02   3.0200000e+02   1.4974356e+02
   2.1600000e+02   7.2000000e+01   1.5738014e+02
   2.1900000e+02   2.4400000e+02   1.3500000e+02
   2.2100000e+02   1.5600000e+02  -1.4036243e+01
   2.2200000e+02   3.3000000e+02   1.4752881e+02
   2.2400000e+02   7.0000000e+01  -1.8434949e+01
   2.4600000e+02   1.4000000e+02   1.4036243e+01
   2.7000000e+02   2.7900000e+02   1.2369007e+02
   2.7700000e+02   3.0300000e+02  -6.3434949e+01
   1.5400000e+02   2.4200000e+02  -9.0000000e+01
   1.5900000e+02   2.5900000e+02   1.2000000e+02
   1.6500000e+02   1.9800000e+02   1.1600000e+02
   1.6800000e+02   2.3400000e+02   1.1600000e+02
   1.7600000e+02   2.0900000e+02  -5.7000000e+01
   1.7900000e+02   2.2600000e+02   1.3800000e+02
   2.1300000e+02   2.1200000e+02   1.3500000e+02
   2.3500000e+02   2.2500000e+02   3.9000000e+01
   2.4900000e+02   2.7900000e+02   1.2900000e+02
   2.6200000e+02   2.2500000e+02   6.7000000e+01
   2.8000000e+02   1.6500000e+02  -1.4700000e+02
