   6.0000000e+01   1.1900000e+02  -7.5963757e+01
   6.8000000e+01   1.7300000e+02   9.0000000e+01
   6.9000000e+01   1.6400000e+02  -8.5236358e+01
   7.3000000e+01   2.0100000e+02  -8.5236358e+01
   8.4000000e+01   8.4000000e+01   1.1656505e+02
   8.9000000e+01   7.5000000e+01  -4.5000000e+01
   9.0000000e+01   1.9300000e+02  -9.0000000e+01
   9.1000000e+01   6.2000000e+01   1.2980557e+02
   9.1000000e+01   2.0300000e+02   8.0537678e+01
   9.7000000e+01   5.4000000e+01  -3.6027373e+01
   9.8000000e+01   1.2900000e+02   1.0403624e+02
   9.8000000e+01   1.9700000e+02  -9.0000000e+01
   1.0100000e+02   2.0500000e+02   8.5236358e+01
   1.2000000e+02   2.9400000e+02  -8.5236358e+01
   1.2900000e+02   3.1300000e+02  -7.1565051e+01
   1.3500000e+02   9.9000000e+01  -3.6869898e+01
   1.3800000e+02   3.0600000e+02  -7.1565051e+01
   1.4300000e+02   1.5500000e+02  -4.7726311e+01
   1.4500000e+02   1.3300000e+02  -4.2273689e+01
   1.4600000e+02   1.2000000e+02   1.2602737e+02
   1.4600000e+02   3.0000000e+02  -6.9443955e+01
   1.4800000e+02   2.0700000e+02  -7.1565051e+01
   1.5600000e+02   3.2600000e+02  -3.6869898e+01
   1.5700000e+02   3.0400000e+02  -4.2273689e+01
   1.6000000e+02   3.4100000e+02   1.4446232e+02
   1.6700000e+02   2.4700000e+02  -6.3434949e+01
   1.7200000e+02   2.7500000e+02  -5.4462322e+01
   1.7300000e+02   2.0800000e+02  -9.5710593e+01
   1.9400000e+02   2.8800000e+02  -4.7726311e+01
   1.9800000e+02   2.5900000e+02  -5.9743563e+01
   2.4100000e+02   2.3200000e+02   9.9462322e+01
   2.4200000e+02   2.2200000e+02  -9.7125016e+01
   2.5000000e+02   2.1000000e+02  -1.1261986e+02
   2.5000000e+02   2.1900000e+02   9.4763642e+01
   2.5200000e+02   3.1700000e+02  -3.9805571e+01
   2.5600000e+02   2.7700000e+02  -6.7380135e+01
   2.8500000e+02   2.6400000e+02  -8.0537678e+01
   3.0200000e+02   3.0800000e+02  -3.0256437e+01
   1.2000000e+02   1.9800000e+02  -1.0500000e+02
   1.3100000e+02   1.9900000e+02  -1.1700000e+02
   1.4000000e+02   2.2500000e+02  -1.0900000e+02
   1.4500000e+02   2.4900000e+02  -1.0900000e+02
   1.9200000e+02   1.8400000e+02   9.0000000e+00
   2.0000000e+02   1.1500000e+02  -1.7600000e+02
   2.1500000e+02   1.7300000e+02   3.9000000e+01
   2.3200000e+02   2.2600000e+02  -8.1000000e+01
   2.5900000e+02   1.5800000e+02  -1.3300000e+02
