   1.0900000e+02   3.3800000e+02   5.7105931e+00
   1.1200000e+02   2.8900000e+02  -2.2619865e+01
   1.2800000e+02   1.9400000e+02   1.2369007e+02
   1.4000000e+02   2.9200000e+02  -2.6565051e+01
   1.5400000e+02   2.5200000e+02  -9.0000000e+01
   1.8500000e+02   2.7400000e+02  -3.0256437e+01
   2.0200000e+02   3.1200000e+02  -9.4623222e+00
   2.1800000e+02   1.2300000e+02   1.4313010e+02
   2.2600000e+02   2.6100000e+02  -3.4992020e+01
   2.3900000e+02   3.2900000e+02   1.5738014e+02
   2.9500000e+02   2.2900000e+02  -1.5555605e+02
   1.2500000e+02   2.7200000e+02   1.4600000e+02
   1.3800000e+02   6.6000000e+01  -4.5000000e+01
   1.4300000e+02   3.2100000e+02  -1.7600000e+02
   1.5500000e+02   2.4100000e+02  -6.8000000e+01
   1.6800000e+02   2.8200000e+02   1.4300000e+02
   1.7000000e+02   1.5900000e+02   1.2300000e+02
   1.7100000e+02   3.3600000e+02  -1.7600000e+02
   1.9400000e+02   2.2700000e+02   1.2600000e+02
   2.0300000e+02   2.2100000e+02   1.6400000e+02
   2.0700000e+02   1.9400000e+02  -4.8000000e+01
   2.0900000e+02   2.5900000e+02   1.4600000e+02
   2.1700000e+02   2.8600000e+02   1.4600000e+02
   2.2300000e+02   2.7000000e+02  -3.1000000e+01
   2.3200000e+02   6.3000000e+01   1.6100000e+02
   2.3700000e+02   2.9400000e+02  -2.7000000e+01
   2.4100000e+02   1.9100000e+02  -5.0000000e+00
   2.5800000e+02   2.2500000e+02   3.6000000e+01
   2.6800000e+02   2.0400000e+02   4.7000000e+01
   2.7200000e+02   2.7800000e+02   1.3500000e+02
   3.1000000e+02   1.6700000e+02  -1.4700000e+02
