   1.3800000e+02   2.2700000e+02   1.2247119e+02
   1.5400000e+02   3.0000000e+02  -3.0256437e+01
   1.6100000e+02   1.7000000e+02  -4.2273689e+01
   1.7600000e+02   2.0300000e+02   1.1656505e+02
   1.7900000e+02   2.1400000e+02  -4.5000000e+01
   2.0900000e+02   1.1200000e+02   1.5738014e+02
   2.1700000e+02   1.1000000e+02  -2.2619865e+01
   2.3500000e+02   1.2300000e+02   1.7287498e+02
   2.5700000e+02   2.6200000e+02   9.0000000e+01
   1.4100000e+02   3.4700000e+02   1.7500000e+02
   2.7700000e+02   1.7700000e+02  -1.4800000e+02
   2.8800000e+02   2.5600000e+02  -1.0500000e+02
