   1.1600000e+02   2.0700000e+02   1.0403624e+02
   1.1700000e+02   3.0600000e+02  -2.2619865e+01
   1.2200000e+02   3.1300000e+02   1.6156505e+02
   1.2500000e+02   1.6000000e+02  -4.7489553e+01
   1.2700000e+02   2.0400000e+02  -6.7380135e+01
   1.2800000e+02   2.9300000e+02  -3.9289407e+01
   1.6800000e+02   7.1000000e+01  -2.6565051e+01
   2.1300000e+02   1.0600000e+02   1.4036243e+01
   2.2700000e+02   2.4600000e+02   8.3659808e+01
   2.3300000e+02   1.8900000e+02   5.3130102e+01
   2.3800000e+02   3.3500000e+02   1.3772631e+02
   2.4700000e+02   1.1400000e+02  -1.6596376e+02
   2.7100000e+02   1.8200000e+02   3.6869898e+01
   2.7300000e+02   2.0400000e+02  -1.3227369e+02
   2.3800000e+02   1.7800000e+02  -1.3900000e+02
   2.6900000e+02   2.4600000e+02  -1.0500000e+02
