   5.1000000e+01   1.1500000e+02  -1.7428941e+02
   6.0000000e+01   1.5400000e+02   8.5236358e+01
   6.1000000e+01   1.4500000e+02  -8.5236358e+01
   7.4000000e+01   1.0600000e+02   1.1261986e+02
   7.7000000e+01   3.1000000e+01  -9.4623222e+00
   9.1000000e+01   2.4600000e+02   6.7380135e+01
   1.1500000e+02   2.8400000e+02  -1.2369007e+02
   1.3600000e+02   2.5700000e+02  -1.1656505e+02
   1.3600000e+02   2.6500000e+02   4.1987212e+01
   1.4300000e+02   2.6100000e+02   4.5000000e+01
   1.5200000e+02   3.2200000e+02  -1.6156505e+02
   1.5800000e+02   3.2800000e+02   9.4623222e+00
   1.8400000e+02   2.9700000e+02  -1.5738014e+02
   1.9600000e+02   3.1300000e+02  -1.7523636e+02
   2.1600000e+02   2.3800000e+02  -1.3500000e+02
   2.2100000e+02   2.8000000e+02  -1.5738014e+02
   2.2800000e+02   3.4200000e+02   1.7523636e+02
   2.3700000e+02   1.3900000e+02   4.8012788e+01
   2.3800000e+02   3.1900000e+02   1.7053768e+02
   2.4000000e+02   1.0300000e+02   5.9743563e+01
   1.2100000e+02   1.2800000e+02   3.0000000e+01
   1.5200000e+02   2.9000000e+02   3.3000000e+01
   1.5800000e+02   6.5000000e+01  -1.4700000e+02
   2.0800000e+02   2.7400000e+02   2.6000000e+01
   2.1800000e+02   5.7000000e+01  -1.3800000e+02
