   9.2000000e+01   2.1700000e+02  -1.0403624e+02
   1.1800000e+02   2.7400000e+02  -1.2025644e+02
   1.1900000e+02   2.9000000e+02  -1.4974356e+02
   1.3200000e+02   9.2000000e+01   1.1261986e+02
   1.3700000e+02   2.9400000e+02  -1.4630993e+02
   1.6500000e+02   2.8400000e+02  -1.3772631e+02
   1.6600000e+02   1.9000000e+01   1.8000000e+02
   1.6900000e+02   2.6800000e+02  -1.2686990e+02
   1.7500000e+02   3.1400000e+02  -1.6156505e+02
   1.8800000e+02   2.4700000e+02   4.2273689e+01
   2.0600000e+02   3.0400000e+02  -1.6156505e+02
   2.0900000e+02   2.5400000e+02  -1.4397263e+02
   2.2600000e+02   1.0600000e+02  -1.1656505e+02
   2.3100000e+02   9.4000000e+01  -1.3163354e+02
   2.4000000e+02   2.8000000e+02  -1.6156505e+02
   2.4700000e+02   3.2700000e+02  -1.6869007e+02
   2.5000000e+02   2.9600000e+02  -1.7523636e+02
   2.7300000e+02   3.0400000e+02  -1.7053768e+02
   2.7500000e+02   2.6400000e+02  -1.5343495e+02
   2.8200000e+02   2.8600000e+02  -1.6474488e+02
   7.9000000e+01   6.4000000e+01  -4.0000000e+01
   8.3000000e+01   1.3200000e+02   1.2200000e+02
   1.0000000e+02   1.6200000e+02   1.0400000e+02
   1.3500000e+02   1.2500000e+02   9.0000000e+01
   1.3500000e+02   1.4600000e+02   8.2000000e+01
   1.3500000e+02   2.3100000e+02  -1.0900000e+02
   1.4000000e+02   9.4000000e+01   1.2600000e+02
   1.4300000e+02   8.6000000e+01  -3.1000000e+01
   1.5000000e+02   1.1000000e+02   1.1600000e+02
   1.7700000e+02   1.6400000e+02  -1.1700000e+02
   2.0500000e+02   2.7500000e+02   2.2000000e+01
   2.1700000e+02   5.4000000e+01  -1.4700000e+02
   2.3900000e+02   3.2700000e+02   0.0000000e+00
   2.6200000e+02   2.5800000e+02   2.6000000e+01
   2.7100000e+02   1.7800000e+02  -1.2700000e+02
