   1.2800000e+02   2.1800000e+02   1.0843495e+02
   1.4400000e+02   2.8700000e+02  -1.4630993e+02
   1.6100000e+02   9.7000000e+01   1.2025644e+02
   1.6200000e+02   2.9300000e+02  -1.4397263e+02
   1.9100000e+02   2.8400000e+02  -1.4500798e+02
   1.9600000e+02   2.7000000e+02  -1.2686990e+02
   1.9800000e+02   3.1200000e+02  -1.6596376e+02
   2.3200000e+02   3.0500000e+02  -1.6596376e+02
   2.3500000e+02   2.5800000e+02  -1.3251045e+02
   2.4700000e+02   8.0000000e+01  -1.4903624e+02
   2.5600000e+02   2.1800000e+02  -1.1261986e+02
   2.6500000e+02   2.8300000e+02  -1.5343495e+02
   2.7000000e+02   3.0600000e+02  -1.7523636e+02
   2.7900000e+02   2.8100000e+02  -1.5343495e+02
   2.8800000e+02   2.6700000e+02  -1.4630993e+02
   1.0000000e+02   1.6400000e+02   8.5000000e+01
   1.1200000e+02   1.3100000e+02   1.2800000e+02
   1.2900000e+02   1.6200000e+02   1.0800000e+02
   1.5100000e+02   3.6000000e+01   1.5100000e+02
   1.5300000e+02   2.0000000e+01  -1.0000000e+01
   1.6900000e+02   9.8000000e+01   1.2600000e+02
   1.7200000e+02   9.0000000e+01  -2.7000000e+01
   1.8600000e+02   9.4000000e+01  -9.0000000e+01
   2.1300000e+02   1.0800000e+02  -1.5400000e+02
   2.3300000e+02   2.7700000e+02   2.2000000e+01
   2.4700000e+02   6.0000000e+01  -1.4700000e+02
