   3.1000000e+01   1.6100000e+02  -7.4744881e+01
   8.9000000e+01   2.2500000e+02   8.0537678e+01
   1.2800000e+02   2.6700000e+02  -1.0843495e+02
   1.3500000e+02   3.0400000e+02  -1.0843495e+02
   1.9100000e+02   3.2000000e+01  -1.6596376e+02
   2.1000000e+02   1.9100000e+02   4.5000000e+01
   2.1200000e+02   2.1900000e+02  -1.3836646e+02
   2.1200000e+02   2.8600000e+02   2.2619865e+01
   2.2000000e+02   3.3700000e+02   1.7523636e+02
   2.3700000e+02   2.8800000e+02  -1.4974356e+02
   2.4500000e+02   2.6000000e+02   1.8434949e+01
   2.5500000e+02   1.2700000e+02  -1.2865981e+02
   7.2000000e+01   8.6000000e+01  -5.1000000e+01
   7.5000000e+01   1.3600000e+02   1.0400000e+02
   7.7000000e+01   1.2800000e+02  -8.1000000e+01
   8.2000000e+01   1.4100000e+02   1.0400000e+02
   8.6000000e+01   4.7000000e+01   1.4000000e+02
   1.3300000e+02   1.1700000e+02   1.2000000e+02
   1.4600000e+02   1.2000000e+02  -1.9000000e+01
   1.4600000e+02   1.6200000e+02  -9.5000000e+01
   1.6900000e+02   1.2800000e+02   1.8000000e+02
   1.9100000e+02   7.1000000e+01  -1.7100000e+02
   1.9900000e+02   5.3000000e+01  -1.6200000e+02
   2.1000000e+02   5.5000000e+01   1.8000000e+01
