   1.4000000e+02   1.3900000e+02   1.8000000e+02
   1.9700000e+02   1.9600000e+02  -1.7523636e+02
   2.0200000e+02   1.4000000e+02  -1.5555605e+02
   2.4300000e+02   1.4100000e+02   1.5025512e+02
   2.7800000e+02   2.7700000e+02  -1.4019443e+02
   1.0900000e+02   1.8900000e+02   1.5100000e+02
   1.1400000e+02   1.5300000e+02  -1.5000000e+01
   1.1800000e+02   3.4800000e+02   1.3500000e+02
   1.3900000e+02   2.7100000e+02  -9.0000000e+01
   1.4900000e+02   2.2800000e+02  -2.3000000e+01
   1.7700000e+02   2.0000000e+02   1.7000000e+02
   1.8900000e+02   2.7800000e+02   1.4900000e+02
   2.0200000e+02   3.3600000e+02   1.0800000e+02
   2.0800000e+02   2.2400000e+02  -1.7100000e+02
   2.1800000e+02   3.1300000e+02  -1.5800000e+02
   2.7400000e+02   2.5200000e+02  -1.4100000e+02
   2.8200000e+02   2.5800000e+02   3.6000000e+01
   2.9600000e+02   3.3300000e+02  -1.2700000e+02
