   1.1600000e+02   3.2900000e+02  -1.1261986e+02
   1.7900000e+02   2.6300000e+02   7.1565051e+01
   2.0300000e+02   3.5800000e+02  -1.7365981e+02
   2.5200000e+02   3.5700000e+02  -1.5343495e+02
   2.6700000e+02   2.4600000e+02   5.9743563e+01
   5.6000000e+01   2.2900000e+02  -6.8000000e+01
   9.5000000e+01   1.9000000e+02  -5.4000000e+01
   1.0800000e+02   1.0500000e+02  -1.9000000e+01
   1.0900000e+02   2.0300000e+02   1.0400000e+02
   1.2000000e+02   3.1400000e+02  -1.0900000e+02
   1.2400000e+02   3.2500000e+02  -1.1300000e+02
   1.2500000e+02   2.4300000e+02   6.5000000e+01
   1.3000000e+02   3.1500000e+02  -1.0900000e+02
   1.4000000e+02   1.8000000e+02   1.2800000e+02
   1.7200000e+02   1.9100000e+02  -1.5800000e+02
   1.7200000e+02   2.4800000e+02  -1.1300000e+02
   2.2200000e+02   2.9100000e+02  -1.2100000e+02
   2.2500000e+02   2.2000000e+02  -1.2700000e+02
   2.3100000e+02   2.3100000e+02   6.1000000e+01
   2.3300000e+02   1.3600000e+02  -1.3500000e+02
   2.4000000e+02   1.4300000e+02   4.2000000e+01
   2.6000000e+02   1.0600000e+02  -1.4100000e+02
   2.6700000e+02   2.6900000e+02   5.0000000e+01
