   8.6000000e+01   1.2200000e+02   1.0843495e+02
   8.8000000e+01   1.0900000e+02  -5.0710593e+01
   1.0300000e+02   1.5300000e+02  -8.5236358e+01
   1.0300000e+02   1.6100000e+02   9.0000000e+01
   1.1200000e+02   2.7300000e+02   5.9743563e+01
   1.1500000e+02   2.6000000e+02  -1.1261986e+02
   1.2900000e+02   3.1200000e+02  -1.3801279e+02
   1.3400000e+02   2.7000000e+01   1.8000000e+02
   1.5900000e+02   2.9100000e+02  -1.2928941e+02
   1.6600000e+02   3.0600000e+02  -1.4630993e+02
   1.7800000e+02   2.6900000e+02   4.7726311e+01
   1.8400000e+02   3.2000000e+01   2.2619865e+01
   1.8600000e+02   1.6000000e+01   1.0304846e+01
   2.0800000e+02   8.5000000e+01  -1.3500000e+02
   2.1400000e+02   9.1000000e+01   5.6309932e+01
   2.2800000e+02   8.7000000e+01  -1.3500000e+02
   2.2800000e+02   3.5200000e+02   1.6156505e+02
   2.3000000e+02   3.2000000e+01  -1.2928941e+02
   2.3700000e+02   3.3500000e+02   1.7186990e+02
   2.3800000e+02   3.4800000e+02   0.0000000e+00
   2.4000000e+02   3.1800000e+02  -1.7523636e+02
   2.5200000e+02   1.6700000e+02  -1.1656505e+02
   2.5700000e+02   3.3600000e+02   0.0000000e+00
   2.5800000e+02   1.7300000e+02   6.1389540e+01
   2.6200000e+02   3.2400000e+02   1.8000000e+02
   2.6500000e+02   2.8400000e+02  -1.5738014e+02
   1.2400000e+02   5.5000000e+01  -1.9000000e+01
   1.2800000e+02   1.8000000e+01   1.7300000e+02
   1.9800000e+02   1.5300000e+02  -1.2000000e+02
   2.1300000e+02   7.5000000e+01  -1.4700000e+02
   2.5200000e+02   2.5600000e+02  -1.4100000e+02
