   1.0800000e+02   1.0800000e+02  -3.2471192e+01
   1.5200000e+02   3.2900000e+02   5.7994617e+01
   1.5500000e+02   5.0000000e+01   9.4623222e+00
   1.7300000e+02   5.2000000e+01   1.8000000e+02
   1.7300000e+02   3.4300000e+02  -1.2025644e+02
   1.9200000e+02   2.4400000e+02   7.1565051e+01
   2.0300000e+02   8.1000000e+01   2.6565051e+01
   2.0800000e+02   3.1500000e+02  -1.2025644e+02
   2.1300000e+02   3.2200000e+02   4.5000000e+01
   2.3700000e+02   3.2000000e+02  -1.3500000e+02
   2.4200000e+02   3.5500000e+02  -1.5343495e+02
   2.4300000e+02   6.0000000e+01  -1.6156505e+02
   2.4900000e+02   6.6000000e+01   3.9805571e+01
   2.7600000e+02   2.9500000e+02  -1.3198721e+02
   2.8300000e+02   3.3800000e+02  -1.6156505e+02
   1.2200000e+02   8.2000000e+01  -1.0000000e+01
   1.2300000e+02   9.9000000e+01   1.4900000e+02
   1.5000000e+02   1.8900000e+02   9.7000000e+01
   1.8600000e+02   1.7100000e+02  -1.5400000e+02
   2.2100000e+02   2.0200000e+02  -1.2400000e+02
   2.2400000e+02   1.1000000e+02   3.3000000e+01
   2.3200000e+02   1.2700000e+02  -1.4400000e+02
   2.4100000e+02   1.0900000e+02  -1.3800000e+02
   2.5900000e+02   1.8100000e+02  -1.3500000e+02
