   6.3000000e+01   2.5600000e+02  -4.5000000e+01
   7.6000000e+01   1.8400000e+02   1.2928941e+02
   9.5000000e+01   1.3700000e+02  -5.0710593e+01
   9.5000000e+01   2.2700000e+02  -5.6309932e+01
   9.6000000e+01   3.2100000e+02  -1.8434949e+01
   1.0700000e+02   4.5000000e+01  -2.6565051e+01
   1.2100000e+02   3.5300000e+02   0.0000000e+00
   1.4200000e+02   1.8500000e+02  -5.6309932e+01
   1.4200000e+02   3.0400000e+02  -3.0256437e+01
   1.4900000e+02   3.1500000e+02  -2.6565051e+01
   1.5100000e+02   2.8500000e+02  -5.0194429e+01
   1.5100000e+02   3.4900000e+02   4.7636417e+00
   1.5400000e+02   2.9700000e+02   1.4974356e+02
   1.5600000e+02   5.1000000e+01  -2.6565051e+01
   1.5700000e+02   2.4900000e+02   1.1656505e+02
   1.5800000e+02   1.9900000e+02   1.2602737e+02
   1.7200000e+02   2.1400000e+02   1.1861046e+02
   1.7200000e+02   2.6800000e+02   1.1656505e+02
   1.8000000e+02   2.5000000e+02   9.9462322e+01
   1.8300000e+02   2.6700000e+02   6.3434949e+01
   1.8500000e+02   3.0000000e+02  -1.5819859e+02
   1.9300000e+02   1.9600000e+02   1.4313010e+02
   1.9500000e+02   2.2900000e+02   9.0000000e+01
   2.1000000e+02   1.8500000e+02  -1.4397263e+02
   2.1200000e+02   2.9700000e+02  -1.4974356e+02
   2.2600000e+02   1.6100000e+02  -1.2686990e+02
   2.3300000e+02   2.9200000e+02  -1.4019443e+02
   2.3700000e+02   3.1300000e+02  -1.5738014e+02
   2.4700000e+02   3.1800000e+02   1.4036243e+01
   2.5500000e+02   3.1300000e+02  -1.4630993e+02
   2.5600000e+02   8.1000000e+01  -1.4974356e+02
   1.7600000e+02   2.7700000e+02   1.2300000e+02
   1.7700000e+02   1.0900000e+02   1.5700000e+02
   2.0400000e+02   1.5200000e+02   3.6000000e+01
   2.2100000e+02   1.0200000e+02  -1.5000000e+02
   2.2400000e+02   3.3000000e+02   1.8000000e+01
   2.5700000e+02   2.0600000e+02  -1.2100000e+02
