   9.3000000e+01   2.8200000e+02  -3.9805571e+01
   1.0100000e+02   3.2700000e+02  -3.0256437e+01
   1.1300000e+02   3.0100000e+02  -3.3690068e+01
   1.2700000e+02   2.3400000e+02   1.3227369e+02
   1.4500000e+02   2.7700000e+02  -5.3130102e+01
   1.4600000e+02   1.8800000e+02  -5.6309932e+01
   1.5500000e+02   7.7000000e+01  -4.2510447e+01
   1.9300000e+02   2.3200000e+02  -5.6309932e+01
   2.0300000e+02   1.0000000e+02  -3.0256437e+01
   2.0400000e+02   3.3100000e+02  -5.3130102e+01
   2.0600000e+02   3.4200000e+02   1.4313010e+02
   2.0800000e+02   2.4600000e+02   1.2025644e+02
   2.2200000e+02   3.4200000e+02   1.5738014e+02
   2.2400000e+02   2.6000000e+02   1.2247119e+02
   2.2400000e+02   3.1300000e+02   1.1261986e+02
   2.3200000e+02   2.9700000e+02   9.9462322e+01
   2.3600000e+02   3.1100000e+02   6.7380135e+01
   2.4400000e+02   2.4200000e+02   1.4397263e+02
   2.4700000e+02   2.7400000e+02   9.0000000e+01
   2.5700000e+02   4.4000000e+01   4.7636417e+00
   2.7700000e+02   2.0600000e+02  -1.2980557e+02
   2.8700000e+02   3.3600000e+02  -1.4019443e+02
   2.9100000e+02   4.9000000e+01  -1.7053768e+02
   3.0400000e+02   1.2200000e+02  -1.5738014e+02
   2.0800000e+02   2.8300000e+02   1.2000000e+02
   2.2700000e+02   1.5500000e+02   1.5700000e+02
   2.5500000e+02   1.9700000e+02   3.9000000e+01
   2.7100000e+02   1.4800000e+02  -1.5000000e+02
   3.1100000e+02   2.4800000e+02  -1.2700000e+02
   3.2100000e+02   1.9400000e+02   6.3000000e+01
