   1.7400000e+02   2.1000000e+02   1.7523636e+02
   1.9700000e+02   1.5700000e+02  -1.8434949e+01
   2.0100000e+02   2.2300000e+02   4.7636417e+00
   2.4000000e+02   2.7200000e+02   3.3690068e+01
   2.6500000e+02   2.2800000e+02   1.7053768e+02
   3.0600000e+02   1.4500000e+02   1.5343495e+02
   3.0700000e+02   1.3100000e+02  -2.2619865e+01
   3.1600000e+02   1.4900000e+02   1.5343495e+02
   3.2100000e+02   1.7000000e+02   1.5343495e+02
   3.3300000e+02   1.9400000e+02   1.2025644e+02
   3.3700000e+02   1.0900000e+02   1.5343495e+02
   1.5500000e+02   3.0200000e+02   0.0000000e+00
   1.6200000e+02   3.0900000e+02   5.4000000e+01
   1.9500000e+02   2.3800000e+02  -1.7100000e+02
   2.0700000e+02   2.5400000e+02  -1.6200000e+02
   3.3000000e+02   1.4800000e+02   1.4900000e+02
   3.6500000e+02   1.3500000e+02  -1.7600000e+02
