   9.7000000e+01   1.3200000e+02  -3.9805571e+01
   1.0500000e+02   7.5000000e+01  -5.6309932e+01
   1.1000000e+02   1.6900000e+02  -2.6565051e+01
   1.3900000e+02   1.9000000e+02   1.4752881e+02
   1.5100000e+02   2.9000000e+01  -5.3972627e+01
   1.5300000e+02   1.4900000e+02  -3.6869898e+01
   1.6200000e+02   1.5900000e+02  -3.0256437e+01
   1.6400000e+02   1.2700000e+02  -5.3130102e+01
   1.6600000e+02   1.4000000e+02   1.4313010e+02
   1.6600000e+02   1.9300000e+02   0.0000000e+00
   1.6700000e+02   4.3000000e+01   1.1656505e+02
   1.6800000e+02   9.3000000e+01   1.1656505e+02
   1.7300000e+02   2.3700000e+02   0.0000000e+00
   1.8300000e+02   5.8000000e+01   1.2025644e+02
   1.8300000e+02   1.1200000e+02   1.2025644e+02
   1.9200000e+02   9.3000000e+01   9.9462322e+01
   1.9500000e+02   1.1100000e+02   6.3434949e+01
   1.9600000e+02   1.2500000e+02  -1.7480557e+02
   1.9700000e+02   1.4400000e+02  -1.6001689e+02
   2.0400000e+02   3.8000000e+01   1.4397263e+02
   2.0600000e+02   7.2000000e+01   9.0000000e+01
   2.1900000e+02   2.2800000e+02   1.7523636e+02
   2.2300000e+02   1.4000000e+02  -1.4630993e+02
   2.4600000e+02   1.3500000e+02  -1.4313010e+02
   2.4900000e+02   2.0700000e+02  -1.7053768e+02
   2.6700000e+02   1.5300000e+02  -1.4974356e+02
   2.6900000e+02   4.2000000e+01  -1.0843495e+02
   2.7700000e+02   1.7000000e+01   7.1565051e+01
   2.8500000e+02   1.5000000e+01   6.7380135e+01
   1.3100000e+02   1.9600000e+02   1.6500000e+02
   1.8900000e+02   2.4000000e+01   1.3200000e+02
   1.8900000e+02   1.1900000e+02   1.2300000e+02
   1.9700000e+02   3.0000000e+01   4.0000000e+00
   2.3600000e+02   1.7200000e+02   1.4000000e+01
