   1.0500000e+02   2.9400000e+02   1.4974356e+02
   1.0900000e+02   3.5100000e+02   1.6156505e+02
   1.7300000e+02   1.3200000e+02   1.2369007e+02
   1.7700000e+02   8.6000000e+01  -5.9743563e+01
   1.8200000e+02   1.5600000e+02  -4.7489553e+01
   1.9500000e+02   1.8900000e+02  -4.2273689e+01
   2.7800000e+02   3.5900000e+02   1.3772631e+02
   2.8300000e+02   2.2100000e+02  -1.6330076e+02
   2.9400000e+02   1.5400000e+02   0.0000000e+00
   3.1300000e+02   3.2600000e+02  -1.2025644e+02
   3.2800000e+02   1.0400000e+02  -1.7523636e+02
   3.3600000e+02   1.4000000e+02  -1.6001689e+02
   3.4800000e+02   1.3800000e+02  -1.4630993e+02
   3.4900000e+02   1.4900000e+02  -1.7053768e+02
   3.5200000e+02   1.6000000e+02  -1.7053768e+02
   3.5800000e+02   1.7700000e+02  -1.4903624e+02
   1.4200000e+02   1.4700000e+02  -4.0000000e+01
   1.5900000e+02   3.1800000e+02   1.3500000e+02
   1.6300000e+02   1.6500000e+02   1.3700000e+02
   1.6600000e+02   3.2500000e+02  -4.3000000e+01
   1.7000000e+02   1.7400000e+02  -4.3000000e+01
   1.7300000e+02   2.1600000e+02   1.4300000e+02
   1.8000000e+02   3.4300000e+02   1.2900000e+02
   2.0400000e+02   1.0300000e+02   1.3700000e+02
   2.0500000e+02   2.3300000e+02  -4.0000000e+01
   2.0600000e+02   2.4300000e+02  -3.4000000e+01
   2.2400000e+02   2.6200000e+02   1.3700000e+02
   2.3600000e+02   1.6000000e+02   1.4600000e+02
   2.5600000e+02   9.6000000e+01   1.4000000e+02
   2.6400000e+02   2.6900000e+02   1.6500000e+02
   2.6700000e+02   2.9700000e+02   4.0000000e+00
   2.7400000e+02   1.1600000e+02   1.5700000e+02
   2.7700000e+02   3.1300000e+02   1.6100000e+02
   2.7800000e+02   1.2400000e+02  -1.5000000e+01
   2.8000000e+02   2.9900000e+02   1.4000000e+01
   2.8200000e+02   2.0000000e+02   2.1000000e+01
   2.8900000e+02   1.1000000e+02   1.6500000e+02
   2.9200000e+02   2.0200000e+02   9.0000000e+00
   2.9200000e+02   3.1700000e+02   3.6000000e+01
   2.9800000e+02   1.3100000e+02   0.0000000e+00
   3.0000000e+02   3.3800000e+02  -1.4100000e+02
   3.0500000e+02   3.4600000e+02   4.7000000e+01
   3.0700000e+02   1.6300000e+02   1.4000000e+01
   3.0800000e+02   1.5500000e+02   4.0000000e+00
   3.1000000e+02   1.3100000e+02   1.8000000e+02
   3.3000000e+02   3.6000000e+02  -1.2100000e+02
   3.4900000e+02   2.3500000e+02   2.2000000e+01
   3.5800000e+02   2.9800000e+02  -1.3300000e+02
