   7.8000000e+01   2.2600000e+02   1.3500000e+02
   9.3000000e+01   2.7800000e+02  -5.0710593e+01
   1.0100000e+02   1.8400000e+02  -4.7489553e+01
   1.1000000e+02   3.6000000e+01  -3.6869898e+01
   1.2100000e+02   7.2000000e+01  -3.6869898e+01
   1.4000000e+02   3.5400000e+02  -3.0256437e+01
   1.5100000e+02   3.3500000e+02  -5.0194429e+01
   1.5400000e+02   3.4600000e+02   1.4974356e+02
   1.6700000e+02   1.0300000e+02  -1.8434949e+01
   1.7200000e+02   3.2000000e+02   1.2025644e+02
   1.8100000e+02   3.0300000e+02   9.9462322e+01
   1.8500000e+02   3.2000000e+02   5.9743563e+01
   1.9000000e+02   3.5000000e+02  -1.6156505e+02
   1.9600000e+02   2.5100000e+02   1.4630993e+02
   1.9700000e+02   2.8400000e+02   9.0000000e+01
   2.1600000e+02   3.4800000e+02  -1.4974356e+02
   2.2600000e+02   4.9000000e+01   1.4036243e+01
   2.3200000e+02   2.1900000e+02  -1.1656505e+02
   2.4000000e+02   3.4200000e+02  -1.4974356e+02
   2.5100000e+02   2.8000000e+01   1.8434949e+01
   2.7000000e+02   4.5000000e+01  -1.5138954e+02
   2.9500000e+02   1.6900000e+02   5.0710593e+01
   3.1800000e+02   1.5500000e+02   4.7726311e+01
   3.3200000e+02   7.6000000e+01  -1.3500000e+02
   3.3200000e+02   1.0200000e+02  -1.4019443e+02
   3.3400000e+02   6.5000000e+01  -1.2928941e+02
   1.4000000e+02   2.0500000e+02   1.3200000e+02
   1.6100000e+02   3.0400000e+02  -5.7000000e+01
   1.7500000e+02   2.4200000e+02   1.2600000e+02
   1.7800000e+02   3.2700000e+02   1.2300000e+02
   1.8800000e+02   1.6000000e+02   1.6100000e+02
   2.0000000e+02   1.9000000e+02   1.8000000e+01
   2.1000000e+02   2.0700000e+02   3.9000000e+01
   2.2000000e+02   2.3100000e+02  -1.3200000e+02
   2.3000000e+02   1.5500000e+02  -1.5000000e+02
   2.5200000e+02   8.5000000e+01   3.0000000e+01
   2.7000000e+02   1.3500000e+02   3.6000000e+01
   2.7500000e+02   2.0700000e+02   5.9000000e+01
   2.9100000e+02   1.9700000e+02   5.6000000e+01
