   1.3900000e+02   2.4700000e+02   1.2686990e+02
   1.4300000e+02   5.5000000e+01  -4.7489553e+01
   1.5400000e+02   2.0200000e+02  -5.6309932e+01
   1.5900000e+02   8.8000000e+01  -4.7726311e+01
   1.6000000e+02   2.9300000e+02  -5.6309932e+01
   1.9200000e+02   2.2000000e+02   1.1905460e+02
   2.0400000e+02   2.7100000e+02   1.1261986e+02
   2.0600000e+02   1.1100000e+02  -3.0256437e+01
   2.2200000e+02   3.4600000e+02  -5.6309932e+01
   2.2500000e+02   3.0800000e+02   1.0843495e+02
   2.2600000e+02   3.5700000e+02   1.4019443e+02
   2.4200000e+02   3.2600000e+02   1.1261986e+02
   2.4900000e+02   3.0800000e+02   9.4763642e+01
   2.5400000e+02   3.2500000e+02   6.3434949e+01
   2.5600000e+02   2.5300000e+02   1.3500000e+02
   2.5600000e+02   3.4100000e+02  -1.6330076e+02
   2.5800000e+02   3.5900000e+02  -1.6596376e+02
   2.5900000e+02   5.1000000e+01   4.7636417e+00
   2.6200000e+02   2.8600000e+02   8.5236358e+01
   2.8000000e+02   2.6000000e+01   4.7636417e+00
   2.8300000e+02   3.5500000e+02  -1.4630993e+02
   2.8800000e+02   2.1500000e+02  -1.3801279e+02
   3.0000000e+02   3.8000000e+01  -1.6596376e+02
   3.1100000e+02   1.3000000e+02  -1.5738014e+02
   3.2300000e+02   2.5300000e+02  -1.1261986e+02
   3.3600000e+02   2.0000000e+02   5.6309932e+01
   3.4300000e+02   1.6000000e+02   4.7726311e+01
   1.4900000e+02   1.0400000e+02   1.3500000e+02
   1.8000000e+02   2.5900000e+02   1.2000000e+02
   1.9000000e+02   2.8000000e+02   1.2300000e+02
   1.9400000e+02   1.2600000e+02   1.4000000e+02
   2.2500000e+02   2.6600000e+02   1.0800000e+02
   2.3300000e+02   1.6400000e+02   1.4900000e+02
   2.4200000e+02   2.7000000e+02  -6.0000000e+01
   2.4800000e+02   2.0800000e+02   1.4900000e+02
   2.5100000e+02   1.9200000e+02   9.0000000e+00
   2.6400000e+02   2.0700000e+02   3.0000000e+01
   3.2600000e+02   1.9900000e+02   5.9000000e+01
   3.4200000e+02   1.9100000e+02   5.3000000e+01
