   1.2500000e+02   2.9100000e+02  -4.2273689e+01
   1.3500000e+02   2.1800000e+02   1.2686990e+02
   1.4400000e+02   2.1000000e+01  -4.2273689e+01
   1.4800000e+02   3.2100000e+02  -3.9289407e+01
   1.4900000e+02   1.7200000e+02  -5.9743563e+01
   1.5400000e+02   2.6500000e+02  -5.6309932e+01
   1.7200000e+02   3.3700000e+02  -3.9289407e+01
   1.9800000e+02   2.1700000e+02  -5.9743563e+01
   2.0100000e+02   8.2000000e+01  -3.0256437e+01
   2.1500000e+02   2.2800000e+02   1.1656505e+02
   2.1600000e+02   3.1600000e+02  -5.6309932e+01
   2.1800000e+02   2.8000000e+02   1.1261986e+02
   2.1900000e+02   3.2800000e+02   1.4446232e+02
   2.2000000e+02   2.6900000e+02  -6.7380135e+01
   2.3200000e+02   2.4200000e+02   1.2025644e+02
   2.3500000e+02   2.9700000e+02   1.1261986e+02
   2.4300000e+02   2.7800000e+02   9.4763642e+01
   2.4700000e+02   2.9400000e+02   6.3434949e+01
   2.4900000e+02   2.2400000e+02   1.4071059e+02
   2.4900000e+02   3.1200000e+02  -1.5343495e+02
   2.5100000e+02   3.2800000e+02  -1.7053768e+02
   2.5500000e+02   2.5800000e+02   8.0537678e+01
   2.5700000e+02   2.4000000e+01   4.7636417e+00
   2.9900000e+02   3.1700000e+02  -1.4313010e+02
   3.0500000e+02   1.0100000e+02  -1.5738014e+02
   3.1900000e+02   2.2200000e+02  -1.1656505e+02
   3.3100000e+02   1.7100000e+02   6.3434949e+01
   3.3800000e+02   1.3600000e+02   5.0710593e+01
   1.8700000e+02   2.2300000e+02   1.1600000e+02
   2.2800000e+02   1.3500000e+02   1.5300000e+02
   2.3900000e+02   3.2600000e+02   1.6500000e+02
   2.5800000e+02   1.7700000e+02   3.3000000e+01
   2.7000000e+02   1.2500000e+02  -1.5400000e+02
   2.7900000e+02   2.2800000e+02   5.3000000e+01
   3.2200000e+02   1.7100000e+02   5.9000000e+01
   3.3700000e+02   1.6500000e+02   5.6000000e+01
