   1.0800000e+02   1.7200000e+02   1.3836646e+02
   1.0900000e+02   1.8500000e+02  -5.7528808e+01
   1.0900000e+02   2.4200000e+02  -6.1389540e+01
   1.1100000e+02   1.4400000e+02   9.0000000e+01
   1.1400000e+02   2.9500000e+02  -5.6309932e+01
   1.3000000e+02   2.2200000e+02  -6.3434949e+01
   1.3200000e+02   2.6700000e+02   1.2025644e+02
   1.3600000e+02   1.5400000e+02   1.1656505e+02
   1.3600000e+02   2.6000000e+02  -6.7380135e+01
   1.4200000e+02   1.4800000e+02  -3.5537678e+01
   1.4600000e+02   3.2400000e+02  -5.0194429e+01
   1.5100000e+02   3.0400000e+02   1.2980557e+02
   1.6500000e+02   1.9900000e+02   1.8000000e+02
   1.6700000e+02   7.7000000e+01   1.7053768e+02
   1.6800000e+02   1.1700000e+02   4.7636417e+00
   1.7700000e+02   7.7000000e+01   9.4623222e+00
   1.7800000e+02   2.0400000e+02  -1.1656505e+02
   1.8900000e+02   2.0100000e+02   5.7994617e+01
   1.9100000e+02   1.4100000e+02  -1.6156505e+02
   1.9300000e+02   1.7900000e+02  -1.4752881e+02
   1.9400000e+02   1.5700000e+02  -1.4397263e+02
   1.9700000e+02   2.6500000e+02   9.0000000e+01
   2.0800000e+02   2.6900000e+02  -1.3251045e+02
   2.0900000e+02   6.5000000e+01   2.1801409e+01
   2.0900000e+02   1.0600000e+02  -1.5738014e+02
   2.1300000e+02   2.7900000e+02   1.9983107e+01
   2.1600000e+02   1.7400000e+02   5.3130102e+01
   2.1900000e+02   6.9000000e+01  -1.5819859e+02
   2.1900000e+02   2.1000000e+02  -1.1261986e+02
   2.2000000e+02   3.2700000e+02   1.4974356e+02
   2.2600000e+02   3.1600000e+02   1.6156505e+02
   2.2800000e+02   3.2500000e+02  -4.1185925e+01
   2.3600000e+02   2.4400000e+02   5.3130102e+01
   2.4800000e+02   3.4200000e+02   1.6156505e+02
   2.4900000e+02   1.8400000e+02   6.3434949e+01
   2.5200000e+02   2.9000000e+02  -1.6596376e+02
   2.5700000e+02   3.1000000e+02  -1.6869007e+02
   2.5900000e+02   1.8600000e+02   0.0000000e+00
   2.6100000e+02   2.3700000e+02   4.8366461e+01
   2.6100000e+02   3.1800000e+02   1.7053768e+02
   2.6200000e+02   2.6200000e+02   3.6027373e+01
   2.6900000e+02   2.4600000e+02  -1.3163354e+02
