   1.2400000e+02   2.2300000e+02  -6.3434949e+01
   1.2500000e+02   1.8000000e+02   9.0000000e+01
   1.2700000e+02   2.0400000e+02  -5.4462322e+01
   1.3100000e+02   2.5200000e+02  -5.9743563e+01
   1.3300000e+02   2.6300000e+02   1.0843495e+02
   1.7900000e+02   1.1100000e+02   1.7053768e+02
   1.8800000e+02   1.1100000e+02   9.4623222e+00
   1.8900000e+02   8.0000000e+01  -1.7523636e+02
   1.9300000e+02   2.6800000e+02  -1.0403624e+02
   2.0500000e+02   2.9300000e+02   8.5236358e+01
   2.1800000e+02   2.7400000e+02  -1.3198721e+02
   2.2300000e+02   3.0700000e+02  -1.2980557e+02
   2.2400000e+02   2.8000000e+02   5.6309932e+01
   2.3000000e+02   1.0300000e+02  -1.5555605e+02
   2.3300000e+02   3.2800000e+02  -1.7523636e+02
   2.4200000e+02   2.4700000e+02  -1.2025644e+02
   2.5100000e+02   1.0200000e+02  -1.5343495e+02
   2.5100000e+02   1.7500000e+02  -1.4019443e+02
   2.5600000e+02   2.4100000e+02  -1.1261986e+02
   2.6700000e+02   1.8000000e+02  -1.2980557e+02
   2.7000000e+02   2.6300000e+02  -1.5343495e+02
   2.7600000e+02   2.7000000e+02   3.8659808e+01
   2.7700000e+02   3.0900000e+02   0.0000000e+00
   2.8100000e+02   2.1200000e+02  -1.3060129e+02
   2.8600000e+02   2.7800000e+02  -1.4134019e+02
   2.8600000e+02   3.1400000e+02   1.8434949e+01
   2.8700000e+02   1.8900000e+02   5.6309932e+01
   2.8700000e+02   2.2200000e+02   5.0194429e+01
   2.8900000e+02   3.0300000e+02  -1.4397263e+02
   2.9600000e+02   2.9400000e+02  -1.4974356e+02
   1.6200000e+02   1.9400000e+02   1.3200000e+02
   2.1200000e+02   2.6800000e+02  -1.2100000e+02
