   1.3600000e+02   1.2600000e+02  -1.8434949e+01
   1.5100000e+02   2.2000000e+02  -3.0256437e+01
   1.6600000e+02   3.0900000e+02  -6.7380135e+01
   1.8400000e+02   2.5200000e+02  -1.0843495e+02
   1.8400000e+02   2.6000000e+02   6.1389540e+01
   1.9700000e+02   2.7800000e+02   8.0537678e+01
   2.1800000e+02   2.9300000e+02  -1.3939871e+02
   2.1900000e+02   1.9600000e+02   5.3130102e+01
   2.2500000e+02   5.1000000e+01  -1.5343495e+02
   2.4200000e+02   7.0000000e+01  -1.5603751e+02
   2.5000000e+02   1.2500000e+02  -1.3801279e+02
   2.5400000e+02   2.5300000e+02   4.5000000e+01
   2.6000000e+02   2.4700000e+02  -1.5343495e+02
   2.6000000e+02   2.9100000e+02  -1.4974356e+02
   2.6100000e+02   1.4400000e+02  -1.4019443e+02
   2.6200000e+02   2.8200000e+02  -1.4313010e+02
   2.6900000e+02   1.4300000e+02   4.2510447e+01
   2.6900000e+02   2.9400000e+02   0.0000000e+00
   2.7600000e+02   2.0500000e+02   6.0255119e+01
   2.8300000e+02   2.0000000e+02  -1.2686990e+02
   2.9100000e+02   2.5400000e+02  -1.3500000e+02
