   1.9300000e+02   2.4800000e+02  -5.3130102e+01
   1.9400000e+02   1.5400000e+02  -1.4036243e+01
   2.0300000e+02   2.1200000e+02  -3.3690068e+01
   2.0800000e+02   2.8000000e+02   1.0130993e+02
   2.2100000e+02   1.5900000e+02  -7.1250163e+00
   2.3600000e+02   3.3600000e+02  -8.0537678e+01
   2.3900000e+02   1.3900000e+02   1.8000000e+02
   2.6300000e+02   2.7800000e+02   1.8434949e+01
   2.6600000e+02   3.1700000e+02   1.2787498e+02
   2.7100000e+02   2.2800000e+02   1.7053768e+02
   2.8300000e+02   2.3200000e+02   1.8434949e+01
   2.8500000e+02   1.5500000e+02   1.4036243e+01
   2.8600000e+02   2.6800000e+02  -1.5343495e+02
   2.8700000e+02   2.7700000e+02  -1.6156505e+02
   2.8800000e+02   3.3800000e+02   6.1389540e+01
   3.0300000e+02   2.9800000e+02  -1.4313010e+02
   3.0700000e+02   3.4400000e+02   6.3434949e+01
   3.3000000e+02   2.2900000e+02  -1.5343495e+02
   3.3100000e+02   3.5000000e+02  -1.5343495e+02
   3.3400000e+02   2.4200000e+02  -1.4630993e+02
   3.3400000e+02   2.7600000e+02  -1.3772631e+02
   3.3800000e+02   2.4900000e+02   2.6565051e+01
   2.2900000e+02   2.7000000e+02   1.1600000e+02
   3.0200000e+02   3.1800000e+02  -1.3800000e+02
