   1.2700000e+02   1.3200000e+02  -5.6309932e+01
   1.3600000e+02   6.9000000e+01  -5.9743563e+01
   1.4100000e+02   3.6000000e+01   1.3198721e+02
   1.6700000e+02   1.9600000e+02  -3.3690068e+01
   1.8500000e+02   1.2000000e+02   9.4763642e+01
   1.8900000e+02   1.4100000e+02  -7.5963757e+01
   1.9100000e+02   5.3000000e+01   4.5000000e+01
   1.9100000e+02   1.5900000e+02  -6.3434949e+01
   1.9800000e+02   1.3200000e+02   9.0000000e+01
   1.9800000e+02   2.0200000e+02  -1.4036243e+01
   2.1600000e+02   1.8000000e+01   4.5000000e+01
   2.1600000e+02   9.0000000e+01  -1.1261986e+02
   2.1700000e+02   7.4000000e+01   6.7380135e+01
   2.1800000e+02   1.4900000e+02  -1.3500000e+02
   2.2400000e+02   1.7000000e+02  -1.6596376e+02
   2.2700000e+02   1.8000000e+01   4.7489553e+01
   2.4000000e+02   1.5700000e+02  -1.5343495e+02
   2.6000000e+02   3.8000000e+01   5.9743563e+01
   2.6000000e+02   1.7100000e+02  -1.6596376e+02
   2.6600000e+02   1.9000000e+02  -1.7053768e+02
   2.8200000e+02   6.0000000e+01  -1.2247119e+02
   2.8300000e+02   6.8000000e+01   5.3130102e+01
   2.9300000e+02   6.4000000e+01  -1.2025644e+02
   1.3500000e+02   1.0100000e+02   1.1600000e+02
   1.6400000e+02   3.2000000e+01   1.3500000e+02
   2.0800000e+02   1.0800000e+02  -1.1300000e+02
