   9.7000000e+01   1.6500000e+02   1.2369007e+02
   9.7000000e+01   2.4400000e+02   1.1656505e+02
   1.0000000e+02   2.8000000e+02  -5.6309932e+01
   1.1200000e+02   1.7700000e+02  -5.6309932e+01
   1.1400000e+02   4.9000000e+01  -3.0256437e+01
   1.1900000e+02   1.3700000e+02  -4.2510447e+01
   1.2300000e+02   1.4900000e+02   1.2980557e+02
   1.3400000e+02   9.8000000e+01   1.5343495e+02
   1.3700000e+02   1.6800000e+02   1.2369007e+02
   1.4300000e+02   4.2000000e+01  -1.8434949e+01
   1.6000000e+02   1.4300000e+02  -2.2619865e+01
   1.7200000e+02   1.3800000e+02   1.5738014e+02
   1.8400000e+02   3.2800000e+02  -4.7489553e+01
   1.9000000e+02   6.4000000e+01  -1.7523636e+02
   1.9300000e+02   2.4500000e+02   8.5236358e+01
   2.0000000e+02   3.0600000e+02  -5.3130102e+01
   2.0500000e+02   1.0900000e+02  -1.6596376e+02
   2.0800000e+02   2.5600000e+02   8.0537678e+01
   2.1100000e+02   1.4200000e+02   3.6869898e+01
   2.2200000e+02   4.7000000e+01  -1.6156505e+02
   2.2300000e+02   2.1400000e+02  -1.2602737e+02
   2.2900000e+02   2.7200000e+02  -1.3251045e+02
   2.5600000e+02   7.6000000e+01   3.6869898e+01
   2.5600000e+02   2.7700000e+02  -1.6156505e+02
   2.5900000e+02   1.5500000e+02   5.6309932e+01
   2.6500000e+02   1.7300000e+02  -1.5555605e+02
   2.8000000e+02   2.6700000e+02  -1.3772631e+02
   2.9600000e+02   1.7600000e+02  -1.3227369e+02
   3.0100000e+02   2.7100000e+02  -1.4630993e+02
   1.3500000e+02   2.4700000e+02   1.1200000e+02
   1.4100000e+02   2.3500000e+02  -9.0000000e+01
   1.5600000e+02   1.6600000e+02   1.2300000e+02
   1.6100000e+02   2.2600000e+02   1.1200000e+02
   1.6100000e+02   2.4900000e+02   1.1200000e+02
   1.6300000e+02   1.7400000e+02   1.2900000e+02
   1.6700000e+02   2.8300000e+02   1.1900000e+02
   1.7500000e+02   3.3100000e+02   1.4300000e+02
   1.8800000e+02   2.7900000e+02   1.1400000e+02
   2.0900000e+02   2.7200000e+02  -9.0000000e+01
   2.1600000e+02   2.3200000e+02  -1.2400000e+02
   2.3900000e+02   2.8000000e+01  -1.5400000e+02
   2.4400000e+02   2.9500000e+02   4.0000000e+00
   2.5100000e+02   2.2500000e+02   4.7000000e+01
   2.8500000e+02   2.7400000e+02  -1.6200000e+02
   2.8900000e+02   3.2600000e+02   1.7000000e+02
