   9.3000000e+01   2.0800000e+02   1.1656505e+02
   9.7000000e+01   2.5100000e+02  -5.6309932e+01
   1.0300000e+02   1.4000000e+02  -2.9054604e+01
   1.0600000e+02   1.8100000e+02   1.3227369e+02
   1.2700000e+02   1.3200000e+02  -1.8434949e+01
   1.2700000e+02   3.3700000e+02   1.4134019e+02
   1.3400000e+02   3.2400000e+02  -5.9743563e+01
   1.3400000e+02   3.4200000e+02  -6.0255119e+01
   1.3800000e+02   3.3500000e+02   1.1974488e+02
   1.3800000e+02   3.5100000e+02   1.4019443e+02
   1.4000000e+02   2.5600000e+02   1.2025644e+02
   1.4100000e+02   2.8600000e+02   1.0403624e+02
   1.4200000e+02   3.2800000e+02  -5.7528808e+01
   1.4300000e+02   3.0900000e+02   1.1656505e+02
   1.4500000e+02   2.7700000e+02  -6.3434949e+01
   1.4700000e+02   2.9800000e+02  -7.5963757e+01
   1.5100000e+02   2.1600000e+02   1.4500798e+02
   1.5500000e+02   2.5800000e+02   1.6001689e+02
   1.5900000e+02   2.4400000e+02  -1.7365981e+02
   1.6400000e+02   2.3500000e+02  -1.6156505e+02
   1.6600000e+02   1.7900000e+02   1.6596376e+02
   1.6800000e+02   2.7200000e+02  -9.9462322e+01
   1.7700000e+02   8.6000000e+01  -1.6596376e+02
   1.7900000e+02   1.9300000e+02  -1.6156505e+02
   1.8200000e+02   7.9000000e+01   6.3401917e+00
   1.9100000e+02   8.0000000e+01  -1.7365981e+02
   1.9200000e+02   3.3300000e+02   1.5255119e+01
   1.9400000e+02   2.2100000e+02  -1.1974488e+02
   1.9500000e+02   2.8100000e+02  -1.2928941e+02
   1.9600000e+02   2.5500000e+02  -1.2025644e+02
   1.9900000e+02   8.3000000e+01   2.0556045e+01
   1.9900000e+02   2.3000000e+02   6.3434949e+01
   2.0800000e+02   2.6800000e+02  -1.1261986e+02
   2.0900000e+02   3.0200000e+02   4.1987212e+01
   2.1300000e+02   2.9200000e+02  -1.2686990e+02
   2.2100000e+02   2.9900000e+02   4.7489553e+01
   2.2500000e+02   2.6200000e+02  -1.2369007e+02
   2.2600000e+02   2.8800000e+02   5.6309932e+01
   2.2700000e+02   2.1700000e+02  -1.1261986e+02
   2.3300000e+02   3.2400000e+02   2.8610460e+01
   2.4600000e+02   1.2400000e+02   3.6869898e+01
   2.5100000e+02   1.7900000e+02  -1.2602737e+02
   2.5200000e+02   1.6500000e+02  -1.3939871e+02
   2.5300000e+02   2.3100000e+02   6.0945396e+01
   2.5500000e+02   2.8400000e+02   5.3130102e+01
   2.5800000e+02   2.4000000e+02  -1.1905460e+02
   2.5800000e+02   2.5500000e+02  -1.2602737e+02
   2.6000000e+02   1.7500000e+02   5.1340192e+01
   2.6100000e+02   2.2300000e+02  -1.1974488e+02
   2.6200000e+02   1.9100000e+02   4.5000000e+01
   2.6200000e+02   2.3100000e+02   5.0710593e+01
   2.6400000e+02   2.8000000e+02  -1.3227369e+02
   2.6600000e+02   2.5000000e+02   5.4462322e+01
   2.6800000e+02   1.8500000e+02  -1.2865981e+02
   2.6800000e+02   2.0000000e+02   5.6309932e+01
   2.7400000e+02   1.9300000e+02   5.9743563e+01
   1.8800000e+02   2.7300000e+02  -1.1200000e+02
   2.0000000e+02   3.5500000e+02   1.8000000e+02
