   7.9000000e+01   3.1600000e+02   1.4036243e+01
   1.2600000e+02   3.5900000e+02   9.4623222e+00
   1.3200000e+02   2.9400000e+02  -3.4992020e+01
   2.2500000e+02   3.0600000e+02  -7.5963757e+01
   2.4000000e+02   1.6600000e+02   1.0843495e+02
   2.5100000e+02   3.5200000e+02  -4.8814075e+01
   2.5800000e+02   3.4400000e+02   1.3118593e+02
   8.5000000e+01   2.2300000e+02   1.1300000e+02
   1.0200000e+02   2.3700000e+02  -1.0000000e+02
   1.0700000e+02   2.7300000e+02  -1.4800000e+02
   1.1900000e+02   2.9000000e+02  -2.0000000e+01
   1.3000000e+02   1.4000000e+02   1.3200000e+02
   1.3100000e+02   2.7000000e+02   1.5100000e+02
   1.5100000e+02   1.4800000e+02  -1.9000000e+01
   1.5300000e+02   1.5600000e+02  -3.4000000e+01
   1.5600000e+02   2.9100000e+02   1.3500000e+02
   1.6600000e+02   1.3400000e+02   9.0000000e+00
   1.7000000e+02   1.8100000e+02   1.0100000e+02
   1.7700000e+02   1.2500000e+02   1.7500000e+02
   1.8300000e+02   2.1500000e+02   9.4000000e+01
   1.9000000e+02   3.1900000e+02  -5.1000000e+01
   2.0400000e+02   2.9600000e+02  -6.6000000e+01
   2.1000000e+02   9.2000000e+01  -1.6200000e+02
   2.1900000e+02   1.0200000e+02   7.8000000e+01
   2.1900000e+02   2.8700000e+02   1.0400000e+02
   2.3500000e+02   7.1000000e+01   3.3000000e+01
   2.4200000e+02   1.3300000e+02  -1.3300000e+02
   2.4600000e+02   3.1300000e+02   1.1200000e+02
   2.4800000e+02   1.0500000e+02  -1.3800000e+02
