   1.4600000e+02   2.5600000e+02  -1.5343495e+02
   1.7300000e+02   3.5900000e+02   1.6969515e+02
   1.9300000e+02   9.0000000e+01   1.2686990e+02
   2.3400000e+02   3.0700000e+02   4.7636417e+00
   2.4200000e+02   2.4800000e+02  -3.2471192e+01
   2.5100000e+02   1.5600000e+02  -2.6565051e+01
   2.8700000e+02   3.2400000e+02  -2.2619865e+01
   3.4000000e+02   2.5600000e+02  -8.0537678e+01
   1.5000000e+02   2.9600000e+02   2.3000000e+01
   1.7400000e+02   1.7800000e+02  -9.0000000e+01
   1.7600000e+02   3.2700000e+02  -1.7600000e+02
   1.8200000e+02   1.7700000e+02  -1.6200000e+02
   1.8200000e+02   1.9100000e+02   9.5000000e+01
   1.8500000e+02   3.2900000e+02   1.8000000e+01
   1.9100000e+02   2.2200000e+02   5.0000000e+01
   2.2000000e+02   1.1100000e+02   1.2300000e+02
   2.3800000e+02   8.0000000e+01  -1.9000000e+01
   2.4100000e+02   8.8000000e+01  -1.9000000e+01
   2.4100000e+02   2.2700000e+02   1.4900000e+02
   2.5500000e+02   1.4700000e+02   1.5700000e+02
   2.6100000e+02   9.0000000e+01   1.6000000e+02
   2.8200000e+02   2.8700000e+02   1.5700000e+02
   2.8600000e+02   2.5300000e+02  -4.8000000e+01
   2.9800000e+02   2.8800000e+02   1.5300000e+02
   3.0900000e+02   2.4200000e+02   1.2800000e+02
   3.1300000e+02   1.9900000e+02   1.0400000e+02
   3.1900000e+02   2.8300000e+02  -5.3000000e+01
   3.4400000e+02   2.7000000e+02  -6.8000000e+01
   3.6500000e+02   2.0100000e+02   7.1000000e+01
