   1.9000000e+02   9.9000000e+01   1.2369007e+02
   2.2800000e+02   3.3400000e+02   4.7636417e+00
   2.8400000e+02   3.4900000e+02  -3.0256437e+01
   2.8500000e+02   1.0600000e+02   3.6027373e+01
   3.2700000e+02   2.7000000e+02  -8.0537678e+01
   3.3100000e+02   1.2900000e+02   6.7380135e+01
   1.4100000e+02   2.1300000e+02   8.5000000e+01
   1.4900000e+02   2.1500000e+02   1.7100000e+02
   1.6700000e+02   1.5600000e+02   1.0400000e+02
   1.8800000e+02   3.4900000e+02  -1.4400000e+02
   1.9100000e+02   1.6900000e+02   9.9000000e+01
   1.9600000e+02   3.5200000e+02   2.2000000e+01
   2.0500000e+02   1.6300000e+02   1.1200000e+02
   2.1500000e+02   1.2200000e+02   1.2600000e+02
   2.2600000e+02   2.4900000e+02   1.6100000e+02
   2.3700000e+02   1.2700000e+02   1.4000000e+02
   2.4300000e+02   2.3800000e+02   1.3500000e+02
   2.4500000e+02   1.9400000e+02   1.0800000e+02
   2.5300000e+02   2.9500000e+02   1.4700000e+02
   2.5400000e+02   1.3200000e+02   1.6100000e+02
   2.5500000e+02   1.0100000e+02   1.6500000e+02
   2.6600000e+02   1.4000000e+02   5.6000000e+01
   2.8600000e+02   6.7000000e+01   1.8000000e+01
   2.8800000e+02   3.3400000e+02   1.3700000e+02
   2.9200000e+02   2.8700000e+02  -5.4000000e+01
   2.9600000e+02   2.6300000e+02   1.2800000e+02
   3.0400000e+02   2.6400000e+02  -6.6000000e+01
   3.3300000e+02   2.8300000e+02  -6.6000000e+01
