   2.7100000e+02   1.0400000e+02  -7.5963757e+01
   2.7900000e+02   1.1700000e+02   1.2602737e+02
   2.8300000e+02   1.0900000e+02  -9.0000000e+01
   9.2000000e+01   3.7000000e+01  -1.3200000e+02
   1.1100000e+02   1.2100000e+02  -1.3000000e+02
   1.2900000e+02   5.0000000e+01   9.5000000e+01
   1.4500000e+02   1.3000000e+02  -1.6600000e+02
   1.5600000e+02   4.0000000e+01  -1.0500000e+02
   1.5700000e+02   1.5000000e+01  -6.6000000e+01
   1.6700000e+02   3.3000000e+01  -9.5000000e+01
   1.7100000e+02   4.1000000e+01  -1.5000000e+01
   1.8400000e+02   8.8000000e+01   1.5100000e+02
   1.9500000e+02   3.6000000e+01   4.5000000e+01
   2.1000000e+02   1.3500000e+02   1.4600000e+02
   2.1400000e+02   7.4000000e+01  -5.7000000e+01
   2.2900000e+02   1.6400000e+02  -4.0000000e+01
   2.6200000e+02   1.2500000e+02   1.2300000e+02
   2.6500000e+02   1.3900000e+02   1.2600000e+02
   3.0200000e+02   4.7000000e+01   9.4000000e+01
