   1.4800000e+02   2.7500000e+02   9.4623222e+00
   1.8500000e+02   3.5300000e+02   4.7636417e+00
   2.0400000e+02   2.9100000e+02  -2.6565051e+01
   1.0400000e+02   1.4000000e+02  -9.0000000e+01
   1.0500000e+02   2.5800000e+02  -1.3300000e+02
   1.1000000e+02   9.4000000e+01  -5.4000000e+01
   1.1600000e+02   8.5000000e+01   1.3100000e+02
   1.2100000e+02   1.4800000e+02  -1.0900000e+02
   1.2200000e+02   2.5200000e+02   2.6000000e+01
   1.2400000e+02   1.5700000e+02   3.9000000e+01
   1.2500000e+02   6.9000000e+01  -5.1000000e+01
   1.3200000e+02   6.2000000e+01   1.6000000e+02
   1.3600000e+02   1.9800000e+02   0.0000000e+00
   1.4200000e+02   1.2900000e+02  -1.0000000e+02
   1.4600000e+02   1.7000000e+01  -2.7000000e+01
   1.5000000e+02   2.8300000e+02  -1.5800000e+02
   1.5300000e+02   1.4000000e+02  -1.5000000e+02
   1.6000000e+02   9.0000000e+01   1.3200000e+02
   1.6200000e+02   2.7700000e+02  -1.7100000e+02
   1.6500000e+02   1.1400000e+02   1.3100000e+02
   1.6900000e+02   3.2300000e+02  -1.7100000e+02
   1.8500000e+02   4.5000000e+01   1.6500000e+02
   1.8700000e+02   2.8200000e+02   1.6500000e+02
   2.1100000e+02   5.5000000e+01  -1.5400000e+02
   2.2700000e+02   2.2000000e+02   1.2300000e+02
   2.2800000e+02   3.4200000e+02   1.7000000e+02
   2.3700000e+02   3.2800000e+02   1.8000000e+02
   2.3800000e+02   3.4000000e+02  -1.0000000e+01
   2.4400000e+02   1.2200000e+02  -1.0000000e+02
   2.7300000e+02   2.1700000e+02  -9.0000000e+01
   2.7600000e+02   2.6500000e+02   1.5300000e+02
   2.7900000e+02   2.8900000e+02   1.6100000e+02
