   1.0700000e+02   1.1300000e+02   1.2686990e+02
   1.2800000e+02   2.8900000e+02   1.8000000e+02
   1.3100000e+02   1.4100000e+02  -4.5000000e+01
   1.4500000e+02   2.6900000e+02  -5.6309932e+01
   1.4900000e+02   8.9000000e+01  -1.8434949e+01
   1.5200000e+02   1.6100000e+02  -2.4443955e+01
   1.5900000e+02   2.9600000e+02  -3.6027373e+01
   1.6000000e+02   1.7300000e+02  -4.5000000e+01
   1.6100000e+02   2.7300000e+02  -5.6309932e+01
   1.6300000e+02   1.5600000e+02   1.5555605e+02
   2.0200000e+02   9.0000000e+01  -1.6156505e+02
   2.2500000e+02   2.6600000e+02  -9.5710593e+01
   2.2800000e+02   1.0900000e+02  -1.4397263e+02
   2.2900000e+02   2.8500000e+02  -7.5963757e+01
   2.3600000e+02   1.1300000e+02   5.9743563e+01
   2.4400000e+02   1.5000000e+02   6.1389540e+01
   2.4700000e+02   1.2000000e+02   5.0710593e+01
   1.2000000e+02   1.9000000e+02  -9.0000000e+01
   1.2400000e+02   2.2200000e+02  -1.1300000e+02
   1.6500000e+02   1.4800000e+02   1.5700000e+02
   1.6700000e+02   1.1700000e+02   1.6100000e+02
   1.7500000e+02   1.9000000e+02   6.3000000e+01
