   2.0200000e+02   2.7600000e+02  -7.4054604e+01
   2.1500000e+02   2.9500000e+02  -5.3130102e+01
   2.1800000e+02   1.8500000e+02  -1.8434949e+01
   2.2300000e+02   1.9800000e+02   0.0000000e+00
   1.8300000e+02   2.0800000e+02   1.0800000e+02
   1.9200000e+02   1.6400000e+02   1.2000000e+02
   2.3100000e+02   1.7400000e+02   1.6500000e+02
   2.3500000e+02   1.4300000e+02   1.7300000e+02
   2.3800000e+02   2.1600000e+02   6.5000000e+01
   2.3900000e+02   2.7900000e+02  -6.8000000e+01
   2.4900000e+02   2.1300000e+02  -1.1700000e+02
