   9.5000000e+01   2.9900000e+02   1.4752881e+02
   1.0000000e+02   2.6700000e+02   1.4397263e+02
   1.5300000e+02   1.4400000e+02   1.3500000e+02
   1.6500000e+02   7.4000000e+01  -3.0256437e+01
   1.8100000e+02   3.3900000e+02   0.0000000e+00
   1.9000000e+02   2.7400000e+02  -4.2510447e+01
   2.6300000e+02   1.3200000e+02   4.7726311e+01
   2.6400000e+02   2.8200000e+02  -1.4313010e+02
   2.9100000e+02   2.9000000e+02  -1.2928941e+02
   9.9000000e+01   3.1100000e+02  -2.7000000e+01
   1.2200000e+02   3.0000000e+02   1.5300000e+02
   1.2800000e+02   2.6200000e+02   1.4300000e+02
   1.4200000e+02   1.7800000e+02   1.2300000e+02
   1.5300000e+02   2.4800000e+02   1.4600000e+02
   1.7200000e+02   2.5300000e+02   1.5300000e+02
   1.7700000e+02   2.1700000e+02   1.7500000e+02
   1.9300000e+02   2.5200000e+02   1.4300000e+02
   1.9500000e+02   2.1800000e+02   1.2000000e+02
   2.1000000e+02   3.1800000e+02   1.6500000e+02
   2.1100000e+02   1.2600000e+02   1.7000000e+02
   2.3300000e+02   3.1100000e+02   1.7500000e+02
   2.3600000e+02   2.3800000e+02   6.7000000e+01
   2.4000000e+02   3.5600000e+02  -1.6200000e+02
   2.4100000e+02   2.5000000e+02   2.8000000e+01
   2.4900000e+02   3.5800000e+02   0.0000000e+00
   2.5200000e+02   2.8500000e+02   2.6000000e+01
   2.5500000e+02   8.3000000e+01   4.0000000e+01
   2.6700000e+02   3.4600000e+02   6.0000000e+00
   2.7000000e+02   2.2000000e+02  -1.2100000e+02
   2.7400000e+02   1.3500000e+02  -1.4100000e+02
