   1.0300000e+02   2.2000000e+02  -2.8610460e+01
   1.0900000e+02   2.0100000e+02   1.4500798e+02
   1.1000000e+02   2.8000000e+02   1.6156505e+02
   1.1000000e+02   2.9100000e+02   1.7053768e+02
   1.2500000e+02   1.9700000e+02   1.4019443e+02
   1.2600000e+02   1.4400000e+02  -4.8012788e+01
   1.2800000e+02   2.8400000e+02   1.8434949e+01
   1.3700000e+02   1.8500000e+02  -4.7726311e+01
   1.3900000e+02   1.9400000e+02   1.4313010e+02
   1.4400000e+02   2.5000000e+02  -1.7053768e+02
   1.4700000e+02   1.8300000e+02  -4.5000000e+01
   1.5700000e+02   1.8200000e+02  -4.5000000e+01
   1.6300000e+02   1.9200000e+02   1.5025512e+02
   1.6500000e+02   1.8400000e+02  -3.8659808e+01
   1.7300000e+02   2.0100000e+02  -3.0256437e+01
   1.9500000e+02   1.1000000e+02  -5.2125016e+01
   2.0000000e+02   1.4500000e+02  -4.0601295e+01
   2.0400000e+02   3.0900000e+02  -1.7287498e+02
   2.0500000e+02   2.9100000e+02  -1.7287498e+02
   2.1800000e+02   2.9300000e+02   0.0000000e+00
   2.2200000e+02   2.1000000e+02  -3.9805571e+01
   2.2800000e+02   6.3000000e+01   1.8000000e+02
   2.2900000e+02   2.9300000e+02   1.8434949e+01
   2.3400000e+02   6.9000000e+01   1.7523636e+02
   2.6300000e+02   1.1100000e+02   5.6309932e+01
   2.6900000e+02   2.2100000e+02  -6.3434949e+01
   1.7200000e+02   1.8000000e+02   1.5000000e+02
   1.8300000e+02   1.3700000e+02   1.2600000e+02
   2.3100000e+02   7.8000000e+01   1.7500000e+02
   2.5100000e+02   1.9200000e+02   6.7000000e+01
