   8.8000000e+01   3.0900000e+02  -1.8434949e+01
   9.4000000e+01   3.2700000e+02   1.6156505e+02
   1.0100000e+02   3.5000000e+02  -4.7636417e+00
   1.7100000e+02   2.7300000e+02  -2.6565051e+01
   1.7800000e+02   1.6500000e+02   1.3772631e+02
   2.0300000e+02   2.9600000e+02  -3.3690068e+01
   2.4300000e+02   1.4300000e+02   1.8000000e+02
   2.5100000e+02   1.4400000e+02   2.2619865e+01
   2.5700000e+02   1.9100000e+02   6.3434949e+01
   2.7500000e+02   3.1300000e+02  -1.3500000e+02
   2.8600000e+02   2.3300000e+02  -1.0843495e+02
   9.6000000e+01   2.8800000e+02   1.5300000e+02
   1.3300000e+02   2.3500000e+02   1.3700000e+02
   1.4600000e+02   3.0200000e+02   1.5700000e+02
   1.8300000e+02   9.9000000e+01   1.4600000e+02
   1.8900000e+02   3.0800000e+02   1.7000000e+02
   2.0100000e+02   1.8300000e+02   1.4000000e+02
   2.0700000e+02   2.7400000e+02   1.4000000e+02
   2.1800000e+02   3.4400000e+02   1.7500000e+02
   2.3300000e+02   1.2700000e+02   1.7000000e+02
   2.3900000e+02   1.5200000e+02   1.8000000e+02
   2.3900000e+02   2.6900000e+02   1.3500000e+02
   2.4900000e+02   2.8800000e+02   1.5700000e+02
   2.5100000e+02   2.1400000e+02  -1.1300000e+02
   2.5300000e+02   2.6600000e+02   7.1000000e+01
   2.5500000e+02   2.8000000e+02   3.0000000e+01
   2.7000000e+02   2.2600000e+02  -1.0900000e+02
   2.7600000e+02   2.1800000e+02  -1.0900000e+02
