   3.5000000e+01   3.0100000e+02   2.2619865e+01
   4.6000000e+01   3.1800000e+02   2.2619865e+01
   5.4000000e+01   2.6600000e+02   0.0000000e+00
   7.6000000e+01   2.3300000e+02   1.7053768e+02
   9.1000000e+01   3.4700000e+02   2.6565051e+01
   9.9000000e+01   3.6000000e+02  -1.4630993e+02
   1.1300000e+02   2.5600000e+02  -4.7636417e+00
   1.3000000e+02   2.9000000e+02  -2.2619865e+01
   1.8500000e+02   3.0800000e+02  -1.3198721e+02
   1.9100000e+02   3.3200000e+02  -1.0843495e+02
   2.0400000e+02   9.9000000e+01   0.0000000e+00
   2.6200000e+02   2.6300000e+02  -9.0000000e+01
   2.6300000e+02   1.3800000e+02  -1.3500000e+02
   5.3000000e+01   2.9600000e+02  -1.7100000e+02
   5.9000000e+01   2.8600000e+02  -1.7100000e+02
   1.2000000e+02   2.6400000e+02  -1.7100000e+02
   1.2800000e+02   3.4100000e+02  -1.6600000e+02
   1.4300000e+02   2.7000000e+02   1.6100000e+02
   1.5000000e+02   2.0000000e+02   1.5700000e+02
   1.5100000e+02   3.4400000e+02  -1.6200000e+02
   1.8300000e+02   1.7500000e+02   1.5100000e+02
   1.8500000e+02   2.3900000e+02  -7.6000000e+01
   1.8600000e+02   2.7800000e+02  -6.6000000e+01
   1.9300000e+02   2.5100000e+02  -8.1000000e+01
   1.9500000e+02   1.8500000e+02  -1.7100000e+02
   1.9700000e+02   2.2900000e+02   9.9000000e+01
   2.0600000e+02   2.2700000e+02   1.0400000e+02
   2.1200000e+02   2.4000000e+02   1.0400000e+02
   2.1900000e+02   1.6500000e+02  -1.6200000e+02
   2.2800000e+02   2.4100000e+02  -9.0000000e+01
   2.6400000e+02   2.3100000e+02   6.7000000e+01
