   3.2700000e+02   2.0900000e+02  -1.2602737e+02
   1.2400000e+02   2.3700000e+02  -4.8000000e+01
   1.3500000e+02   2.2400000e+02   1.2600000e+02
   1.4200000e+02   2.1800000e+02  -4.5000000e+01
   1.5500000e+02   1.7200000e+02  -3.7000000e+01
   1.5500000e+02   2.5300000e+02   1.2600000e+02
   1.6800000e+02   2.3100000e+02  -5.1000000e+01
   1.7000000e+02   1.6100000e+02   1.4000000e+02
   1.9600000e+02   3.5600000e+02   1.6100000e+02
   2.1200000e+02   1.2600000e+02  -5.0000000e+00
   2.1200000e+02   2.6100000e+02   1.4600000e+02
   2.1600000e+02   3.5700000e+02   1.4600000e+02
   2.2000000e+02   2.3900000e+02   1.6500000e+02
   2.3600000e+02   1.4300000e+02  -1.7100000e+02
   2.5300000e+02   3.5300000e+02   1.4300000e+02
   2.5500000e+02   2.9900000e+02   6.3000000e+01
   2.6100000e+02   3.6000000e+02  -1.5000000e+01
   2.6300000e+02   3.2300000e+02   6.7000000e+01
   2.9100000e+02   3.1000000e+02  -1.2400000e+02
   2.9900000e+02   3.6000000e+02   9.0000000e+01
