   1.3400000e+02   2.7800000e+02   1.5738014e+02
   1.4200000e+02   2.7300000e+02  -3.6869898e+01
   2.0700000e+02   3.5700000e+02   4.7636417e+00
   2.9900000e+02   3.0100000e+02  -1.4974356e+02
   3.0900000e+02   1.4900000e+02   4.5000000e+01
   1.1100000e+02   2.7200000e+02  -2.7000000e+01
   1.1900000e+02   3.1200000e+02   1.7000000e+02
   1.2500000e+02   2.6500000e+02   1.4900000e+02
   1.3500000e+02   1.3100000e+02   1.3900000e+02
   1.4700000e+02   2.0100000e+02   1.3700000e+02
   1.6200000e+02   3.2700000e+02   9.0000000e+00
   1.6500000e+02   3.0000000e+02   1.6500000e+02
   1.8400000e+02   1.3100000e+02   1.4600000e+02
   1.8600000e+02   3.2900000e+02   4.0000000e+00
   1.9400000e+02   1.6400000e+02  -4.0000000e+01
   1.9600000e+02   3.4000000e+02   1.8000000e+02
   1.9800000e+02   9.8000000e+01   1.4000000e+02
   1.9900000e+02   2.8700000e+02   1.7000000e+02
   2.0600000e+02   9.2000000e+01  -4.0000000e+01
   2.1400000e+02   9.9000000e+01   1.4700000e+02
   2.1800000e+02   5.9000000e+01  -3.1000000e+01
   2.2800000e+02   2.7200000e+02   1.4000000e+02
   2.4200000e+02   3.3800000e+02   1.7000000e+02
   2.5700000e+02   2.2900000e+02   7.5000000e+01
   2.7000000e+02   2.8300000e+02   1.4600000e+02
   2.7400000e+02   2.6100000e+02   7.1000000e+01
   2.7500000e+02   3.0600000e+02   1.6500000e+02
   2.8200000e+02   2.1700000e+02  -1.0500000e+02
   2.8400000e+02   3.0600000e+02   1.8000000e+01
   2.8900000e+02   3.3200000e+02  -1.7600000e+02
   2.9100000e+02   2.1800000e+02  -1.0900000e+02
   2.9700000e+02   3.3500000e+02   2.4000000e+01
   2.9900000e+02   9.6000000e+01   2.6000000e+01
   3.2000000e+02   1.5000000e+02  -1.5000000e+02
