   1.1500000e+02   2.9300000e+02  -4.5000000e+01
   1.2000000e+02   2.8200000e+02  -3.0256437e+01
   1.2900000e+02   2.9000000e+02   1.4313010e+02
   1.3900000e+02   2.7800000e+02  -4.7489553e+01
   1.4100000e+02   2.8800000e+02   1.4313010e+02
   1.4800000e+02   2.7800000e+02  -4.5000000e+01
   1.5900000e+02   2.7600000e+02  -3.9289407e+01
   1.7700000e+02   2.9400000e+02  -3.0256437e+01
   1.7700000e+02   3.5000000e+02   1.4313010e+02
   2.1000000e+02   2.9000000e+02  -5.0710593e+01
   2.3000000e+02   1.1200000e+02   1.7523636e+02
   2.3800000e+02   1.1300000e+02   4.7636417e+00
   2.4500000e+02   1.2000000e+02   2.0556045e+01
   2.8000000e+02   3.2300000e+02  -1.4630993e+02
   2.8900000e+02   2.8900000e+02  -1.2247119e+02
   2.9100000e+02   2.0800000e+02  -1.2928941e+02
   1.7400000e+02   2.7300000e+02   1.4400000e+02
   1.8200000e+02   2.3300000e+02   1.2200000e+02
   1.9600000e+02   2.0600000e+02   1.3500000e+02
   2.0900000e+02   2.2000000e+02   1.5700000e+02
   2.5200000e+02   3.0200000e+02   1.4000000e+02
   2.5400000e+02   2.8200000e+02   6.5000000e+01
   2.5800000e+02   2.9400000e+02   3.6000000e+01
