   1.1800000e+02   2.5800000e+02  -2.2619865e+01
   1.3100000e+02   3.0600000e+02   9.0000000e+01
   1.4100000e+02   2.2500000e+02   1.6156505e+02
   1.5400000e+02   2.2400000e+02   1.4630993e+02
   1.7200000e+02   1.1900000e+02   1.5094540e+02
   1.9900000e+02   2.3300000e+02  -3.0256437e+01
   2.1000000e+02   3.2000000e+02   4.7636417e+00
   2.2800000e+02   2.5700000e+02  -3.6869898e+01
   2.4500000e+02   3.4400000e+02  -1.7053768e+02
   2.5800000e+02   3.8000000e+01  -5.0194429e+01
   2.8100000e+02   6.5000000e+01   1.4036243e+01
   2.8300000e+02   1.5200000e+02   6.3434949e+01
   2.8700000e+02   1.3800000e+02  -1.4313010e+02
   2.9300000e+02   6.1000000e+01  -1.6596376e+02
   2.9400000e+02   1.4800000e+02   5.3130102e+01
   2.9900000e+02   2.7200000e+02  -1.3500000e+02
   3.1800000e+02   1.0900000e+02  -1.4071059e+02
   3.2100000e+02   2.3000000e+02  -1.1261986e+02
   1.2100000e+02   2.4600000e+02   1.5500000e+02
   1.5200000e+02   1.6500000e+02   1.3800000e+02
   1.5700000e+02   2.8700000e+02   1.7500000e+02
   1.5900000e+02   2.7500000e+02   1.6500000e+02
   1.9000000e+02   2.9900000e+02   1.8000000e+02
   2.1400000e+02   1.6800000e+02   1.2900000e+02
   2.3300000e+02   2.3500000e+02   1.4300000e+02
   2.4400000e+02   3.0300000e+02   1.8000000e+02
   2.6300000e+02   1.9400000e+02   7.9000000e+01
   2.6400000e+02   1.1300000e+02   1.7500000e+02
   2.7800000e+02   2.2600000e+02   7.1000000e+01
   2.8100000e+02   2.3900000e+02   4.2000000e+01
   3.0100000e+02   1.7900000e+02  -1.0500000e+02
