   8.9000000e+01   1.1300000e+02  -1.8434949e+01
   1.0700000e+02   2.7500000e+02  -9.9462322e+01
   1.0900000e+02   2.8600000e+02   6.3434949e+01
   1.1200000e+02   1.0700000e+02   1.7053768e+02
   1.1500000e+02   2.7700000e+02  -9.9462322e+01
   1.2300000e+02   1.0600000e+02   9.4623222e+00
   1.3100000e+02   3.0100000e+02  -1.0843495e+02
   1.4000000e+02   2.8800000e+02   5.0710593e+01
   1.4200000e+02   2.2400000e+02   9.4763642e+01
   1.4600000e+02   2.8000000e+02  -1.0843495e+02
   1.4800000e+02   2.3200000e+02   7.5963757e+01
   1.5000000e+02   2.8900000e+02   4.2273689e+01
   1.5400000e+02   2.1800000e+02   5.0710593e+01
   1.5600000e+02   2.7900000e+02  -1.1261986e+02
   1.6200000e+02   2.9000000e+02   4.1987212e+01
   1.7100000e+02   2.8000000e+02  -1.2928941e+02
   1.8600000e+02   2.7800000e+02  -1.4630993e+02
   1.8700000e+02   2.8700000e+02   3.2005383e+01
   1.9100000e+02   2.3000000e+01  -1.3772631e+02
   1.9200000e+02   3.1800000e+02  -1.3198721e+02
   2.0000000e+02   3.2200000e+02   2.6565051e+01
   2.0600000e+02   2.8000000e+01  -1.3500000e+02
   2.1100000e+02   1.1800000e+02  -1.2369007e+02
   2.1200000e+02   3.3800000e+02  -1.6001689e+02
   2.1700000e+02   1.6500000e+02  -1.2928941e+02
   2.1900000e+02   2.6200000e+02  -1.3500000e+02
   2.2000000e+02   3.4000000e+02   0.0000000e+00
   2.2600000e+02   2.1700000e+02  -1.3500000e+02
   2.2700000e+02   2.2500000e+02   4.1987212e+01
   2.3300000e+02   3.4800000e+02   9.4623222e+00
   2.3700000e+02   2.1700000e+02  -1.3500000e+02
   2.4100000e+02   2.2700000e+02   3.0256437e+01
   2.4700000e+02   1.7200000e+02  -1.2369007e+02
   2.4800000e+02   2.1700000e+02  -1.3251045e+02
   2.5300000e+02   1.0000000e+02   4.1987212e+01
   2.5300000e+02   1.1300000e+02  -1.3227369e+02
   2.5300000e+02   1.7800000e+02   4.5000000e+01
   2.5600000e+02   1.4800000e+02  -1.3500000e+02
   2.5800000e+02   8.8000000e+01  -1.3227369e+02
   2.6000000e+02   1.2200000e+02   4.7489553e+01
   2.6100000e+02   1.7300000e+02  -1.2980557e+02
   2.6100000e+02   2.2800000e+02   3.0256437e+01
   2.6300000e+02   1.0900000e+02  -1.3801279e+02
   2.6700000e+02   3.0800000e+02  -1.7053768e+02
   2.6800000e+02   3.0000000e+02  -1.6330076e+02
   2.6900000e+02   3.4200000e+02   1.8000000e+02
   2.7100000e+02   2.2000000e+02  -1.4974356e+02
   2.7100000e+02   2.5600000e+02   1.8434949e+01
   2.7400000e+02   1.5100000e+02  -1.3772631e+02
   2.7600000e+02   3.5300000e+02   0.0000000e+00
   2.7800000e+02   2.2600000e+02   3.0256437e+01
   2.7900000e+02   1.9400000e+02   2.8610460e+01
   2.8100000e+02   2.8200000e+02  -1.6596376e+02
   2.8900000e+02   2.8200000e+02   2.6565051e+01
   2.9100000e+02   2.2300000e+02  -1.4500798e+02
   1.2500000e+02   1.3300000e+02   1.7500000e+02
   1.2800000e+02   1.6300000e+02   1.4000000e+01
   1.2900000e+02   2.6200000e+02   5.7000000e+01
   1.3000000e+02   1.8800000e+02   4.0000000e+00
   1.3000000e+02   2.0700000e+02   1.0800000e+02
   1.3900000e+02   2.0300000e+02   1.8000000e+01
   1.6800000e+02   1.8300000e+02   5.0000000e+01
   1.7000000e+02   1.0300000e+02   4.7000000e+01
