   7.9000000e+01   1.6500000e+02  -5.6309932e+01
   8.1000000e+01   1.9800000e+02  -6.3434949e+01
   8.6000000e+01   9.8000000e+01  -1.8434949e+01
   8.9000000e+01   2.2900000e+02  -8.5236358e+01
   1.1600000e+02   2.0300000e+02   1.0843495e+02
   1.2600000e+02   2.9900000e+02   5.5007980e+01
   1.4200000e+02   2.2200000e+02   0.0000000e+00
   1.4500000e+02   2.8000000e+02   8.0537678e+01
   1.5100000e+02   3.1500000e+02  -1.1656505e+02
   1.5300000e+02   6.2000000e+01  -1.6156505e+02
   1.5400000e+02   3.5000000e+02   0.0000000e+00
   1.5600000e+02   2.9700000e+02  -1.0843495e+02
   1.6300000e+02   3.3500000e+02  -1.3500000e+02
   1.7400000e+02   3.4500000e+02   2.9744881e+01
   1.7700000e+02   2.9700000e+02  -1.2247119e+02
   1.8000000e+02   3.0500000e+02   3.9289407e+01
   1.8800000e+02   1.0100000e+02  -1.4071059e+02
   1.9200000e+02   2.9500000e+02  -1.4752881e+02
   1.9800000e+02   1.0800000e+02   4.7726311e+01
   1.9900000e+02   4.2000000e+01   3.0256437e+01
   2.0100000e+02   3.4300000e+02  -1.4071059e+02
   2.0700000e+02   4.0000000e+01  -1.3500000e+02
   2.3300000e+02   3.4900000e+02  -1.7053768e+02
   2.4500000e+02   9.0000000e+01   5.0710593e+01
   2.5200000e+02   2.7500000e+02  -1.4974356e+02
   2.5600000e+02   2.3700000e+02   2.6565051e+01
   2.5800000e+02   1.8000000e+02  -1.3227369e+02
   2.5900000e+02   3.4900000e+02  -1.4036243e+01
   2.6200000e+02   2.2600000e+02  -1.4019443e+02
   2.6600000e+02   1.8700000e+02   4.5000000e+01
   2.7400000e+02   3.2600000e+02  -1.7053768e+02
   2.7500000e+02   2.3600000e+02   1.8434949e+01
   2.7900000e+02   2.6000000e+02  -1.5343495e+02
   2.8000000e+02   3.3500000e+02   1.6156505e+02
   2.8700000e+02   2.6200000e+02   9.4623222e+00
   2.8800000e+02   2.2800000e+02  -1.5738014e+02
   1.4000000e+02   1.8400000e+02   9.0000000e+00
   1.4100000e+02   1.9700000e+02   1.3800000e+02
   1.5300000e+02   2.2200000e+02   1.4000000e+01
   1.7600000e+02   1.2100000e+02   3.6000000e+01
