   8.0000000e+01   1.7900000e+02  -5.6309932e+01
   8.1000000e+01   1.6300000e+02  -5.0194429e+01
   8.8000000e+01   2.3100000e+02  -8.0537678e+01
   9.2000000e+01   1.2100000e+02  -2.6565051e+01
   9.2000000e+01   2.4200000e+02  -7.5963757e+01
   1.1000000e+02   2.0200000e+02   1.1261986e+02
   1.1800000e+02   3.0700000e+02   7.0016893e+01
   1.2000000e+02   7.5000000e+01   1.2528808e+01
   1.3400000e+02   2.2100000e+02   1.9983107e+01
   1.3600000e+02   2.0400000e+02  -4.5000000e+01
   1.5700000e+02   5.7000000e+01   2.6565051e+01
   1.5700000e+02   3.0600000e+02  -1.1656505e+02
   1.6000000e+02   1.1600000e+02  -1.6156505e+02
   1.6800000e+02   3.0500000e+02  -1.2602737e+02
   1.9700000e+02   1.3500000e+02   4.7489553e+01
   1.9900000e+02   5.4000000e+01  -1.4397263e+02
   2.0500000e+02   3.2000000e+02  -1.4212502e+02
   2.0700000e+02   4.8000000e+01  -1.4397263e+02
   2.0800000e+02   6.1000000e+01   4.2273689e+01
   2.1400000e+02   5.4000000e+01   4.2273689e+01
   2.1700000e+02   2.9000000e+02  -1.3227369e+02
   2.2300000e+02   2.9700000e+02   3.3690068e+01
   2.3000000e+02   2.5500000e+02   4.1987212e+01
   2.3100000e+02   2.9300000e+02  -1.3772631e+02
   2.3800000e+02   3.2100000e+02  -1.3801279e+02
   2.4200000e+02   2.5600000e+02   3.6869898e+01
   2.4700000e+02   1.0000000e+02  -4.5000000e+01
   2.5400000e+02   2.4700000e+02  -1.3198721e+02
   2.6100000e+02   2.5900000e+02   3.3690068e+01
   2.6600000e+02   1.7700000e+02  -1.3801279e+02
   2.6600000e+02   1.8600000e+02   0.0000000e+00
   1.8300000e+02   3.4500000e+02  -1.3300000e+02
