   8.1000000e+01   1.2500000e+02  -5.9743563e+01
   1.0500000e+02   8.5000000e+01   1.4071059e+02
   1.2000000e+02   2.6100000e+02  -9.4763642e+01
   1.2200000e+02   7.5000000e+01  -1.8434949e+01
   1.2300000e+02   1.9500000e+02  -7.5963757e+01
   1.2800000e+02   9.7000000e+01  -1.4036243e+01
   1.6800000e+02   9.7000000e+01   1.7523636e+02
   1.7700000e+02   3.0600000e+02  -9.9462322e+01
   1.8200000e+02   3.1300000e+02   8.5236358e+01
   1.8700000e+02   2.4700000e+02   8.0537678e+01
   1.9200000e+02   4.9000000e+01   1.8434949e+01
   2.0100000e+02   5.8000000e+01  -1.6156505e+02
   2.2300000e+02   3.5300000e+02  -1.1261986e+02
   2.4700000e+02   1.3600000e+02  -1.5343495e+02
   2.4800000e+02   3.0700000e+02   5.1340192e+01
   2.7000000e+02   3.3600000e+02  -1.4019443e+02
   2.7100000e+02   3.1100000e+02  -1.4019443e+02
   2.7400000e+02   1.7700000e+02  -1.5343495e+02
   2.7800000e+02   3.1700000e+02   2.2619865e+01
   2.8100000e+02   3.0700000e+02  -1.4974356e+02
   2.8600000e+02   3.5600000e+02  -1.6596376e+02
   2.8900000e+02   3.1300000e+02   2.2619865e+01
   3.1100000e+02   3.5700000e+02  -1.6969515e+02
   3.1800000e+02   2.1300000e+02  -1.7053768e+02
   3.2500000e+02   3.4100000e+02  -1.7053768e+02
   3.3900000e+02   3.3700000e+02  -1.7053768e+02
   3.4000000e+02   2.5800000e+02  -1.7053768e+02
   1.7400000e+02   2.0400000e+02   1.1200000e+02
   2.0000000e+02   1.4100000e+02   1.8000000e+01
   2.0300000e+02   2.2800000e+02   1.0800000e+02
   2.1000000e+02   2.0300000e+02   1.4000000e+01
   2.1200000e+02   2.3500000e+02  -5.0000000e+00
   2.1300000e+02   2.1400000e+02   4.0000000e+00
   2.2600000e+02   2.3500000e+02   1.8000000e+02
   2.2600000e+02   2.4600000e+02  -8.5000000e+01
   2.4200000e+02   2.7000000e+02  -1.0000000e+02
   2.6100000e+02   1.8800000e+02   2.6000000e+01
   3.0900000e+02   2.2200000e+02   1.9000000e+01
   3.2800000e+02   2.0800000e+02  -1.6600000e+02
   3.4700000e+02   2.6500000e+02   1.8000000e+02
