   8.3000000e+01   2.5600000e+02   1.2369007e+02
   8.5000000e+01   2.4800000e+02  -5.6309932e+01
   1.1000000e+02   3.4100000e+02   1.9983107e+01
   1.3200000e+02   3.5000000e+02  -1.1656505e+02
   1.6800000e+02   2.2000000e+01   1.7053768e+02
   1.7200000e+02   3.5900000e+02   6.3434949e+01
   2.4600000e+02   1.5900000e+02   5.9743563e+01
   2.6300000e+02   3.5000000e+01   4.7726311e+01
   2.6400000e+02   1.9000000e+02  -1.2369007e+02
   2.8300000e+02   2.4400000e+02  -1.4212502e+02
   2.8900000e+02   7.7000000e+01   5.3130102e+01
   9.1000000e+01   3.4900000e+02   1.4200000e+02
   9.7000000e+01   1.1700000e+02   1.2900000e+02
   1.0100000e+02   1.4100000e+02   1.3200000e+02
   1.0700000e+02   2.0300000e+02  -6.4000000e+01
   1.0900000e+02   1.8000000e+02   1.4300000e+02
   1.2600000e+02   2.3700000e+02   1.0400000e+02
   1.2900000e+02   1.7600000e+02   1.1600000e+02
   1.6800000e+02   4.0000000e+01   1.8000000e+02
   1.7100000e+02   1.4700000e+02   1.6100000e+02
   1.7900000e+02   1.6000000e+01  -5.0000000e+00
   1.9200000e+02   3.1500000e+02  -1.1700000e+02
   1.9600000e+02   3.2300000e+02   4.1000000e+01
   1.9700000e+02   3.5200000e+02  -1.3500000e+02
   1.9900000e+02   3.4000000e+02   4.7000000e+01
   2.0300000e+02   3.5800000e+02   2.2000000e+01
   2.1100000e+02   3.1100000e+02  -1.1700000e+02
   2.1500000e+02   2.9500000e+02  -1.3200000e+02
   2.2300000e+02   1.2500000e+02   4.7000000e+01
   2.3300000e+02   7.5000000e+01  -1.4100000e+02
   2.3400000e+02   3.2100000e+02   3.0000000e+01
   2.3900000e+02   6.9000000e+01   4.5000000e+01
   2.5000000e+02   3.4300000e+02  -1.4700000e+02
   2.5700000e+02   3.4700000e+02   2.2000000e+01
   2.6000000e+02   2.1200000e+02  -1.2400000e+02
   2.6000000e+02   3.2600000e+02  -1.4400000e+02
   2.6100000e+02   5.3000000e+01   3.6000000e+01
   2.6200000e+02   1.4700000e+02   5.3000000e+01
   2.6400000e+02   2.6000000e+01  -1.4400000e+02
   2.6400000e+02   2.0000000e+02  -1.3000000e+02
   2.6600000e+02   3.0600000e+02  -1.3800000e+02
   2.7200000e+02   3.2300000e+02  -1.4100000e+02
   2.7300000e+02   3.5700000e+02   2.2000000e+01
   2.7800000e+02   3.3000000e+02   2.6000000e+01
   2.8600000e+02   2.3400000e+02  -1.2400000e+02
   2.9000000e+02   3.4900000e+02  -1.6200000e+02
   2.9300000e+02   1.5500000e+02  -1.3000000e+02
   3.1000000e+02   1.9400000e+02  -1.3000000e+02
