   6.5000000e+01   2.6900000e+02  -5.7528808e+01
   6.5000000e+01   2.7900000e+02   1.2025644e+02
   6.8000000e+01   2.3000000e+02   1.2096376e+02
   7.5000000e+01   2.7600000e+02   1.1656505e+02
   7.5000000e+01   3.1500000e+02  -6.7380135e+01
   7.6000000e+01   2.6700000e+02  -6.7380135e+01
   8.1000000e+01   1.5000000e+02  -3.3690068e+01
   8.1000000e+01   2.5100000e+02   1.0403624e+02
   9.5000000e+01   7.7000000e+01   9.0000000e+01
   1.0300000e+02   7.5000000e+01  -1.4036243e+01
   1.1600000e+02   1.6300000e+02   1.4630993e+02
   1.1800000e+02   2.6100000e+02   9.9462322e+01
   1.2900000e+02   3.4100000e+02  -1.0843495e+02
   1.3700000e+02   6.7000000e+01   1.4036243e+01
   1.4600000e+02   3.2700000e+02   5.3972627e+01
   1.4800000e+02   4.4000000e+01   9.4623222e+00
   1.5100000e+02   2.7100000e+02   8.0537678e+01
   1.6900000e+02   8.8000000e+01  -1.5738014e+02
   2.2200000e+02   5.6000000e+01   5.3130102e+01
   2.2600000e+02   2.1100000e+02  -1.2247119e+02
   2.4700000e+02   9.7000000e+01   6.3434949e+01
   2.6900000e+02   3.5600000e+02  -1.6596376e+02
   2.8400000e+02   2.5100000e+02  -1.2686990e+02
   8.4000000e+01   1.5800000e+02  -3.4000000e+01
   1.1100000e+02   2.1800000e+02  -5.4000000e+01
   1.3000000e+02   2.9800000e+02   7.1000000e+01
   1.3100000e+02   2.6000000e+02   9.9000000e+01
   1.3400000e+02   1.7200000e+02   1.6100000e+02
   1.4800000e+02   1.9400000e+02  -1.7100000e+02
   1.6900000e+02   1.9800000e+02  -1.4100000e+02
   1.7600000e+02   1.4200000e+02   3.8000000e+01
   1.9700000e+02   3.4000000e+02   3.6000000e+01
   2.1900000e+02   7.4000000e+01   3.9000000e+01
   2.1900000e+02   1.6600000e+02   4.7000000e+01
   2.3700000e+02   3.1900000e+02  -1.4700000e+02
   2.8200000e+02   2.1200000e+02  -1.3000000e+02
   2.8200000e+02   3.3100000e+02  -1.5800000e+02
