   8.2000000e+01   3.5800000e+02   3.8659808e+01
   8.8000000e+01   9.5000000e+01   1.5343495e+02
   9.2000000e+01   3.5400000e+02   2.4443955e+01
   9.6000000e+01   1.9600000e+02   1.0403624e+02
   1.0600000e+02   3.5300000e+02   4.5000000e+01
   1.2000000e+02   3.1400000e+02  -1.0403624e+02
   1.2800000e+02   3.7000000e+01   1.8434949e+01
   1.3300000e+02   2.3300000e+02   9.9462322e+01
   1.3700000e+02   2.4200000e+02   7.1565051e+01
   1.4700000e+02   2.9300000e+02  -1.2247119e+02
   1.6100000e+02   2.9500000e+02  -1.3500000e+02
   1.6400000e+02   1.1000000e+02  -1.4313010e+02
   1.6500000e+02   3.4500000e+02  -1.4134019e+02
   2.0900000e+02   1.8100000e+02  -1.2025644e+02
   2.1300000e+02   2.3500000e+02   4.2273689e+01
   2.1800000e+02   3.5200000e+02  -1.6596376e+02
   2.3200000e+02   3.5000000e+02   9.4623222e+00
   2.4700000e+02   1.2100000e+02  -1.2602737e+02
   2.6000000e+02   2.1200000e+02  -1.2369007e+02
   1.3600000e+02   1.7400000e+02  -1.6200000e+02
   1.4800000e+02   1.9600000e+02  -1.4400000e+02
