   9.1000000e+01   9.4000000e+01   1.5094540e+02
   9.1000000e+01   1.7500000e+02  -6.5556045e+01
   1.0300000e+02   5.7000000e+01   1.4752881e+02
   1.0300000e+02   9.8000000e+01  -3.9289407e+01
   1.5500000e+02   2.2000000e+01   1.8434949e+01
   1.6000000e+02   2.8900000e+02  -1.1444395e+02
   1.7000000e+02   2.1300000e+02   9.4763642e+01
   1.7200000e+02   3.1300000e+02  -1.3500000e+02
   1.7500000e+02   2.2100000e+02   7.5963757e+01
   1.8700000e+02   2.7100000e+02   1.8000000e+02
   1.9500000e+02   1.7500000e+02  -1.4397263e+02
   1.9700000e+02   2.1000000e+01   4.0601295e+01
   2.3500000e+02   2.5700000e+02  -1.2499202e+02
   2.5300000e+02   6.7000000e+01  -1.2025644e+02
   2.6800000e+02   2.1700000e+02   3.3690068e+01
   2.7800000e+02   1.6200000e+02  -1.2369007e+02
   8.3000000e+01   1.0000000e+02  -3.7000000e+01
   1.6100000e+02   1.4200000e+02  -1.7100000e+02
   1.7800000e+02   3.4400000e+02   2.6000000e+01
   2.3800000e+02   1.7200000e+02   6.5000000e+01
