   1.8800000e+02   3.4100000e+02   1.8000000e+02
   2.5000000e+02   3.1300000e+02   1.5819859e+02
   3.1000000e+02   1.4100000e+02   9.9462322e+01
   3.1100000e+02   1.3300000e+02  -8.5236358e+01
   3.2400000e+02   1.3800000e+02   9.9462322e+01
   3.2500000e+02   1.3000000e+02  -9.4763642e+01
   3.4600000e+02   1.0100000e+02  -8.4805571e+01
   2.7100000e+02   6.1000000e+01   1.2000000e+02
   2.8100000e+02   6.5000000e+01   1.2600000e+02
   2.9100000e+02   1.0300000e+02   1.1200000e+02
   3.0300000e+02   9.8000000e+01   7.5000000e+01
   3.2700000e+02   7.1000000e+01  -1.1700000e+02
   3.2800000e+02   1.6000000e+02   1.0800000e+02
   3.3800000e+02   1.4900000e+02   9.4000000e+01
