   1.0800000e+02   1.0600000e+02   1.1656505e+02
   1.2500000e+02   2.4700000e+02  -3.6869898e+01
   1.2600000e+02   1.2600000e+02  -6.3434949e+01
   1.2900000e+02   3.2900000e+02  -9.4623222e+00
   1.3200000e+02   2.7500000e+02   1.4397263e+02
   1.3400000e+02   1.7000000e+01  -5.6309932e+01
   1.4400000e+02   5.3000000e+01  -5.6309932e+01
   1.4600000e+02   2.9300000e+02  -2.6565051e+01
   1.4900000e+02   9.8000000e+01   1.1656505e+02
   1.5300000e+02   2.3100000e+02  -3.8659808e+01
   1.6300000e+02   2.2300000e+02   1.4134019e+02
   1.7000000e+02   1.6300000e+02   1.2025644e+02
   1.7300000e+02   2.7200000e+02  -3.6869898e+01
   1.7900000e+02   2.2100000e+02  -6.3434949e+01
   1.8000000e+02   3.0300000e+02  -2.2619865e+01
   1.8200000e+02   6.7000000e+01   1.2369007e+02
   1.9400000e+02   2.4800000e+02  -5.3130102e+01
   2.2300000e+02   2.6200000e+02  -4.7726311e+01
   2.3300000e+02   4.1000000e+01   1.4313010e+02
   2.4100000e+02   3.8000000e+01  -3.9805571e+01
   2.4800000e+02   1.9700000e+02   1.0403624e+02
   2.5500000e+02   3.0500000e+02  -2.6565051e+01
   2.5700000e+02   2.6700000e+02  -5.6309932e+01
   2.6500000e+02   2.5500000e+02   1.2369007e+02
   2.7600000e+02   2.8800000e+02  -5.0194429e+01
   2.7800000e+02   1.8200000e+02  -8.5236358e+01
   2.7800000e+02   1.9000000e+02   1.0403624e+02
   2.9300000e+02   1.7900000e+02  -9.0000000e+01
   2.9300000e+02   1.8700000e+02   1.0403624e+02
   3.0700000e+02   2.0200000e+02   8.5236358e+01
   3.0800000e+02   1.9400000e+02  -8.5236358e+01
   3.1300000e+02   5.5000000e+01  -1.4071059e+02
   3.1600000e+02   1.9600000e+02  -9.0000000e+01
   3.2200000e+02   1.6100000e+02   8.5236358e+01
   1.1100000e+02   1.9000000e+02   1.4300000e+02
   1.1700000e+02   3.2600000e+02   1.5700000e+02
   1.2400000e+02   2.8100000e+02   1.6500000e+02
   1.3400000e+02   2.5200000e+02   1.5700000e+02
   1.5400000e+02   1.7300000e+02   1.2600000e+02
   1.5700000e+02   7.5000000e+01   1.2300000e+02
   1.6900000e+02   3.3000000e+02   1.6500000e+02
   1.8000000e+02   1.3100000e+02   1.1200000e+02
   1.9100000e+02   4.7000000e+01   1.2900000e+02
   2.2400000e+02   1.7500000e+02   1.1200000e+02
   2.3400000e+02   3.4500000e+02   1.7000000e+02
   2.3500000e+02   2.9000000e+01   1.4100000e+02
   2.3600000e+02   3.3400000e+02   1.7500000e+02
   2.4300000e+02   7.4000000e+01   1.3500000e+02
   2.4900000e+02   1.1500000e+02   1.3200000e+02
   2.5000000e+02   1.2600000e+02   1.2600000e+02
   2.7000000e+02   1.4800000e+02   7.4000000e+01
   2.8500000e+02   3.5000000e+01  -1.6600000e+02
   2.9500000e+02   8.3000000e+01  -1.3500000e+02
   2.9700000e+02   1.2200000e+02   8.0000000e+01
