   1.3700000e+02   1.1800000e+02   1.0843495e+02
   1.3700000e+02   2.3100000e+02  -4.0601295e+01
   1.4200000e+02   1.0900000e+02  -6.7380135e+01
   1.4300000e+02   1.2900000e+02   1.1656505e+02
   1.4800000e+02   1.1600000e+02  -7.1565051e+01
   1.5100000e+02   1.6300000e+02   1.1656505e+02
   1.5500000e+02   2.7200000e+02  -3.6869898e+01
   1.6100000e+02   2.1900000e+02  -5.9743563e+01
   1.6200000e+02   3.0500000e+02  -2.6565051e+01
   1.6400000e+02   6.7000000e+01   1.2369007e+02
   1.6600000e+02   1.9200000e+02   1.1444395e+02
   1.6800000e+02   1.8300000e+02  -7.1565051e+01
   1.7500000e+02   2.5000000e+02  -5.6309932e+01
   2.0500000e+02   2.6100000e+02  -4.7726311e+01
   2.3000000e+02   1.9700000e+02   1.0843495e+02
   2.3800000e+02   3.0600000e+02  -3.0256437e+01
   2.3900000e+02   2.6700000e+02  -5.6309932e+01
   2.4300000e+02   1.1500000e+02  -5.7105931e+00
   2.4700000e+02   2.5500000e+02   1.2369007e+02
   2.5700000e+02   4.3000000e+01   1.7523636e+02
   2.5800000e+02   2.8800000e+02  -4.7726311e+01
   2.6000000e+02   1.9100000e+02   1.0403624e+02
   2.6500000e+02   4.5000000e+01   2.6565051e+01
   2.8900000e+02   1.3000000e+02  -9.0000000e+01
   2.9100000e+02   1.3800000e+02   8.5236358e+01
   2.9100000e+02   2.9000000e+02  -5.9743563e+01
   2.9900000e+02   2.0600000e+02   8.5236358e+01
   3.0000000e+02   1.3900000e+02   8.5236358e+01
   3.0100000e+02   1.9500000e+02  -9.4763642e+01
   3.0800000e+02   2.1100000e+02   8.0537678e+01
   3.0900000e+02   2.0000000e+02  -9.4763642e+01
   3.1200000e+02   2.4200000e+02   9.0000000e+01
   3.1600000e+02   9.8000000e+01   7.7471192e+01
   3.1600000e+02   1.5100000e+02   8.0537678e+01
   1.3600000e+02   1.7300000e+02   1.2600000e+02
   1.6100000e+02   1.3100000e+02   1.1200000e+02
   1.7500000e+02   4.5000000e+01   1.2900000e+02
   2.0700000e+02   1.3200000e+02   1.2400000e+02
   2.3800000e+02   1.3400000e+02   1.2200000e+02
   2.3900000e+02   1.5200000e+02   1.1200000e+02
   2.5100000e+02   1.4700000e+02   6.5000000e+01
   2.8200000e+02   2.0600000e+02   1.1900000e+02
