   9.5000000e+01   3.4000000e+02   1.8434949e+01
   1.0500000e+02   3.5300000e+02  -1.6596376e+02
   1.0800000e+02   2.4400000e+02  -4.7636417e+00
   1.1300000e+02   3.5800000e+02   1.4036243e+01
   1.2800000e+02   2.7800000e+02   0.0000000e+00
   1.3300000e+02   2.4700000e+02  -1.4036243e+01
   1.3400000e+02   2.0200000e+02  -1.4036243e+01
   1.4000000e+02   2.8500000e+02   1.7053768e+02
   1.5900000e+02   2.0300000e+02  -3.3690068e+01
   1.6000000e+02   2.3600000e+02  -3.2471192e+01
   1.6300000e+02   3.2400000e+02  -1.6596376e+02
   1.7600000e+02   1.4800000e+02   1.4630993e+02
   1.7600000e+02   3.2500000e+02   9.4623222e+00
   1.7800000e+02   7.2000000e+01  -2.2619865e+01
   1.8000000e+02   3.5200000e+02   9.4623222e+00
   1.8300000e+02   2.5900000e+02  -1.8434949e+01
   1.8500000e+02   7.7000000e+01   1.4630993e+02
   2.0200000e+02   3.3600000e+02   1.7365981e+02
   2.1300000e+02   2.4500000e+02   1.4974356e+02
   2.2600000e+02   6.6000000e+01   1.4630993e+02
   2.3100000e+02   2.1400000e+02   1.3251045e+02
   2.3800000e+02   2.1000000e+01   1.5343495e+02
   2.4000000e+02   2.9300000e+02  -4.5000000e+01
   2.4800000e+02   1.7000000e+01  -2.2619865e+01
   2.4800000e+02   1.1700000e+02   1.3836646e+02
   2.5500000e+02   1.1300000e+02  -2.6565051e+01
   2.6100000e+02   2.1700000e+02   1.2686990e+02
   2.8700000e+02   6.8000000e+01  -1.4036243e+01
   2.9200000e+02   2.7600000e+02   1.0843495e+02
   2.9400000e+02   2.4100000e+02   1.1261986e+02
   2.9800000e+02   2.3200000e+02  -6.7380135e+01
   3.0100000e+02   2.4500000e+02   1.0403624e+02
   3.0500000e+02   2.3800000e+02  -7.1565051e+01
   3.0900000e+02   2.5200000e+02   1.0843495e+02
   3.0900000e+02   2.7100000e+02   9.9462322e+01
   3.1200000e+02   1.7800000e+02   1.0843495e+02
   3.1200000e+02   2.4400000e+02  -8.0537678e+01
   3.1500000e+02   1.7000000e+02  -7.5963757e+01
   3.2500000e+02   6.8000000e+01  -1.6156505e+02
   3.3200000e+02   1.9400000e+02   1.0525512e+02
   3.3900000e+02   7.3000000e+01   3.6869898e+01
   3.5200000e+02   1.4400000e+02   9.0000000e+01
   3.6800000e+02   1.0300000e+02   8.0537678e+01
   1.2700000e+02   3.6000000e+02  -1.6600000e+02
   1.4600000e+02   3.4500000e+02  -1.6200000e+02
   1.5400000e+02   3.4700000e+02   2.2000000e+01
   1.5700000e+02   1.4800000e+02   1.4700000e+02
   1.9600000e+02   1.2400000e+02   1.4000000e+02
   2.4100000e+02   5.1000000e+01   1.4900000e+02
   2.5300000e+02   9.4000000e+01   1.4600000e+02
   2.7000000e+02   1.7700000e+02  -7.2000000e+01
   2.7200000e+02   1.4300000e+02   1.7500000e+02
   3.0800000e+02   1.6200000e+02  -6.6000000e+01
   3.1400000e+02   1.9700000e+02   1.2000000e+02
   3.7400000e+02   8.4000000e+01  -1.2400000e+02
