   9.5000000e+01   3.0800000e+02  -6.3434949e+01
   1.0300000e+02   1.9500000e+02  -5.9743563e+01
   1.1700000e+02   2.7900000e+02   1.1261986e+02
   1.1900000e+02   1.6700000e+02   1.1656505e+02
   1.2200000e+02   1.5000000e+02  -5.3130102e+01
   1.4000000e+02   3.4300000e+02   1.1656505e+02
   1.5100000e+02   2.4600000e+02   1.2247119e+02
   2.4800000e+02   3.5800000e+02  -9.0000000e+01
   2.7500000e+02   3.0500000e+02  -9.9462322e+01
   2.9800000e+02   2.6500000e+02   6.7380135e+01
   1.1700000e+02   2.3600000e+02   1.2600000e+02
   1.2400000e+02   3.0400000e+02   1.1600000e+02
   1.2400000e+02   3.5300000e+02   1.2300000e+02
   1.5700000e+02   2.2600000e+02   1.2600000e+02
   1.6300000e+02   2.5000000e+02   1.1200000e+02
   1.6500000e+02   2.6500000e+02   1.1200000e+02
   1.6700000e+02   3.6000000e+02   1.1200000e+02
   1.6800000e+02   2.9400000e+02   1.2000000e+02
   1.7600000e+02   2.7600000e+02   1.1200000e+02
   1.8000000e+02   1.6000000e+02   1.3700000e+02
   1.8500000e+02   3.5700000e+02   1.1200000e+02
   1.8800000e+02   2.5400000e+02   1.2000000e+02
   1.8800000e+02   2.6900000e+02   1.1200000e+02
   2.1600000e+02   1.9900000e+02  -1.9000000e+01
   2.1700000e+02   2.7000000e+02   1.2600000e+02
   2.3300000e+02   3.6000000e+02   9.9000000e+01
   2.3700000e+02   2.9600000e+02   6.3000000e+01
   2.5100000e+02   2.1200000e+02  -1.7100000e+02
   2.6300000e+02   2.9400000e+02  -1.2100000e+02
   2.6900000e+02   3.3700000e+02   9.0000000e+01
   2.7900000e+02   1.9000000e+02  -1.6200000e+02
   2.7900000e+02   2.2900000e+02   5.0000000e+01
   2.8600000e+02   3.3000000e+02   6.7000000e+01
   2.9000000e+02   2.2300000e+02  -1.3500000e+02
   2.9300000e+02   1.9900000e+02   3.9000000e+01
   3.0400000e+02   3.1900000e+02   7.0000000e+01
