   1.0500000e+02   2.9000000e+02   1.2865981e+02
   1.3600000e+02   3.0900000e+02  -5.6309932e+01
   1.6600000e+02   3.2000000e+02  -5.0194429e+01
   2.0100000e+02   3.2400000e+02  -5.6309932e+01
   2.2200000e+02   3.4500000e+02  -5.3130102e+01
   2.5300000e+02   3.4600000e+02  -5.7528808e+01
   2.8300000e+02   3.5800000e+02  -3.0256437e+01
   2.8400000e+02   2.8700000e+02   7.5963757e+01
   3.3100000e+02   1.8700000e+02  -1.1261986e+02
   9.4000000e+01   2.4100000e+02   1.2300000e+02
   9.5000000e+01   1.6400000e+02   1.1200000e+02
   1.0100000e+02   1.5200000e+02   1.1600000e+02
   1.1100000e+02   2.6800000e+02   1.1600000e+02
   1.1600000e+02   1.3200000e+02   1.2900000e+02
   1.2900000e+02   7.5000000e+01   1.2600000e+02
   1.3100000e+02   2.1600000e+02   1.0800000e+02
   1.3300000e+02   1.1100000e+02   1.2600000e+02
   1.3300000e+02   1.2600000e+02   1.1600000e+02
   1.5700000e+02   3.0700000e+02   1.3200000e+02
   1.6000000e+02   1.9000000e+02   1.1600000e+02
   1.6400000e+02   2.8100000e+02   1.2000000e+02
   1.7100000e+02   3.0100000e+02   1.2300000e+02
   1.7900000e+02   2.6900000e+02   1.1600000e+02
   2.0200000e+02   2.6600000e+02   1.0400000e+02
   2.1300000e+02   2.8700000e+02   1.0800000e+02
   2.1300000e+02   3.1000000e+02  -6.8000000e+01
   2.2400000e+02   2.7300000e+02   9.9000000e+01
   2.3400000e+02   2.5400000e+02   9.9000000e+01
   2.3800000e+02   3.1900000e+02   1.1600000e+02
   2.4100000e+02   2.6600000e+02   1.0800000e+02
   2.4100000e+02   3.0400000e+02   1.0400000e+02
   2.4200000e+02   2.5400000e+02   9.4000000e+01
   2.5700000e+02   8.2000000e+01  -1.5400000e+02
   2.5700000e+02   1.9800000e+02   9.0000000e+01
   2.7200000e+02   2.3300000e+02  -1.1200000e+02
   2.7700000e+02   2.6300000e+02  -1.0500000e+02
   2.8200000e+02   3.2600000e+02   1.1400000e+02
   2.8600000e+02   2.7300000e+02  -1.0000000e+02
   2.9800000e+02   2.2400000e+02   7.1000000e+01
   3.0000000e+02   3.5000000e+02   2.6000000e+01
   3.3600000e+02   2.1400000e+02  -1.1300000e+02
