   1.2300000e+02   2.8800000e+02  -6.3434949e+01
   1.3200000e+02   2.6500000e+02  -6.7380135e+01
   1.3500000e+02   1.2000000e+02   1.2369007e+02
   1.7800000e+02   2.8100000e+02   1.2025644e+02
   1.7900000e+02   9.0000000e+01   1.4630993e+02
   1.8200000e+02   2.7200000e+02  -7.5963757e+01
   1.9100000e+02   2.7000000e+02  -7.5963757e+01
   1.9900000e+02   2.7300000e+02  -8.0537678e+01
   2.0800000e+02   2.6500000e+02  -7.5963757e+01
   2.1500000e+02   2.7300000e+02   9.9462322e+01
   2.1800000e+02   6.0000000e+01   1.7053768e+02
   2.3000000e+02   2.7100000e+02   9.0000000e+01
   2.5100000e+02   2.1200000e+02  -9.0000000e+01
   2.5200000e+02   2.8500000e+02   7.9695154e+01
   2.5400000e+02   2.7600000e+02  -9.0000000e+01
   2.5900000e+02   1.9900000e+02   8.5236358e+01
   2.6100000e+02   2.8900000e+02   8.5236358e+01
   2.6900000e+02   2.9100000e+02   4.5000000e+01
   2.8700000e+02   1.8700000e+02  -1.1396249e+02
   1.5800000e+02   3.4500000e+02  -5.5000000e+01
