   1.0500000e+02   2.9700000e+02  -5.3972627e+01
   1.0800000e+02   1.3400000e+02  -5.0710593e+01
   1.1000000e+02   2.3700000e+02   1.2686990e+02
   1.1100000e+02   3.0700000e+02  -3.9805571e+01
   1.1300000e+02   2.6800000e+02   1.2369007e+02
   1.1500000e+02   2.6000000e+02  -6.3434949e+01
   1.1700000e+02   2.9400000e+02  -5.6309932e+01
   1.1900000e+02   1.2300000e+02   1.3801279e+02
   1.2200000e+02   2.6900000e+02   1.1656505e+02
   1.2400000e+02   2.6100000e+02  -6.3434949e+01
   1.2900000e+02   3.5200000e+02  -3.3690068e+01
   1.3200000e+02   3.2100000e+02  -4.5000000e+01
   1.6000000e+02   2.0400000e+02   1.1261986e+02
   1.6200000e+02   3.5200000e+02  -2.6565051e+01
   1.8100000e+02   1.2100000e+02  -4.8012788e+01
   1.9700000e+02   3.4100000e+02  -5.6309932e+01
   2.0100000e+02   2.6700000e+02   9.4763642e+01
   2.1200000e+02   2.2500000e+02   9.0000000e+01
   2.1500000e+02   1.0200000e+02   1.6596376e+02
   2.3400000e+02   1.7800000e+02  -1.2369007e+02
   2.3800000e+02   1.8500000e+02   9.0000000e+01
   2.4900000e+02   1.2900000e+02  -1.4071059e+02
   2.5800000e+02   2.7200000e+02   9.0000000e+01
   2.6600000e+02   2.7400000e+02   8.0537678e+01
   2.6700000e+02   1.1900000e+02   5.0194429e+01
   2.6700000e+02   2.6500000e+02  -9.9462322e+01
   2.7200000e+02   2.1600000e+02   7.5963757e+01
   2.7500000e+02   2.7700000e+02   8.0537678e+01
   2.7700000e+02   2.6900000e+02  -1.0525512e+02
   2.8100000e+02   3.2400000e+02  -9.9462322e+01
   2.8300000e+02   2.9200000e+02   7.5963757e+01
   1.5200000e+02   2.8000000e+02   1.1600000e+02
   1.6300000e+02   5.1000000e+01   1.4300000e+02
   2.3700000e+02   8.4000000e+01  -1.7600000e+02
   2.3700000e+02   1.9800000e+02  -1.2100000e+02
