   9.0000000e+01   2.1000000e+02  -7.8690068e+01
   9.0000000e+01   2.3800000e+02  -1.4036243e+01
   9.2000000e+01   2.0000000e+02   1.0130993e+02
   9.4000000e+01   1.6400000e+02   1.0843495e+02
   9.8000000e+01   1.8800000e+02  -9.0000000e+01
   9.8000000e+01   2.8500000e+02  -4.7636417e+00
   1.0000000e+02   1.9800000e+02   9.0000000e+01
   1.0300000e+02   2.4800000e+02  -4.7636417e+00
   1.1600000e+02   3.0000000e+01  -9.4623222e+00
   1.2500000e+02   1.0700000e+02   1.2980557e+02
   1.4300000e+02   2.8600000e+02   1.7523636e+02
   1.5200000e+02   1.4200000e+02   9.9462322e+01
   1.5400000e+02   3.2300000e+02   1.7053768e+02
   1.5700000e+02   1.5900000e+02  -8.5236358e+01
   1.6100000e+02   1.9900000e+02   1.5738014e+02
   1.9700000e+02   2.0600000e+02   1.2686990e+02
   1.9700000e+02   2.6900000e+02  -3.0256437e+01
   2.1000000e+02   4.0000000e+01   2.9744881e+01
   2.1500000e+02   1.6300000e+02   7.4744881e+01
   2.1900000e+02   2.6900000e+02  -3.3690068e+01
   2.2300000e+02   1.0900000e+02   7.1565051e+01
   2.3000000e+02   1.3700000e+02   7.5963757e+01
   2.3200000e+02   9.1000000e+01   5.6309932e+01
   2.3300000e+02   1.1300000e+02   5.3972627e+01
   2.3300000e+02   3.1200000e+02   1.7480557e+02
   2.3700000e+02   2.2500000e+02   1.0403624e+02
   2.3700000e+02   2.4400000e+02  -6.9443955e+01
   2.5600000e+02   2.5700000e+02  -1.7523636e+02
   1.1700000e+02   3.0900000e+02   1.7000000e+02
   1.2100000e+02   1.5100000e+02   1.0800000e+02
   1.2100000e+02   1.9100000e+02   4.8000000e+01
   1.3000000e+02   1.9800000e+02  -5.0000000e+00
   1.5200000e+02   3.0700000e+02   1.7500000e+02
   1.6200000e+02   1.7900000e+02   1.4900000e+02
   1.7400000e+02   1.0600000e+02   4.7000000e+01
   1.9400000e+02   1.6900000e+02   1.2000000e+02
   2.0300000e+02   1.0000000e+02   6.3000000e+01
   2.1900000e+02   2.1100000e+02  -7.2000000e+01
   2.6500000e+02   1.5700000e+02   5.9000000e+01
