   1.1800000e+02   1.7900000e+02   1.1261986e+02
   1.2000000e+02   2.5800000e+02  -5.6309932e+01
   1.3800000e+02   2.3400000e+02   9.0000000e+01
   1.3800000e+02   2.4200000e+02  -9.0000000e+01
   1.3900000e+02   2.7200000e+02  -2.2619865e+01
   1.5200000e+02   3.1700000e+02  -9.4623222e+00
   1.5700000e+02   2.2900000e+02  -1.2096376e+02
   1.5900000e+02   1.3900000e+02   1.2369007e+02
   1.9800000e+02   3.1400000e+02   1.6596376e+02
   2.1000000e+02   2.2500000e+02   1.4974356e+02
   2.1200000e+02   3.5000000e+02   1.6596376e+02
   2.4600000e+02   2.2900000e+02   1.2025644e+02
   2.5000000e+02   2.9300000e+02  -3.6869898e+01
   2.6300000e+02   1.1100000e+02   4.5000000e+01
   2.7400000e+02   2.9000000e+02  -3.6869898e+01
   2.8900000e+02   2.4100000e+02   9.9462322e+01
   2.9000000e+02   2.6300000e+02  -5.9036243e+01
   1.0500000e+02   1.8800000e+02   1.0800000e+02
   1.1500000e+02   2.8500000e+02   1.4600000e+02
   1.1600000e+02   1.6100000e+02  -5.4000000e+01
   1.3700000e+02   1.9700000e+02   1.0400000e+02
   1.3900000e+02   3.2400000e+02   1.6500000e+02
   1.4300000e+02   2.8800000e+02   1.6500000e+02
   1.5200000e+02   2.7600000e+02   1.7000000e+02
   1.6200000e+02   1.8200000e+02   1.0800000e+02
   1.7300000e+02   3.3900000e+02   1.6500000e+02
   1.7700000e+02   2.2900000e+02  -1.5000000e+01
   1.9500000e+02   2.0200000e+02  -4.8000000e+01
   2.0700000e+02   1.3300000e+02   3.9000000e+01
   2.0700000e+02   3.3500000e+02   1.6500000e+02
   2.3400000e+02   1.2400000e+02   5.0000000e+01
   2.3700000e+02   6.1000000e+01  -1.6600000e+02
   2.3700000e+02   1.9200000e+02   8.0000000e+01
   2.5100000e+02   6.9000000e+01   3.3000000e+01
   2.5900000e+02   1.2800000e+02  -1.3300000e+02
   2.6600000e+02   2.6800000e+02   1.2900000e+02
   2.6800000e+02   2.3100000e+02   1.1600000e+02
   2.7000000e+02   1.5300000e+02  -1.2700000e+02
   2.7800000e+02   2.0900000e+02   6.1000000e+01
   3.0400000e+02   2.2700000e+02  -1.1700000e+02
