   3.2000000e+01   1.2800000e+02   9.9462322e+01
   3.7000000e+01   9.4000000e+01   1.2928941e+02
   4.4000000e+01   8.8000000e+01  -2.6565051e+01
   4.5000000e+01   7.8000000e+01   1.8000000e+02
   5.3000000e+01   7.5000000e+01   0.0000000e+00
   7.4000000e+01   1.4200000e+02   7.5963757e+01
   8.5000000e+01   2.6100000e+02  -3.6869898e+01
   1.1100000e+02   1.8700000e+02   1.2369007e+02
   1.1900000e+02   8.2000000e+01   3.6869898e+01
   1.3100000e+02   7.9000000e+01   3.0256437e+01
   1.3800000e+02   2.7500000e+02   1.4019443e+02
   1.4600000e+02   1.7700000e+02   9.4763642e+01
   1.6700000e+02   1.4700000e+02   6.3434949e+01
   1.7100000e+02   2.9900000e+02   1.4313010e+02
   1.7700000e+02   2.3300000e+02  -6.3434949e+01
   1.8000000e+02   5.5000000e+01   2.2619865e+01
   1.8100000e+02   2.8900000e+02  -5.6309932e+01
   1.9000000e+02   1.7100000e+02   7.5963757e+01
   1.9800000e+02   1.1400000e+02  -1.4071059e+02
   2.0000000e+02   1.8900000e+02  -9.5710593e+01
   2.0100000e+02   1.5200000e+02   3.3690068e+01
   2.3300000e+02   2.7600000e+02   1.4313010e+02
   2.3800000e+02   1.6700000e+02  -1.7053768e+02
   5.1000000e+01   1.6400000e+02  -9.5000000e+01
   6.7000000e+01   2.1900000e+02  -3.4000000e+01
   7.1000000e+01   2.0300000e+02  -1.3500000e+02
   7.4000000e+01   1.0200000e+02   1.4000000e+01
   8.3000000e+01   2.0300000e+02  -3.7000000e+01
   9.8000000e+01   8.4000000e+01   3.0000000e+01
   1.1800000e+02   2.0700000e+02   1.2300000e+02
   1.4700000e+02   1.1800000e+02  -1.3500000e+02
   1.5900000e+02   2.8700000e+02   1.4000000e+02
   2.0100000e+02   3.1600000e+02  -3.7000000e+01
