   9.1000000e+01   2.9500000e+02   1.1656505e+02
   9.2000000e+01   3.2700000e+02  -7.1565051e+01
   9.5000000e+01   2.7800000e+02  -5.3130102e+01
   9.7000000e+01   3.1400000e+02   1.0843495e+02
   1.1700000e+02   3.3100000e+02   1.0525512e+02
   1.2300000e+02   2.7000000e+02   1.2602737e+02
   1.2400000e+02   2.2900000e+02  -3.0256437e+01
   1.2900000e+02   2.6100000e+02  -4.1185925e+01
   1.4000000e+02   2.7000000e+02   1.2369007e+02
   1.5800000e+02   1.9500000e+02   1.7053768e+02
   1.5900000e+02   3.1300000e+02   9.0000000e+01
   1.7300000e+02   3.0100000e+02   9.4763642e+01
   1.8900000e+02   2.5900000e+02  -1.5738014e+02
   1.8900000e+02   3.5700000e+02   1.4630993e+02
   2.0800000e+02   2.4500000e+02   2.4443955e+01
   2.1900000e+02   3.5900000e+02  -5.9743563e+01
   2.5000000e+02   2.6000000e+02   5.0710593e+01
   2.5600000e+02   3.3800000e+02   8.0537678e+01
   1.4100000e+02   3.3700000e+02  -1.0000000e+02
   1.4300000e+02   3.1200000e+02   1.0800000e+02
   1.5700000e+02   3.6000000e+02  -1.0000000e+01
   2.1800000e+02   2.5200000e+02   5.0000000e+01
