   9.1000000e+01   2.6200000e+02  -8.0537678e+01
   9.3000000e+01   2.4900000e+02   9.4763642e+01
   9.3000000e+01   2.9000000e+02  -2.2619865e+01
   1.5300000e+02   3.3300000e+02   1.6156505e+02
   1.6700000e+02   2.4400000e+02   1.4974356e+02
   2.0400000e+02   2.5000000e+02   1.2369007e+02
   2.0700000e+02   3.1100000e+02  -3.3690068e+01
   2.1000000e+02   8.5000000e+01   2.2619865e+01
   2.4600000e+02   2.6400000e+02   9.9462322e+01
   2.4900000e+02   2.8300000e+02  -5.9036243e+01
   2.9100000e+02   1.4800000e+02   5.3130102e+01
   2.9500000e+02   2.8200000e+02  -1.4974356e+02
   7.3000000e+01   1.7700000e+02  -5.4000000e+01
   9.4000000e+01   2.1500000e+02   1.1200000e+02
   1.0000000e+02   1.7100000e+02   1.1600000e+02
   1.2200000e+02   1.9800000e+02   1.1800000e+02
   1.3200000e+02   1.5300000e+02  -3.4000000e+01
   1.3300000e+02   2.4500000e+02   0.0000000e+00
   1.3400000e+02   2.5700000e+02   1.6100000e+02
   1.5500000e+02   2.2000000e+02  -4.3000000e+01
   1.5800000e+02   1.8800000e+02   1.2400000e+02
   1.6300000e+02   3.5500000e+02   1.6100000e+02
   1.7300000e+02   1.5100000e+02   3.2000000e+01
   1.9700000e+02   2.3200000e+02   4.5000000e+01
   2.0700000e+02   2.5000000e+01   1.8000000e+01
   2.0800000e+02   2.1200000e+02   4.5000000e+01
   2.1500000e+02   2.0600000e+02   5.6000000e+01
   2.2300000e+02   9.0000000e+01   3.3000000e+01
   2.2600000e+02   2.5300000e+02   1.2000000e+02
   2.3100000e+02   1.2700000e+02  -1.3800000e+02
   2.4500000e+02   3.5200000e+02   1.6100000e+02
   2.5000000e+02   2.4000000e+02  -1.0900000e+02
   2.5000000e+02   3.2500000e+02   1.5100000e+02
   2.5500000e+02   2.7300000e+02   8.0000000e+01
   2.5500000e+02   3.3700000e+02   1.6500000e+02
   2.5800000e+02   2.8300000e+02   1.8000000e+01
   2.6400000e+02   2.5000000e+02  -1.1700000e+02
   2.7400000e+02   3.0000000e+02   1.8000000e+01
   2.7700000e+02   3.3500000e+02   9.0000000e+00
