   1.0300000e+02   3.1200000e+02  -7.5963757e+01
   1.0600000e+02   2.9900000e+02   9.9462322e+01
   1.0600000e+02   3.3800000e+02  -2.2619865e+01
   1.2900000e+02   2.8600000e+02   4.5000000e+01
   1.4500000e+02   4.4000000e+01   1.7053768e+02
   1.7900000e+02   2.9500000e+02   1.5738014e+02
   2.1600000e+02   2.9800000e+02   1.2025644e+02
   2.1800000e+02   3.5900000e+02  -3.3690068e+01
   2.2900000e+02   2.5000000e+02   7.5963757e+01
   2.3600000e+02   1.7900000e+02   4.5000000e+01
   2.4400000e+02   3.5500000e+02  -3.3690068e+01
   2.5900000e+02   3.1000000e+02   9.9462322e+01
   2.6100000e+02   3.2800000e+02  -7.1565051e+01
   2.6400000e+02   3.1900000e+02   1.0843495e+02
   7.2000000e+01   2.5500000e+02   1.0800000e+02
   8.4000000e+01   2.7200000e+02   9.9000000e+01
   8.5000000e+01   2.2900000e+02  -5.7000000e+01
   1.0000000e+02   2.4900000e+02   1.1200000e+02
   1.0600000e+02   2.6400000e+02   1.1200000e+02
   1.1000000e+02   2.7700000e+02   9.0000000e+01
   1.1700000e+02   3.4300000e+02   1.6100000e+02
   1.2100000e+02   2.8700000e+02  -1.0500000e+02
   1.3300000e+02   2.4900000e+02   1.1200000e+02
   1.4300000e+02   1.9000000e+02  -1.9000000e+01
   1.5100000e+02   2.1100000e+02   1.2300000e+02
   1.6100000e+02   2.2900000e+02   1.2000000e+02
   1.6700000e+02   5.9000000e+01   1.8000000e+02
   1.7200000e+02   3.1700000e+02   1.5700000e+02
   2.0900000e+02   2.5100000e+02   4.5000000e+01
   2.0900000e+02   2.8100000e+02   1.1200000e+02
   2.1100000e+02   1.2800000e+02  -1.6600000e+02
   2.1900000e+02   2.6000000e+02  -1.0000000e+02
   2.2600000e+02   1.3600000e+02   3.3000000e+01
   2.3500000e+02   2.7500000e+02   4.5000000e+01
   2.3900000e+02   2.9900000e+02   1.2000000e+02
   2.5000000e+02   2.7600000e+02   6.7000000e+01
   2.6200000e+02   2.8500000e+02  -1.1300000e+02
   2.7000000e+02   3.3000000e+02   9.0000000e+00
   2.7500000e+02   2.9300000e+02  -1.2100000e+02
   2.8500000e+02   3.2200000e+02   2.4000000e+01
