   8.4000000e+01   1.0700000e+02  -3.0256437e+01
   8.7000000e+01   1.9500000e+02  -8.5236358e+01
   8.8000000e+01   9.6000000e+01  -2.6565051e+01
   1.1400000e+02   1.1100000e+02   1.5343495e+02
   1.4100000e+02   2.1000000e+02  -1.7523636e+02
   1.4400000e+02   1.3800000e+02   1.6474488e+02
   1.7200000e+02   3.1200000e+02  -3.7874984e+01
   1.8200000e+02   3.5000000e+01   2.2619865e+01
   1.9100000e+02   2.1000000e+02  -1.0669924e+02
   1.9500000e+02   2.3100000e+02   1.1656505e+02
   1.9700000e+02   2.4200000e+02  -7.1565051e+01
   2.0700000e+02   5.5000000e+01  -1.5343495e+02
   2.0800000e+02   1.9000000e+02   7.5963757e+01
   2.1300000e+02   1.3200000e+02   4.5000000e+01
   2.1300000e+02   1.5700000e+02   5.6309932e+01
   2.1400000e+02   5.9000000e+01   3.3690068e+01
   2.1900000e+02   2.2200000e+02   1.0843495e+02
   2.2000000e+02   2.3700000e+02   1.0403624e+02
   2.4200000e+02   2.5900000e+02  -7.7471192e+01
   2.4400000e+02   2.7300000e+02   1.4019443e+02
   2.5600000e+02   2.2300000e+02   5.3130102e+01
   1.0800000e+02   1.8600000e+02   1.0400000e+02
   1.1200000e+02   1.7500000e+02   1.1200000e+02
   1.5500000e+02   1.3800000e+02   3.6000000e+01
   1.6500000e+02   1.8600000e+02   4.5000000e+01
