   1.3000000e+02   1.7400000e+02   1.2369007e+02
   1.3200000e+02   9.5000000e+01  -1.4036243e+01
   1.7600000e+02   3.5000000e+02   1.6156505e+02
   1.8100000e+02   2.6100000e+02   1.4630993e+02
   2.1800000e+02   2.6400000e+02   1.2025644e+02
   2.2700000e+02   1.6400000e+02   5.9743563e+01
   2.3000000e+02   3.2400000e+02  -3.9805571e+01
   2.3800000e+02   1.6500000e+02   4.9398705e+01
   2.3800000e+02   1.9000000e+02   6.3434949e+01
   2.4800000e+02   2.4300000e+02   8.0537678e+01
   2.5300000e+02   3.1900000e+02  -4.2510447e+01
   2.7700000e+02   2.5300000e+02   5.3130102e+01
   2.7900000e+02   2.0000000e+02  -1.2369007e+02
   2.8900000e+02   2.9900000e+02   1.7053768e+02
   2.9100000e+02   1.5300000e+02   4.5000000e+01
   3.0000000e+02   2.1500000e+02  -1.3198721e+02
   1.2600000e+02   2.8200000e+02   1.5300000e+02
   1.2900000e+02   2.3700000e+02  -9.0000000e+01
   1.3800000e+02   1.7400000e+02   1.1200000e+02
   1.6600000e+02   2.3700000e+02  -4.5000000e+01
   2.0800000e+02   2.2500000e+02   7.5000000e+01
   2.4000000e+02   2.0700000e+02  -1.2100000e+02
   2.8600000e+02   3.2700000e+02   1.5700000e+02
   3.0000000e+02   2.0200000e+02  -1.2700000e+02
