   1.5700000e+02   3.0800000e+02  -3.0256437e+01
   1.6300000e+02   3.4000000e+02  -1.4036243e+01
   2.1600000e+02   4.1000000e+01   1.7053768e+02
   2.1800000e+02   1.7200000e+02   4.5000000e+01
   2.5200000e+02   2.3800000e+02  -9.4763642e+01
   2.6200000e+02   2.6600000e+02   1.0403624e+02
   2.6900000e+02   3.2700000e+02  -2.6565051e+01
   2.7300000e+02   4.0000000e+01   1.4036243e+01
   2.7800000e+02   1.5900000e+02   5.3130102e+01
   2.8000000e+02   2.7400000e+02   9.0000000e+01
   2.8000000e+02   3.0600000e+02   1.2928941e+02
   2.9100000e+02   2.7600000e+02   8.5236358e+01
   2.9700000e+02   3.1300000e+02  -1.0403624e+02
   3.0000000e+02   1.7000000e+02   5.3130102e+01
   3.0200000e+02   2.7800000e+02   6.5556045e+01
   3.0300000e+02   1.9600000e+02   6.1389540e+01
   3.0500000e+02   3.3200000e+02  -1.7053768e+02
   1.2800000e+02   3.4400000e+02   1.6500000e+02
   1.3700000e+02   2.7800000e+02   1.4000000e+02
   1.5900000e+02   3.2500000e+02   1.6500000e+02
   1.6100000e+02   1.9300000e+02   1.2300000e+02
   1.6400000e+02   2.8400000e+02   1.4300000e+02
   1.7800000e+02   3.4500000e+02   1.7000000e+02
   1.8000000e+02   3.1800000e+02   1.5700000e+02
   1.8800000e+02   4.9000000e+01   1.5100000e+02
   1.8800000e+02   3.1200000e+02  -2.7000000e+01
   1.9100000e+02   2.2900000e+02  -6.4000000e+01
   1.9700000e+02   2.2000000e+02   7.5000000e+01
   2.0400000e+02   3.0300000e+02   1.4900000e+02
   2.1100000e+02   2.6200000e+02   1.2300000e+02
   2.1300000e+02   2.9600000e+02  -4.9000000e+01
   2.1800000e+02   1.2000000e+02   1.7500000e+02
   2.3000000e+02   2.7600000e+02  -6.8000000e+01
   2.3900000e+02   2.8200000e+02   1.2000000e+02
   2.4300000e+02   7.9000000e+01  -1.7100000e+02
   2.5100000e+02   1.5300000e+02  -1.4400000e+02
   2.5100000e+02   2.1300000e+02  -1.1300000e+02
   2.6600000e+02   3.0800000e+02   1.3200000e+02
   2.8000000e+02   7.6000000e+01  -1.6600000e+02
   2.8800000e+02   3.1800000e+02   1.4000000e+01
   2.9800000e+02   9.2000000e+01   3.0000000e+01
