   1.1000000e+02   1.2300000e+02   1.4019443e+02
   1.1700000e+02   1.7600000e+02  -5.5007980e+01
   1.2400000e+02   1.6600000e+02   1.2499202e+02
   1.6300000e+02   3.1900000e+02  -4.7636417e+00
   1.6600000e+02   3.4200000e+02   0.0000000e+00
   1.8500000e+02   3.4200000e+02   1.8000000e+02
   2.0000000e+02   3.3100000e+02  -9.4623222e+00
   2.2100000e+02   1.5600000e+02   4.5000000e+01
   2.3500000e+02   3.4700000e+02   0.0000000e+00
   2.3700000e+02   3.0800000e+02  -3.9805571e+01
   2.6200000e+02   2.5300000e+02   1.0403624e+02
   2.6700000e+02   3.1300000e+02  -2.6565051e+01
   2.7800000e+02   2.9400000e+02   1.3500000e+02
   2.8100000e+02   2.6100000e+02   9.4763642e+01
   2.8200000e+02   1.4800000e+02   5.0710593e+01
   2.9200000e+02   2.6300000e+02   9.0000000e+01
   2.9500000e+02   3.0100000e+02  -9.9462322e+01
   3.0100000e+02   4.7000000e+01  -1.7523636e+02
   3.0300000e+02   2.6500000e+02   7.5963757e+01
   3.0400000e+02   1.6000000e+02   5.3972627e+01
   3.0700000e+02   1.8600000e+02   6.1389540e+01
   1.3700000e+02   2.5900000e+02   1.4300000e+02
   1.5700000e+02   1.5600000e+02   1.2600000e+02
   1.6300000e+02   1.7600000e+02   1.2300000e+02
   1.6700000e+02   1.7000000e+01   1.5300000e+02
   1.7500000e+02   3.2600000e+02   1.7500000e+02
   1.7600000e+02   2.1500000e+02   1.2900000e+02
   1.8600000e+02   1.3900000e+02   1.3700000e+02
   1.9200000e+02   2.1100000e+02  -6.0000000e+01
   1.9600000e+02   3.8000000e+01   1.6100000e+02
   1.9900000e+02   2.0300000e+02   8.0000000e+01
   2.0000000e+02   1.7100000e+02   1.4900000e+02
   2.0400000e+02   2.8400000e+02   1.5100000e+02
   2.0600000e+02   1.8000000e+02   4.5000000e+01
   2.1200000e+02   2.4500000e+02   1.2900000e+02
   2.1200000e+02   2.7900000e+02  -4.5000000e+01
   2.1600000e+02   1.3800000e+02   1.6500000e+02
   2.1700000e+02   2.5800000e+02   1.3500000e+02
   2.2100000e+02   2.5100000e+02  -6.0000000e+01
   2.2500000e+02   2.7000000e+01   0.0000000e+00
   2.2500000e+02   1.0700000e+02  -1.7600000e+02
   2.5000000e+02   6.8000000e+01  -1.7100000e+02
   2.5400000e+02   1.9800000e+02   6.7000000e+01
   2.5700000e+02   1.4100000e+02  -1.4100000e+02
   2.6500000e+02   2.9300000e+02   1.3500000e+02
   2.7800000e+02   2.4000000e+01  -1.7100000e+02
   2.8500000e+02   1.9900000e+02  -1.0900000e+02
   2.8600000e+02   3.0500000e+02   1.6100000e+02
   2.8700000e+02   6.6000000e+01  -1.7100000e+02
   3.0600000e+02   8.2000000e+01   3.0000000e+01
   3.2300000e+02   2.0000000e+02  -1.2100000e+02
