   1.0300000e+02   1.7500000e+02   1.0843495e+02
   1.3700000e+02   1.8000000e+01   1.4974356e+02
   1.3700000e+02   2.9700000e+02  -3.0256437e+01
   1.4300000e+02   3.2800000e+02  -1.4036243e+01
   1.8300000e+02   3.3700000e+02  -9.4623222e+00
   1.9800000e+02   1.6100000e+02   4.2273689e+01
   2.3300000e+02   2.2800000e+02  -9.4763642e+01
   2.4200000e+02   2.5700000e+02   1.0403624e+02
   2.4900000e+02   3.1600000e+02  -2.2619865e+01
   2.5900000e+02   2.9800000e+02   1.3500000e+02
   2.6000000e+02   1.5000000e+02   5.3130102e+01
   2.6100000e+02   2.6400000e+02   9.4763642e+01
   2.7200000e+02   2.6600000e+02   9.0000000e+01
   2.8200000e+02   1.6200000e+02   5.0194429e+01
   2.8400000e+02   2.6700000e+02   7.5963757e+01
   9.1000000e+01   1.3500000e+02  -4.5000000e+01
   9.9000000e+01   1.8700000e+02   1.2600000e+02
   1.0700000e+02   2.6400000e+02   1.5300000e+02
   1.1700000e+02   2.6700000e+02   1.4300000e+02
   1.4400000e+02   2.3000000e+01   1.5300000e+02
   1.5700000e+02   1.9500000e+02   1.3200000e+02
   1.5700000e+02   3.3300000e+02   1.7000000e+02
   1.7100000e+02   4.3000000e+01   1.5700000e+02
   1.7100000e+02   2.1700000e+02  -8.0000000e+01
   1.7600000e+02   1.4700000e+02   1.4700000e+02
   1.7700000e+02   2.8400000e+02   1.4900000e+02
   1.7800000e+02   1.7700000e+02   1.5700000e+02
   1.8500000e+02   2.7700000e+02   1.4000000e+02
   1.8500000e+02   2.9100000e+02   1.4900000e+02
   1.9200000e+02   1.4300000e+02   1.6500000e+02
   1.9300000e+02   2.8500000e+02  -4.9000000e+01
   2.0100000e+02   1.1200000e+02   1.8000000e+02
   2.2400000e+02   7.2000000e+01  -1.7100000e+02
   2.3200000e+02   1.4400000e+02  -1.4400000e+02
   2.4500000e+02   2.9900000e+02   1.3500000e+02
   2.4800000e+02   3.3200000e+02   1.7000000e+02
   2.5200000e+02   2.7000000e+01  -1.7600000e+02
   2.6100000e+02   6.8000000e+01  -1.7100000e+02
   2.8100000e+02   8.3000000e+01   3.0000000e+01
   3.0200000e+02   2.0000000e+02  -1.2400000e+02
