   5.8000000e+01   2.4400000e+02   3.6027373e+01
   9.0000000e+01   2.1900000e+02   1.8434949e+01
   9.7000000e+01   2.4900000e+02  -1.4630993e+02
   1.0100000e+02   2.6700000e+02   2.6565051e+01
   1.3200000e+02   3.0200000e+02   4.7726311e+01
   1.3300000e+02   3.1500000e+02  -1.2980557e+02
   1.3800000e+02   7.3000000e+01  -2.6565051e+01
   1.4000000e+02   2.7900000e+02   3.2471192e+01
   1.4800000e+02   6.8000000e+01   1.5343495e+02
   1.5900000e+02   2.4600000e+02   0.0000000e+00
   1.8300000e+02   2.6600000e+02   4.7636417e+00
   2.0400000e+02   2.5600000e+02   1.6596376e+02
   2.1000000e+02   2.8800000e+02  -1.4397263e+02
   2.1200000e+02   2.1200000e+02   1.3500000e+02
   2.1600000e+02   2.7100000e+02  -8.0537678e+01
   2.2100000e+02   1.8400000e+02  -5.9743563e+01
   2.2500000e+02   2.2700000e+02   1.2686990e+02
   2.3200000e+02   2.3600000e+02   1.2369007e+02
   2.3400000e+02   1.0900000e+02   9.0000000e+01
   2.4100000e+02   2.4200000e+02   1.0843495e+02
   2.9000000e+02   1.7800000e+02   1.0403624e+02
   2.9100000e+02   1.3600000e+02   9.0000000e+01
   3.0200000e+02   1.5300000e+02   9.0000000e+01
   3.0600000e+02   2.0900000e+02  -9.0000000e+01
   9.9000000e+01   2.3100000e+02  -1.5400000e+02
   1.0300000e+02   1.5300000e+02   1.7500000e+02
   1.0800000e+02   1.4300000e+02   1.7000000e+02
   1.1700000e+02   2.0900000e+02  -1.7100000e+02
   1.2600000e+02   2.0900000e+02   4.0000000e+00
   1.4600000e+02   2.1100000e+02  -1.7100000e+02
   1.6300000e+02   2.5400000e+02  -1.5800000e+02
   1.7100000e+02   1.2600000e+02   1.7500000e+02
   1.7200000e+02   3.1400000e+02  -1.4100000e+02
   1.7800000e+02   1.4300000e+02  -1.6000000e+01
   1.8300000e+02   1.1400000e+02   1.6500000e+02
   1.9200000e+02   2.4900000e+02   1.6500000e+02
   2.0500000e+02   2.7000000e+02  -1.6600000e+02
   2.0800000e+02   3.0000000e+01   1.7500000e+02
   2.3900000e+02   9.3000000e+01  -1.5800000e+02
   2.6200000e+02   1.7900000e+02   1.1600000e+02
   2.6600000e+02   7.0000000e+01  -1.4400000e+02
   2.7200000e+02   2.4400000e+02  -6.6000000e+01
   2.7300000e+02   1.1400000e+02   6.7000000e+01
   3.4200000e+02   7.1000000e+01  -1.3000000e+02
   3.4900000e+02   9.6000000e+01   6.3000000e+01
