   1.2900000e+02   2.6300000e+02   1.4313010e+02
   1.3200000e+02   3.2100000e+02  -5.6309932e+01
   1.3800000e+02   3.1200000e+02   1.2369007e+02
   1.7600000e+02   2.1000000e+02  -2.2619865e+01
   2.3000000e+02   3.0600000e+02   3.0256437e+01
   2.4300000e+02   1.7000000e+02   1.7523636e+02
   2.9100000e+02   1.9400000e+02  -1.7053768e+02
   2.9500000e+02   2.8700000e+02   5.3130102e+01
   3.1700000e+02   2.9600000e+02   4.7726311e+01
   3.2300000e+02   3.2200000e+02   6.7380135e+01
   1.0700000e+02   2.7800000e+02  -6.0000000e+01
   1.4800000e+02   3.0600000e+02   1.2300000e+02
   1.7000000e+02   3.4600000e+02   1.2600000e+02
   1.8300000e+02   3.3000000e+02   1.2600000e+02
   1.9700000e+02   3.1900000e+02   1.4000000e+02
   2.0600000e+02   3.1400000e+02  -1.5000000e+01
   2.1400000e+02   1.7900000e+02   1.5700000e+02
   2.1800000e+02   3.3200000e+02   4.8000000e+01
   2.3500000e+02   2.5400000e+02   1.8000000e+02
   2.4000000e+02   3.4800000e+02  -1.1700000e+02
   2.6400000e+02   2.0800000e+02   1.8000000e+02
   2.6700000e+02   3.4700000e+02   7.1000000e+01
   2.9800000e+02   2.0200000e+02  -1.7100000e+02
   2.9900000e+02   3.4100000e+02  -1.1300000e+02
