   9.4000000e+01   1.6500000e+02   1.2025644e+02
   9.8000000e+01   3.3000000e+01   1.5025512e+02
   1.3700000e+02   2.9200000e+02  -2.4443955e+01
   1.4400000e+02   3.2200000e+02  -9.4623222e+00
   1.7000000e+02   3.4100000e+02   1.7523636e+02
   1.8500000e+02   3.2900000e+02  -1.4036243e+01
   2.2400000e+02   3.4000000e+02  -9.4623222e+00
   2.5000000e+02   3.0300000e+02  -2.6565051e+01
   2.5700000e+02   2.4900000e+02   8.5236358e+01
   2.5900000e+02   2.8300000e+02   1.2686990e+02
   2.6900000e+02   2.5000000e+02   8.0537678e+01
   2.7900000e+02   2.8600000e+02  -1.1656505e+02
   2.8100000e+02   2.4900000e+02   6.7380135e+01
   8.2000000e+01   9.7000000e+01  -3.7000000e+01
   9.0000000e+01   5.7000000e+01  -3.4000000e+01
   9.5000000e+01   1.2200000e+02   1.3500000e+02
   1.1200000e+02   2.6500000e+02   1.4900000e+02
   1.1600000e+02   6.1000000e+01   1.4600000e+02
   1.2200000e+02   6.8000000e+01  -3.8000000e+01
   1.2300000e+02   2.2600000e+02   1.2900000e+02
   1.2300000e+02   3.0200000e+02   1.6100000e+02
   1.2900000e+02   6.3000000e+01   1.8000000e+02
   1.2900000e+02   2.4400000e+02   1.3500000e+02
   1.3100000e+02   3.1000000e+02   1.6500000e+02
   1.5100000e+02   2.5900000e+02   1.4000000e+02
   1.5700000e+02   3.2700000e+02   1.7000000e+02
   1.6400000e+02   2.7000000e+01   1.5700000e+02
   1.6600000e+02   1.6000000e+01  -1.0000000e+01
   1.7500000e+02   2.1800000e+02   4.5000000e+01
   1.8500000e+02   1.7000000e+01  -4.0000000e+01
   1.9000000e+02   2.3700000e+02   1.0800000e+02
   1.9600000e+02   3.1800000e+02  -1.5000000e+01
   2.0300000e+02   2.2700000e+02  -9.0000000e+01
   2.4500000e+02   2.8700000e+02   1.3100000e+02
   2.5600000e+02   2.1400000e+02  -1.0900000e+02
   2.8000000e+02   6.1000000e+01   3.3000000e+01
   3.0500000e+02   2.3000000e+02   4.0000000e+01
