   1.4800000e+02   3.2200000e+02  -4.7636417e+00
   1.6200000e+02   2.8300000e+02  -1.4036243e+01
   1.6600000e+02   3.0500000e+02  -4.7636417e+00
   1.8200000e+02   3.4800000e+02   1.4036243e+01
   1.8600000e+02   3.0400000e+02   1.8000000e+02
   1.9900000e+02   3.1500000e+02  -9.4623222e+00
   2.3700000e+02   3.2700000e+02   1.4036243e+01
   2.3800000e+02   3.0400000e+02  -4.7636417e+00
   2.4900000e+02   3.4500000e+02  -1.7053768e+02
   2.7100000e+02   9.6000000e+01   5.3130102e+01
   2.7700000e+02   2.4400000e+02   1.2602737e+02
   2.9400000e+02   1.0700000e+02   5.3130102e+01
   2.9500000e+02   2.5200000e+02  -1.0843495e+02
   3.0000000e+02   1.3300000e+02   6.7380135e+01
   3.0100000e+02   2.7200000e+02  -1.7053768e+02
   1.1200000e+02   1.4000000e+02   1.2600000e+02
   1.1600000e+02   1.1600000e+02   1.2900000e+02
   1.2300000e+02   3.0700000e+02  -5.0000000e+00
   1.2500000e+02   2.0500000e+02   1.4000000e+02
   1.3400000e+02   3.2900000e+02   0.0000000e+00
   1.3600000e+02   2.5300000e+02   1.5500000e+02
   1.4200000e+02   1.0700000e+02   1.2000000e+02
   1.4500000e+02   2.7200000e+02   1.6100000e+02
   1.5100000e+02   2.3300000e+02   1.4000000e+02
   1.5100000e+02   3.1300000e+02   1.6100000e+02
   1.5700000e+02   7.1000000e+01   1.3700000e+02
   1.6200000e+02   1.9900000e+02   1.2900000e+02
   1.6800000e+02   1.9300000e+02  -5.7000000e+01
   1.8900000e+02   3.3100000e+02   1.8000000e+02
   1.9300000e+02   3.6000000e+01   1.7000000e+02
   2.0100000e+02   3.0600000e+02   1.6100000e+02
   2.0900000e+02   5.9000000e+01   1.7500000e+02
   2.1100000e+02   2.5100000e+02   1.4600000e+02
   2.3100000e+02   1.5000000e+01  -1.7100000e+02
   2.3700000e+02   1.6200000e+02  -1.0900000e+02
   2.3700000e+02   2.5400000e+02   1.4600000e+02
   2.4100000e+02   2.3100000e+02   1.1600000e+02
   2.4200000e+02   9.2000000e+01  -1.4400000e+02
   2.4400000e+02   1.5400000e+02  -1.1300000e+02
   2.6100000e+02   1.9800000e+02  -1.0000000e+02
   2.6400000e+02   2.7100000e+02   1.6100000e+02
   2.7500000e+02   3.0300000e+02   1.8000000e+02
   2.7700000e+02   1.5000000e+02  -1.1700000e+02
   2.8400000e+02   3.0300000e+02   4.0000000e+00
   2.8900000e+02   3.0000000e+01   2.6000000e+01
   2.9600000e+02   3.0400000e+02  -1.7600000e+02
   3.2500000e+02   2.0000000e+02  -1.2400000e+02
