   1.1400000e+02   1.8900000e+02  -3.6869898e+01
   1.6100000e+02   1.4500000e+02   1.2686990e+02
   1.7400000e+02   1.3900000e+02   9.4763642e+01
   1.7900000e+02   1.8000000e+01   1.7053768e+02
   2.3000000e+02   9.8000000e+01   6.7380135e+01
   1.3900000e+02   2.2400000e+02   1.6100000e+02
   1.6800000e+02   6.7000000e+01   1.4500000e+02
   1.8000000e+02   4.7000000e+01   1.6500000e+02
   1.8300000e+02   1.3800000e+02   4.5000000e+01
   1.8900000e+02   7.0000000e+01   1.6100000e+02
   2.0200000e+02   3.8000000e+01  -1.7600000e+02
   2.3200000e+02   7.4000000e+01  -1.3800000e+02
