   1.1500000e+02   2.2500000e+02   1.2928941e+02
   1.1700000e+02   2.1600000e+02  -5.0194429e+01
   1.2200000e+02   1.4100000e+02   1.4446232e+02
   1.2400000e+02   2.2700000e+02   1.2686990e+02
   1.2700000e+02   1.2300000e+02  -3.9805571e+01
   1.2900000e+02   1.3400000e+02  -3.9805571e+01
   1.2900000e+02   2.1900000e+02  -5.9743563e+01
   1.3700000e+02   9.0000000e+01  -3.3690068e+01
   1.4300000e+02   3.1500000e+02   1.4974356e+02
   1.4900000e+02   1.0500000e+02   1.4313010e+02
   1.5000000e+02   2.5500000e+02   1.2369007e+02
   1.6100000e+02   2.5600000e+02   1.2369007e+02
   1.6200000e+02   3.0400000e+02   1.2499202e+02
   1.7400000e+02   2.5700000e+02   1.2928941e+02
   1.8300000e+02   2.5800000e+02   1.2369007e+02
   1.8700000e+02   2.4800000e+02  -5.0194429e+01
   1.9400000e+02   3.2100000e+02  -4.7726311e+01
   2.0200000e+02   2.4500000e+02  -4.2273689e+01
   2.1100000e+02   1.6300000e+02   1.7053768e+02
   2.1100000e+02   1.9000000e+02   1.4974356e+02
   2.1500000e+02   2.0400000e+02   4.7636417e+00
   2.2400000e+02   2.7500000e+02   8.5236358e+01
   2.3100000e+02   2.0700000e+02  -1.6156505e+02
   2.3100000e+02   2.6500000e+02   9.4763642e+01
   2.3800000e+02   2.2400000e+02  -1.6596376e+02
   2.4000000e+02   3.0500000e+02   3.3690068e+01
   2.4300000e+02   2.7300000e+02   6.7380135e+01
   2.4500000e+02   6.6000000e+01  -1.6596376e+02
   2.5100000e+02   8.6000000e+01   1.8434949e+01
   2.5400000e+02   1.8900000e+02  -1.4630993e+02
   2.5600000e+02   2.7800000e+02  -1.2247119e+02
   2.5900000e+02   2.6600000e+02  -1.2369007e+02
   2.6200000e+02   1.1000000e+02  -1.6596376e+02
   2.6900000e+02   1.8600000e+02   3.3690068e+01
   2.1300000e+02   2.6300000e+02  -5.1000000e+01
   2.3900000e+02   2.5800000e+02   4.5000000e+01
