   9.7000000e+01   2.4100000e+02   1.2369007e+02
   1.0400000e+02   2.2900000e+02  -5.0194429e+01
   1.2100000e+02   2.7100000e+02   1.2369007e+02
   1.3100000e+02   1.2000000e+02   1.4630993e+02
   1.3200000e+02   2.7300000e+02   1.2865981e+02
   1.4000000e+02   2.6300000e+02  -5.3130102e+01
   1.4300000e+02   2.7400000e+02   1.2602737e+02
   1.5300000e+02   2.7500000e+02   1.2247119e+02
   1.6300000e+02   3.4100000e+02  -5.3130102e+01
   1.7500000e+02   3.2100000e+02   1.1261986e+02
   1.8700000e+02   2.1000000e+02   1.5343495e+02
   1.8900000e+02   1.8200000e+02   1.7053768e+02
   1.9000000e+02   2.2300000e+02   4.7636417e+00
   1.9900000e+02   2.8700000e+02   9.4763642e+01
   2.0300000e+02   2.7500000e+02   1.4071059e+02
   2.0700000e+02   2.2700000e+02  -1.6156505e+02
   2.1100000e+02   2.4500000e+02  -1.6156505e+02
   2.1100000e+02   2.9600000e+02   7.1565051e+01
   2.3100000e+02   7.8000000e+01  -1.7523636e+02
   2.3300000e+02   3.0500000e+02  -1.1261986e+02
   2.3600000e+02   1.1200000e+02   1.8434949e+01
   2.4000000e+02   7.7000000e+01   1.4036243e+01
   2.4400000e+02   2.5500000e+02  -1.2865981e+02
   2.6100000e+02   1.7800000e+02  -1.4974356e+02
   1.8200000e+02   2.8100000e+02  -4.3000000e+01
