   1.0000000e+02   1.5300000e+02  -5.0194429e+01
   1.0500000e+02   1.9800000e+02   1.2025644e+02
   1.0900000e+02   2.8800000e+02  -4.5000000e+01
   1.1000000e+02   1.8600000e+02  -5.9743563e+01
   1.1700000e+02   1.9500000e+02   1.2602737e+02
   1.2000000e+02   1.8500000e+02  -5.9743563e+01
   1.2900000e+02   2.2500000e+02   1.2025644e+02
   1.3000000e+02   7.3000000e+01   1.4071059e+02
   1.3100000e+02   2.1700000e+02  -6.3434949e+01
   1.3900000e+02   2.1700000e+02  -6.3434949e+01
   1.4000000e+02   2.2500000e+02   1.1396249e+02
   1.5100000e+02   2.2600000e+02   1.2247119e+02
   1.6000000e+02   3.3000000e+01  -2.6565051e+01
   1.6000000e+02   2.2600000e+02   1.1656505e+02
   1.6400000e+02   2.1600000e+02  -5.3130102e+01
   1.8500000e+02   2.7100000e+02   1.0843495e+02
   1.8800000e+02   2.8400000e+02   1.1861046e+02
   1.9000000e+02   1.5700000e+02   1.5343495e+02
   1.9200000e+02   1.2900000e+02   1.7523636e+02
   1.9400000e+02   1.7000000e+02   4.7636417e+00
   2.0100000e+02   2.4500000e+02   8.5236358e+01
   2.1200000e+02   2.2300000e+02   1.4134019e+02
   2.1800000e+02   1.9200000e+02  -1.6596376e+02
   2.2600000e+02   1.3200000e+02  -1.4974356e+02
   2.4900000e+02   1.3600000e+02  -1.4630993e+02
   2.5000000e+02   2.4700000e+02  -1.1656505e+02
   2.5100000e+02   1.2700000e+02  -1.4630993e+02
   2.5100000e+02   1.7500000e+02   0.0000000e+00
   2.6100000e+02   1.3600000e+02   3.8659808e+01
   2.6100000e+02   2.0800000e+02  -1.1261986e+02
   2.6300000e+02   1.2500000e+02  -1.4974356e+02
   2.6500000e+02   1.9700000e+02  -1.2096376e+02
   2.6900000e+02   1.6000000e+02  -1.2686990e+02
   2.7000000e+02   1.3100000e+02   4.2273689e+01
   1.9100000e+02   2.3000000e+02  -4.8000000e+01
   2.3300000e+02   1.3600000e+02   1.8000000e+02
   2.7200000e+02   1.4400000e+02  -1.4600000e+02
