   5.9000000e+01   2.3300000e+02   1.4313010e+02
   6.4000000e+01   2.2500000e+02  -3.6869898e+01
   6.7000000e+01   2.7300000e+02   1.3500000e+02
   8.1000000e+01   2.7500000e+02   1.4019443e+02
   8.9000000e+01   2.2900000e+02  -3.3690068e+01
   9.1000000e+01   2.7800000e+02   1.4071059e+02
   9.6000000e+01   2.7000000e+02  -3.3690068e+01
   9.8000000e+01   3.2900000e+02   1.2686990e+02
   1.0200000e+02   1.5700000e+02  -2.6565051e+01
   1.0300000e+02   2.8000000e+02   1.4630993e+02
   1.0700000e+02   2.7300000e+02  -2.6565051e+01
   1.1500000e+02   1.2100000e+02   1.6156505e+02
   1.2100000e+02   3.1000000e+02   1.0403624e+02
   1.3800000e+02   2.3400000e+02   2.2619865e+01
   1.3800000e+02   2.9200000e+02   1.5738014e+02
   1.4000000e+02   2.2100000e+02   1.7053768e+02
   1.5100000e+02   9.6000000e+01  -4.7636417e+00
   1.5300000e+02   1.9500000e+02  -1.6596376e+02
   1.5400000e+02   2.6500000e+02  -1.4071059e+02
   1.7400000e+02   1.6300000e+02   2.2619865e+01
   1.7900000e+02   2.3700000e+02  -1.1656505e+02
   1.8900000e+02   3.2400000e+02  -8.5236358e+01
   1.9500000e+02   2.4500000e+02   7.1565051e+01
   1.9800000e+02   2.0300000e+02  -1.2787498e+02
   2.0400000e+02   3.0700000e+02  -9.0000000e+01
   1.1700000e+02   2.9200000e+02  -3.1000000e+01
   1.5200000e+02   2.4900000e+02   5.6000000e+01
