   1.2700000e+02   1.6400000e+02  -4.7636417e+00
   1.2800000e+02   3.9000000e+01   1.1656505e+02
   1.3900000e+02   4.0000000e+01   1.2247119e+02
   1.3900000e+02   1.2500000e+02  -4.2273689e+01
   1.4900000e+02   4.0000000e+01   1.1656505e+02
   1.5800000e+02   4.0000000e+01   1.1261986e+02
   1.6100000e+02   3.1000000e+01  -5.3130102e+01
   1.7000000e+02   1.7400000e+02   1.8000000e+02
   1.7100000e+02   3.7000000e+01   1.2369007e+02
   1.7300000e+02   2.9000000e+01  -4.5000000e+01
   1.8400000e+02   8.5000000e+01   1.0403624e+02
   1.8800000e+02   9.8000000e+01   1.1861046e+02
   1.9100000e+02   1.5000000e+02   9.4623222e+00
   1.9500000e+02   1.4300000e+02  -1.6596376e+02
   1.9900000e+02   5.7000000e+01   8.5236358e+01
   2.0600000e+02   1.2200000e+02  -1.3748955e+02
   2.4700000e+02   1.3400000e+02  -1.3500000e+02
   2.5900000e+02   1.1100000e+02  -1.2369007e+02
   2.6700000e+02   7.8000000e+01  -1.1261986e+02
   2.7000000e+02   7.0000000e+01  -1.0403624e+02
   1.5600000e+02   1.3500000e+02   1.6000000e+02
   1.6900000e+02   1.3600000e+02   1.8000000e+02
   1.8900000e+02   4.2000000e+01   1.2200000e+02
   2.3900000e+02   1.0300000e+02   4.2000000e+01
