   1.3200000e+02   2.5900000e+02  -6.7380135e+01
   1.3600000e+02   2.7100000e+02  -5.9743563e+01
   1.4800000e+02   2.5100000e+02   1.2025644e+02
   1.5000000e+02   2.4300000e+02  -5.6309932e+01
   1.5300000e+02   1.0100000e+02   1.4630993e+02
   1.5400000e+02   1.4000000e+02  -3.9805571e+01
   1.8100000e+02   2.9400000e+02  -5.9036243e+01
   2.0400000e+02   3.2000000e+02  -5.7528808e+01
   2.0800000e+02   2.9800000e+02   1.0843495e+02
   2.1100000e+02   3.0900000e+02   1.2247119e+02
   2.1200000e+02   3.1900000e+02   3.9289407e+01
   2.1200000e+02   3.4100000e+02   1.8434949e+01
   2.1700000e+02   1.6400000e+02   1.7053768e+02
   2.1700000e+02   1.9200000e+02   1.5738014e+02
   2.2700000e+02   1.7900000e+02  -1.7523636e+02
   2.3600000e+02   2.5400000e+02   1.4397263e+02
   2.4700000e+02   9.2000000e+01  -1.7523636e+02
   2.5500000e+02   2.2700000e+02  -1.3801279e+02
   2.5900000e+02   1.9000000e+02  -1.4630993e+02
   2.6200000e+02   4.0000000e+01   1.6869007e+02
   2.6700000e+02   2.9800000e+02  -1.1656505e+02
   2.7300000e+02   1.8800000e+02   3.6869898e+01
   2.9400000e+02   2.0300000e+02   5.2125016e+01
   2.9700000e+02   1.6800000e+02   5.0194429e+01
   2.9800000e+02   2.8100000e+02  -1.1261986e+02
   3.0100000e+02   2.1200000e+02  -1.2787498e+02
   3.2000000e+02   2.2800000e+02  -1.0843495e+02
   3.2100000e+02   1.6500000e+02   4.5000000e+01
   3.2700000e+02   1.3700000e+02  -1.4313010e+02
   1.2900000e+02   1.8000000e+02   1.2600000e+02
   1.4600000e+02   2.0000000e+02   1.2900000e+02
   1.6700000e+02   2.9500000e+02   1.2000000e+02
   2.1400000e+02   2.6000000e+02  -4.3000000e+01
   2.3600000e+02   2.1300000e+02   3.0000000e+01
