   1.6400000e+02   1.3200000e+02   1.8434949e+01
   1.9100000e+02   3.4700000e+02  -2.6565051e+01
   2.3300000e+02   3.0000000e+02  -5.3130102e+01
   2.3500000e+02   2.4600000e+02   9.9462322e+01
   2.4000000e+02   3.3400000e+02  -4.7636417e+00
   2.4400000e+02   1.5400000e+02   6.3434949e+01
   2.5700000e+02   2.5500000e+02   8.5236358e+01
   2.6900000e+02   2.5400000e+02   7.1565051e+01
   2.7200000e+02   2.8600000e+02   9.4763642e+01
   7.9000000e+01   2.5500000e+02   1.4100000e+02
   9.0000000e+01   1.4800000e+02   1.2900000e+02
   1.1600000e+02   1.3800000e+02  -3.4000000e+01
   1.2900000e+02   2.5800000e+02  -3.5000000e+01
   1.4200000e+02   3.4600000e+02  -1.7100000e+02
   1.5000000e+02   2.4100000e+02  -5.1000000e+01
   1.5200000e+02   1.2900000e+02   1.5700000e+02
   1.6500000e+02   1.1400000e+02   1.7000000e+02
   1.7000000e+02   3.5900000e+02   1.7500000e+02
   1.7400000e+02   2.4500000e+02  -6.0000000e+01
   1.7900000e+02   1.6200000e+02   1.0500000e+02
   1.8200000e+02   3.5300000e+02   1.5300000e+02
   1.8300000e+02   2.2800000e+02   1.1600000e+02
   1.8800000e+02   2.8900000e+02  -6.1000000e+01
   1.8900000e+02   2.3800000e+02   0.0000000e+00
   1.9500000e+02   2.1500000e+02  -8.1000000e+01
   2.0000000e+02   2.9400000e+02   1.4300000e+02
   2.0200000e+02   2.3100000e+02   1.1200000e+02
   2.0500000e+02   2.4800000e+02   1.1600000e+02
   2.0800000e+02   3.2700000e+02   1.4600000e+02
   2.0900000e+02   7.5000000e+01  -1.5400000e+02
   2.1800000e+02   1.0400000e+02  -1.5400000e+02
   2.1900000e+02   6.7000000e+01  -1.6200000e+02
   2.2100000e+02   2.3200000e+02   1.0400000e+02
   2.2900000e+02   2.7100000e+02   1.2200000e+02
   2.3100000e+02   2.2900000e+02   9.9000000e+01
   2.4200000e+02   2.3600000e+02  -9.5000000e+01
   2.5000000e+02   2.1400000e+02  -1.0500000e+02
   2.5000000e+02   2.3600000e+02  -1.5900000e+02
