   1.3000000e+02   1.7100000e+02   1.2369007e+02
   2.8800000e+02   3.3600000e+02  -5.0710593e+01
   2.9200000e+02   2.7900000e+02   9.9462322e+01
   2.9300000e+02   1.8500000e+02   5.3972627e+01
   3.0000000e+02   3.4700000e+02   7.1250163e+00
   1.0800000e+02   3.1200000e+02   1.4100000e+02
   1.0900000e+02   2.0200000e+02   1.2300000e+02
   1.1100000e+02   2.9700000e+02   1.3700000e+02
   1.1300000e+02   3.3200000e+02   1.4900000e+02
   1.2200000e+02   3.1500000e+02   1.4600000e+02
   1.3600000e+02   2.1200000e+02  -5.8000000e+01
   1.4200000e+02   3.3600000e+02   1.7000000e+02
   1.5700000e+02   1.3000000e+02  -3.4000000e+01
   1.7700000e+02   2.1700000e+02   1.4000000e+02
   1.8100000e+02   1.5500000e+02   1.4000000e+02
   1.8300000e+02   1.7900000e+02  -4.2000000e+01
   1.8900000e+02   3.3300000e+02   1.5700000e+02
   1.9600000e+02   1.5800000e+02   1.5300000e+02
   2.0400000e+02   2.2800000e+02   1.5300000e+02
   2.1000000e+02   1.6400000e+02   1.6100000e+02
   2.4100000e+02   1.0700000e+02  -1.6200000e+02
   2.4200000e+02   3.1300000e+02  -5.4000000e+01
   2.4500000e+02   3.2600000e+02  -4.8000000e+01
   2.4700000e+02   9.5000000e+01  -1.7600000e+02
   2.4700000e+02   1.1500000e+02   1.4000000e+01
   2.4700000e+02   2.6500000e+02  -8.1000000e+01
   2.5900000e+02   1.3600000e+02  -1.6200000e+02
   2.5900000e+02   2.2200000e+02  -1.2800000e+02
   2.6100000e+02   2.8300000e+02   1.1200000e+02
   2.6300000e+02   3.3800000e+02   1.3500000e+02
   2.6400000e+02   3.2100000e+02   1.3200000e+02
   2.6600000e+02   2.9600000e+02  -6.6000000e+01
   2.6700000e+02   1.7500000e+02  -1.3500000e+02
   2.7700000e+02   2.6500000e+02   1.0400000e+02
   2.8000000e+02   2.9000000e+02   1.1600000e+02
   2.8800000e+02   2.0100000e+02  -1.2300000e+02
   2.8800000e+02   2.5500000e+02   4.5000000e+01
   2.9200000e+02   2.1000000e+02  -1.1300000e+02
