   1.5500000e+02   1.6800000e+02  -1.4036243e+01
   2.3300000e+02   1.9900000e+02  -2.2619865e+01
   2.5700000e+02   1.8000000e+02  -3.0256437e+01
   2.7600000e+02   1.5000000e+02  -5.6309932e+01
   2.7800000e+02   9.6000000e+01   9.4763642e+01
   2.9700000e+02   1.0500000e+02   8.0537678e+01
   9.8000000e+01   2.9000000e+01   1.3800000e+02
   1.0200000e+02   1.0500000e+02   1.5300000e+02
   1.0300000e+02   1.7000000e+01  -4.2000000e+01
   1.0400000e+02   6.6000000e+01   1.3500000e+02
   1.1000000e+02   7.4000000e+01  -3.7000000e+01
   1.1500000e+02   1.2400000e+02  -1.0000000e+01
   1.2200000e+02   3.2000000e+01   1.4000000e+02
   1.3500000e+02   1.8000000e+01  -4.5000000e+01
   1.3600000e+02   1.7100000e+02   1.8000000e+02
   1.5200000e+02   1.2900000e+02  -2.0000000e+01
   1.5600000e+02   1.6000000e+02  -1.5000000e+01
   1.5900000e+02   1.1400000e+02  -4.2000000e+01
   1.6000000e+02   1.0000000e+02   1.4700000e+02
   1.6100000e+02   2.9000000e+01   1.3500000e+02
   1.6200000e+02   6.1000000e+01   1.3700000e+02
   1.6300000e+02   1.2500000e+02   1.6000000e+02
   1.7500000e+02   1.0100000e+02   1.4900000e+02
   1.9200000e+02   1.6000000e+01   1.5300000e+02
   1.9900000e+02   1.3300000e+02   1.6100000e+02
   2.0100000e+02   7.2000000e+01   4.5000000e+01
   2.0700000e+02   1.0900000e+02  -9.0000000e+01
   2.1700000e+02   1.1600000e+02   1.3100000e+02
   2.2100000e+02   1.0800000e+02  -6.4000000e+01
   2.2900000e+02   1.4100000e+02   1.3700000e+02
   2.2900000e+02   1.6600000e+02   1.4900000e+02
   2.3100000e+02   1.0800000e+02   1.1200000e+02
   2.4000000e+02   7.6000000e+01   4.5000000e+01
   3.0000000e+02   6.1000000e+01   6.3000000e+01
