   1.3300000e+02   7.8000000e+01   1.4974356e+02
   2.2300000e+02   3.0000000e+02  -9.0000000e+01
   2.3000000e+02   2.9500000e+02   9.9462322e+01
   2.3100000e+02   1.9800000e+02   5.9743563e+01
   2.5900000e+02   2.5600000e+02  -1.1261986e+02
   8.5000000e+01   2.2700000e+02  -5.2000000e+01
   9.6000000e+01   1.9700000e+02   1.2900000e+02
   1.0100000e+02   2.9100000e+02   1.3000000e+02
   1.0300000e+02   1.3600000e+02  -3.4000000e+01
   1.0400000e+02   2.7400000e+02   1.5000000e+02
   1.2100000e+02   2.6500000e+02   1.2300000e+02
   1.2600000e+02   8.2000000e+01   1.5700000e+02
   1.3600000e+02   3.0600000e+02   1.4000000e+02
   1.5300000e+02   1.9100000e+02   1.8000000e+01
   1.5500000e+02   3.0100000e+02  -6.4000000e+01
   1.6300000e+02   5.9000000e+01   1.8000000e+02
   1.6700000e+02   3.0400000e+02   1.3100000e+02
   1.6900000e+02   2.9600000e+02  -6.8000000e+01
   1.7800000e+02   2.3600000e+02  -1.1700000e+02
   1.7800000e+02   2.4500000e+02  -9.5000000e+01
   1.8100000e+02   2.1700000e+02  -1.2400000e+02
   1.8100000e+02   2.9200000e+02   1.0800000e+02
   1.8700000e+02   1.1900000e+02  -1.6200000e+02
   1.9300000e+02   1.0900000e+02  -1.6200000e+02
   1.9300000e+02   1.2600000e+02   2.6000000e+01
   1.9600000e+02   3.3400000e+02   1.3700000e+02
   1.9700000e+02   2.7100000e+02   9.9000000e+01
   1.9900000e+02   1.4800000e+02  -1.6200000e+02
   1.9900000e+02   2.4600000e+02   6.1000000e+01
   2.0300000e+02   1.8800000e+02  -1.3000000e+02
   2.0500000e+02   6.8000000e+01   1.8000000e+01
   2.1800000e+02   7.2000000e+01  -1.5800000e+02
   2.2500000e+02   2.1500000e+02  -1.1700000e+02
   2.5300000e+02   2.6200000e+02   5.9000000e+01
