   1.0600000e+02   2.0000000e+02   1.3939871e+02
   2.5500000e+02   3.3400000e+02   1.0403624e+02
   2.7400000e+02   3.4500000e+02   9.0000000e+01
   2.8600000e+02   3.4100000e+02   8.0537678e+01
   1.0300000e+02   2.4400000e+02  -3.7000000e+01
   1.0400000e+02   3.0200000e+02  -1.0500000e+02
   1.2300000e+02   3.4900000e+02  -2.5000000e+01
   1.3100000e+02   2.8300000e+02  -9.0000000e+01
   1.5600000e+02   1.9900000e+02   1.6800000e+02
   1.5800000e+02   1.1900000e+02   1.5700000e+02
   1.5900000e+02   3.3400000e+02   1.4900000e+02
   1.7200000e+02   2.4000000e+02   4.0000000e+00
   1.7300000e+02   2.8800000e+02   9.0000000e+01
   1.8000000e+02   1.1600000e+02   4.0000000e+00
   1.9200000e+02   3.3200000e+02  -5.7000000e+01
   1.9500000e+02   2.8200000e+02   8.5000000e+01
   2.0100000e+02   1.0800000e+02   0.0000000e+00
   2.4100000e+02   3.0400000e+02   9.0000000e+01
   2.4500000e+02   1.4000000e+02  -1.7100000e+02
   2.7100000e+02   3.3000000e+02   0.0000000e+00
   2.8000000e+02   2.3900000e+02  -1.3300000e+02
