   2.1500000e+02   2.2000000e+01  -1.3500000e+02
   2.6600000e+02   2.7900000e+02   7.5963757e+01
   2.6800000e+02   3.1600000e+02   9.4763642e+01
   8.2000000e+01   1.7200000e+02  -3.7000000e+01
   9.0000000e+01   2.4400000e+02   6.0000000e+01
   1.0100000e+02   2.6100000e+02  -5.6000000e+01
   1.1000000e+02   1.1000000e+02  -2.7000000e+01
   1.2400000e+02   3.1400000e+02  -2.5000000e+01
   1.2700000e+02   1.4200000e+02   1.4900000e+02
   1.3400000e+02   2.0900000e+02   1.4700000e+02
   1.4200000e+02   1.6200000e+02   1.6100000e+02
   1.4500000e+02   1.9400000e+02   1.6100000e+02
   1.5200000e+02   1.2600000e+02   0.0000000e+00
   1.5200000e+02   1.3500000e+02   0.0000000e+00
   1.5300000e+02   7.7000000e+01   1.4000000e+01
   1.5400000e+02   6.8000000e+01   0.0000000e+00
   1.5500000e+02   1.9500000e+02   2.2000000e+01
   1.5600000e+02   3.4900000e+02   1.5300000e+02
   1.5700000e+02   1.4600000e+02   1.7000000e+02
   1.5800000e+02   2.5300000e+02   1.1800000e+02
   1.6000000e+02   2.3200000e+02   8.5000000e+01
   1.6200000e+02   2.4500000e+02   2.3000000e+01
   1.6400000e+02   8.9000000e+01   1.4000000e+01
   1.6500000e+02   8.0000000e+01   9.0000000e+00
   1.6600000e+02   3.2600000e+02   1.4700000e+02
   1.7200000e+02   4.7000000e+01  -6.0000000e+00
   1.8100000e+02   2.3000000e+01   4.0000000e+00
   2.0800000e+02   2.9100000e+02  -6.2000000e+01
   2.0900000e+02   3.6000000e+02   1.5300000e+02
   2.1600000e+02   7.9000000e+01  -1.7600000e+02
   2.3000000e+02   2.9700000e+02   1.1200000e+02
   2.4100000e+02   2.8000000e+02   4.5000000e+01
   2.4800000e+02   2.6300000e+02  -1.6200000e+02
   2.5000000e+02   2.8300000e+02  -9.0000000e+01
   2.7600000e+02   1.1000000e+02   3.6000000e+01
