   1.0500000e+02   2.7000000e+02   1.4134019e+02
   1.3300000e+02   3.2300000e+02  -9.0000000e+01
   1.4200000e+02   3.0900000e+02  -1.2025644e+02
   1.4300000e+02   3.1800000e+02   9.9462322e+01
   1.5300000e+02   3.3600000e+02   1.5819859e+02
   1.6800000e+02   2.5700000e+02  -1.1656505e+02
   1.7300000e+02   3.1200000e+02  -9.4763642e+01
   1.7400000e+02   3.2000000e+02   9.4763642e+01
   1.7900000e+02   2.0500000e+02   3.0256437e+01
   1.8200000e+02   3.3900000e+02  -8.5236358e+01
   1.8400000e+02   1.6300000e+02   2.2619865e+01
   2.1200000e+02   2.4900000e+02   4.7726311e+01
   2.2000000e+02   3.1800000e+02   7.4744881e+01
   1.5400000e+02   3.2600000e+02  -9.0000000e+01
   1.7500000e+02   2.8200000e+02  -1.1700000e+02
   1.8200000e+02   2.9900000e+02  -1.1300000e+02
   1.9000000e+02   3.4400000e+02   1.3500000e+02
