   1.9300000e+02   2.3200000e+02  -2.4443955e+01
   2.3300000e+02   1.5900000e+02   9.4623222e+00
   2.3500000e+02   2.7700000e+02  -7.1565051e+01
   2.6000000e+02   2.6800000e+02   1.0843495e+02
   2.6100000e+02   2.6000000e+02  -9.0000000e+01
   2.7000000e+02   2.6000000e+02  -9.0000000e+01
   2.7900000e+02   1.5600000e+02   3.6027373e+01
   2.8700000e+02   1.9100000e+02   5.9743563e+01
   2.9200000e+02   1.7700000e+02  -1.3227369e+02
   1.8500000e+02   2.1100000e+02   1.5300000e+02
   1.8900000e+02   1.2600000e+02  -1.5000000e+01
   2.0300000e+02   2.2700000e+02   1.5300000e+02
   2.1500000e+02   2.4700000e+02   6.0000000e+01
   2.1600000e+02   2.3500000e+02   1.6100000e+02
   2.1700000e+02   2.1000000e+02   1.6100000e+02
   2.7100000e+02   2.4900000e+02   5.2000000e+01
   2.8100000e+02   1.1100000e+02  -1.6200000e+02
