   9.6000000e+01   2.2500000e+02  -5.0194429e+01
   1.2900000e+02   1.1400000e+02   1.6156505e+02
   1.3100000e+02   3.4200000e+02  -5.6309932e+01
   1.5000000e+02   7.6000000e+01   9.4623222e+00
   1.7200000e+02   9.9000000e+01  -1.7053768e+02
   1.7800000e+02   6.3000000e+01   3.3690068e+01
   1.8800000e+02   1.7900000e+02   3.0256437e+01
   1.9300000e+02   1.1300000e+02  -1.7053768e+02
   2.3500000e+02   3.2400000e+02  -9.0000000e+01
   2.3600000e+02   2.8000000e+02   8.5236358e+01
   2.4900000e+02   1.2700000e+02   0.0000000e+00
   2.5600000e+02   2.8500000e+02  -1.0843495e+02
   2.7300000e+02   3.1600000e+02   7.5963757e+01
   2.7400000e+02   3.3600000e+02   9.5194429e+01
   2.8200000e+02   2.7600000e+02   6.3434949e+01
   2.9100000e+02   2.2000000e+02  -1.2686990e+02
   1.3100000e+02   1.5800000e+02  -3.1000000e+01
   1.6800000e+02   1.3700000e+02   4.0000000e+00
   1.7200000e+02   2.4700000e+02   4.5000000e+01
   2.3800000e+02   7.0000000e+01   3.0000000e+01
