   1.2600000e+02   2.7300000e+02  -5.4462322e+01
   1.3700000e+02   2.8900000e+02  -4.8814075e+01
   1.4800000e+02   3.0600000e+02  -5.0710593e+01
   1.5300000e+02   2.3100000e+02   1.0669924e+02
   1.5700000e+02   1.4200000e+02   3.6869898e+01
   1.6800000e+02   1.4300000e+02   3.0256437e+01
   1.7400000e+02   7.2000000e+01  -1.6596376e+02
   1.7800000e+02   2.9400000e+02   1.2369007e+02
   1.8100000e+02   2.8600000e+02  -6.0255119e+01
   1.8300000e+02   7.4000000e+01   2.4443955e+01
   2.0800000e+02   3.4000000e+01   3.0256437e+01
   2.1000000e+02   2.0300000e+02   7.0016893e+01
   2.1700000e+02   8.6000000e+01   4.5000000e+01
   2.1900000e+02   5.0000000e+01  -1.5343495e+02
   2.1900000e+02   3.4800000e+02   1.0998311e+02
   2.2000000e+02   2.0900000e+02   9.0000000e+01
   2.2600000e+02   6.8000000e+01  -1.4974356e+02
   2.3300000e+02   7.3000000e+01   4.2510447e+01
   2.3500000e+02   2.8300000e+02   8.0537678e+01
   2.3500000e+02   3.0300000e+02   1.0030485e+02
   2.4300000e+02   2.3300000e+02  -1.1261986e+02
   2.4700000e+02   2.4100000e+02   6.7380135e+01
   2.7200000e+02   3.5000000e+02   5.6309932e+01
   2.7600000e+02   2.9600000e+02  -1.4397263e+02
   2.7700000e+02   1.4700000e+02  -1.2686990e+02
   2.7700000e+02   2.7300000e+02  -1.2980557e+02
   2.8700000e+02   2.2800000e+02  -1.3198721e+02
   2.9000000e+02   2.3600000e+02  -4.5000000e+01
   2.9800000e+02   2.6400000e+02   3.0256437e+01
   1.0800000e+02   1.1400000e+02  -2.7000000e+01
   1.2200000e+02   1.9700000e+02  -2.9000000e+01
   1.4500000e+02   2.0800000e+02   5.6000000e+01
   1.4600000e+02   9.5000000e+01   9.0000000e+00
   2.0500000e+02   2.3900000e+02   7.1000000e+01
   2.4000000e+02   1.0700000e+02   3.9000000e+01
