   7.2000000e+01   2.0000000e+02  -4.8366461e+01
   7.8000000e+01   2.4400000e+02   1.1656505e+02
   8.1000000e+01   2.3600000e+02  -6.1389540e+01
   9.1000000e+01   6.8000000e+01   1.6596376e+02
   9.1000000e+01   2.4200000e+02   1.2369007e+02
   9.4000000e+01   2.3400000e+02  -7.1565051e+01
   1.1000000e+02   1.5300000e+02   1.4630993e+02
   1.2600000e+02   3.3000000e+02   1.4313010e+02
   1.3300000e+02   3.2400000e+02  -4.7489553e+01
   1.3500000e+02   3.3500000e+02  -4.5000000e+01
   1.4800000e+02   1.4000000e+02   3.3690068e+01
   1.5400000e+02   7.2000000e+01  -1.6156505e+02
   1.5400000e+02   1.9900000e+02  -1.2928941e+02
   1.8400000e+02   2.0100000e+02   8.0537678e+01
   1.8700000e+02   4.4000000e+01  -1.4799462e+02
   2.0600000e+02   3.3600000e+02  -5.9743563e+01
   2.1200000e+02   2.0000000e+02   6.0945396e+01
   2.1300000e+02   3.8000000e+01  -1.4313010e+02
   2.2000000e+02   2.8400000e+02   7.5963757e+01
   2.2000000e+02   3.0800000e+02   9.4763642e+01
   2.4000000e+02   6.7000000e+01  -1.4397263e+02
   2.5300000e+02   9.3000000e+01  -1.3772631e+02
   2.5700000e+02   1.5300000e+02  -1.3251045e+02
   2.6100000e+02   2.7500000e+02  -1.2686990e+02
   2.6100000e+02   2.9800000e+02  -1.4019443e+02
   9.0000000e+01   1.1300000e+02  -1.9000000e+01
   1.0700000e+02   1.9800000e+02  -3.4000000e+01
   1.1000000e+02   1.4500000e+02   1.5300000e+02
   1.2900000e+02   9.5000000e+01   9.0000000e+00
   1.2900000e+02   1.5600000e+02   1.7500000e+02
   1.3000000e+02   2.0800000e+02   5.9000000e+01
   1.4000000e+02   2.0200000e+02  -1.1900000e+02
   1.6500000e+02   3.5800000e+02   1.4600000e+02
   2.2300000e+02   1.0400000e+02   4.2000000e+01
   2.2900000e+02   3.6000000e+02   1.4700000e+02
   2.4100000e+02   1.7700000e+02  -1.2700000e+02
   2.6500000e+02   3.3400000e+02  -1.7100000e+02
