   9.3000000e+01   1.9800000e+02   1.1656505e+02
   1.1900000e+02   3.2300000e+02  -5.0194429e+01
   1.3300000e+02   4.8000000e+01   4.7636417e+00
   1.3800000e+02   1.6500000e+02   1.4630993e+02
   1.5700000e+02   3.4100000e+02   1.4630993e+02
   1.5900000e+02   3.4900000e+02  -3.7874984e+01
   1.6800000e+02   3.4200000e+02   1.4212502e+02
   1.7400000e+02   1.1000000e+02  -1.7053768e+02
   1.7500000e+02   1.4900000e+02   2.6565051e+01
   1.7500000e+02   3.3500000e+02  -4.5000000e+01
   1.7700000e+02   2.6600000e+02   1.1656505e+02
   1.8500000e+02   2.9600000e+02   1.3163354e+02
   1.8800000e+02   9.2000000e+01   2.2619865e+01
   1.8800000e+02   3.4900000e+02  -5.5007980e+01
   1.9900000e+02   1.2100000e+02  -1.5738014e+02
   2.3600000e+02   4.7000000e+01  -1.4974356e+02
   2.4200000e+02   2.2500000e+02   5.7528808e+01
   2.4800000e+02   3.3300000e+02  -5.6309932e+01
   2.6300000e+02   3.0400000e+02   9.9462322e+01
   2.6700000e+02   2.3600000e+02  -1.2602737e+02
   2.6900000e+02   2.4400000e+02   5.7528808e+01
   2.8900000e+02   3.1300000e+02  -1.6156505e+02
   2.9500000e+02   2.2900000e+02  -1.3227369e+02
   1.1700000e+02   1.3000000e+02  -3.4000000e+01
   1.3700000e+02   1.5700000e+02   1.4900000e+02
   1.3800000e+02   2.0800000e+02  -4.0000000e+01
   1.5300000e+02   1.0700000e+02   4.0000000e+00
   1.5800000e+02   1.6500000e+02   1.7000000e+02
   1.6200000e+02   2.1500000e+02   5.9000000e+01
   1.6400000e+02   1.2600000e+02  -1.7600000e+02
   1.9800000e+02   1.4500000e+02   9.0000000e+01
   2.0500000e+02   1.6900000e+02  -1.4200000e+02
   2.0900000e+02   3.5400000e+02   1.4300000e+02
   2.4900000e+02   1.1000000e+02   3.9000000e+01
