   3.4000000e+01   1.4300000e+02   1.4019443e+02
   4.8000000e+01   1.5200000e+02   1.4071059e+02
   4.9000000e+01   2.7900000e+02   9.4763642e+01
   5.0000000e+01   2.7100000e+02  -7.5963757e+01
   5.5000000e+01   1.4800000e+02  -2.2619865e+01
   6.4000000e+01   3.1000000e+02  -8.5236358e+01
   7.3000000e+01   8.3000000e+01  -1.6596376e+02
   8.1000000e+01   8.2000000e+01  -4.7636417e+00
   8.5000000e+01   2.0900000e+02   1.2686990e+02
   1.0600000e+02   1.2400000e+02   9.4623222e+00
   1.1400000e+02   1.8400000e+02   9.4623222e+00
   1.1400000e+02   2.4200000e+02   0.0000000e+00
   1.3000000e+02   6.6000000e+01  -1.7523636e+02
   1.3900000e+02   2.4400000e+02   5.6309932e+01
   1.4000000e+02   2.7200000e+02  -1.2602737e+02
   1.4600000e+02   1.1100000e+02   1.8434949e+01
   2.1300000e+02   1.7700000e+02   2.6565051e+01
   2.3300000e+02   2.9300000e+02   5.6309932e+01
   2.4200000e+02   3.1300000e+02   7.5963757e+01
   2.5100000e+02   2.3600000e+02  -1.5738014e+02
   2.6800000e+02   3.1200000e+02   1.8000000e+02
   2.7600000e+02   3.2400000e+02   1.3836646e+02
   2.7700000e+02   3.5000000e+02   9.0000000e+01
   5.2000000e+01   1.8000000e+02  -4.3000000e+01
   7.9000000e+01   1.5000000e+02  -1.0000000e+01
   8.1000000e+01   2.0200000e+02   1.2900000e+02
   9.9000000e+01   2.5100000e+02   1.1300000e+02
   1.2500000e+02   2.5200000e+02   5.3000000e+01
   1.2700000e+02   2.4100000e+02   5.0000000e+01
   1.4300000e+02   3.0700000e+02   9.0000000e+01
   1.6900000e+02   1.2100000e+02   2.6000000e+01
   2.6500000e+02   3.4800000e+02   1.2000000e+02
   2.7100000e+02   3.4200000e+02  -3.1000000e+01
