   8.9000000e+01   1.2500000e+02  -3.6869898e+01
   9.0000000e+01   3.6000000e+01  -6.7380135e+01
   9.0000000e+01   5.3000000e+01  -6.3434949e+01
   9.2000000e+01   9.1000000e+01  -5.3130102e+01
   9.9000000e+01   1.6300000e+02  -1.4036243e+01
   1.1000000e+02   6.4000000e+01  -5.3130102e+01
   1.1700000e+02   1.5100000e+02  -2.6565051e+01
   1.2200000e+02   1.6300000e+02  -1.8434949e+01
   1.5500000e+02   3.2100000e+02  -2.2619865e+01
   1.6300000e+02   2.8000000e+02  -1.7428941e+02
   1.6400000e+02   2.5300000e+02   1.5343495e+02
   1.7400000e+02   1.9000000e+01   9.9462322e+01
   1.8900000e+02   2.0000000e+01   9.0000000e+01
   1.9500000e+02   2.7400000e+02   1.7523636e+02
   2.0300000e+02   2.6800000e+02  -1.6699244e+01
   2.0900000e+02   1.8800000e+02  -2.8610460e+01
   2.1100000e+02   4.3000000e+01  -9.0000000e+01
   2.1300000e+02   2.6500000e+02   1.6330076e+02
   2.1400000e+02   3.2800000e+02   1.4630993e+02
   2.1500000e+02   2.2200000e+02  -3.3690068e+01
   2.5300000e+02   3.7000000e+01   8.0537678e+01
   2.6300000e+02   8.1000000e+01   8.0537678e+01
   2.6300000e+02   1.0400000e+02   1.0403624e+02
   2.8100000e+02   4.0000000e+01   5.0710593e+01
