   7.6000000e+01   2.8800000e+02  -5.3972627e+01
   8.5000000e+01   2.9800000e+02   1.3227369e+02
   9.6000000e+01   2.9100000e+02   1.2369007e+02
   1.1100000e+02   1.5500000e+02  -4.5000000e+01
   1.2900000e+02   1.8600000e+02   1.6156505e+02
   1.3300000e+02   1.1000000e+02   1.7523636e+02
   1.3500000e+02   1.2500000e+02   0.0000000e+00
   1.3700000e+02   8.4000000e+01   1.7523636e+02
   1.4300000e+02   1.5000000e+02   0.0000000e+00
   1.4700000e+02   2.6900000e+02   1.5343495e+02
   1.6000000e+02   3.1100000e+02   3.2471192e+01
   1.6900000e+02   2.6200000e+02   1.8000000e+02
   1.8000000e+02   3.2200000e+02   8.0537678e+01
   1.8300000e+02   2.5700000e+02   3.6869898e+01
   1.8800000e+02   2.1600000e+02  -1.6596376e+02
   2.0200000e+02   1.9700000e+02   3.0256437e+01
   2.4000000e+02   3.6000000e+02   7.5963757e+01
   2.4600000e+02   1.9800000e+02   3.9289407e+01
   2.5000000e+02   1.4600000e+02  -1.5738014e+02
   2.6200000e+02   3.5400000e+02  -1.1656505e+02
   8.4000000e+01   2.7500000e+02  -4.3000000e+01
   1.0100000e+02   1.5100000e+02   1.6100000e+02
   1.3100000e+02   2.3000000e+02  -2.7000000e+01
   1.4200000e+02   3.1400000e+02  -3.4000000e+01
   1.4500000e+02   2.6100000e+02   1.4900000e+02
   1.6300000e+02   2.7100000e+02   1.7000000e+02
   1.6300000e+02   3.2700000e+02   6.5000000e+01
   1.6900000e+02   2.1200000e+02   9.0000000e+00
   1.7500000e+02   2.3100000e+02  -1.7600000e+02
   1.8900000e+02   1.4200000e+02   2.2000000e+01
   2.1900000e+02   3.6000000e+02  -9.0000000e+01
   2.6500000e+02   2.1900000e+02   3.9000000e+01
