   8.2000000e+01   2.3200000e+02  -5.3972627e+01
   8.3000000e+01   2.4900000e+02   1.2025644e+02
   9.1000000e+01   1.7800000e+02  -3.0256437e+01
   9.8000000e+01   2.6800000e+02   1.2025644e+02
   1.0200000e+02   2.6100000e+02  -5.3130102e+01
   1.0400000e+02   1.6000000e+02   1.4630993e+02
   1.0900000e+02   3.1900000e+02  -5.6309932e+01
   1.3300000e+02   1.7100000e+02   1.5343495e+02
   1.3500000e+02   3.4200000e+02   2.6565051e+01
   1.3600000e+02   1.2500000e+02   0.0000000e+00
   1.3700000e+02   8.0000000e+01   4.7636417e+00
   1.3900000e+02   2.1200000e+02   1.4974356e+02
   1.4300000e+02   7.2000000e+01   0.0000000e+00
   1.5600000e+02   2.6400000e+02  -4.0601295e+01
   1.5700000e+02   9.6000000e+01   4.7636417e+00
   1.7100000e+02   2.1100000e+02   1.6596376e+02
   1.8000000e+02   2.1000000e+02   3.0256437e+01
   1.8100000e+02   3.3800000e+02  -6.3434949e+01
   2.0800000e+02   1.4300000e+02   3.0256437e+01
   2.1800000e+02   3.3800000e+02   1.0843495e+02
   2.3300000e+02   1.4000000e+02  -1.4397263e+02
   2.3600000e+02   2.8900000e+02  -9.9462322e+01
   2.3900000e+02   2.9900000e+02   8.5236358e+01
   2.4000000e+02   1.4400000e+02   4.9398705e+01
   2.4700000e+02   3.1400000e+02  -9.9462322e+01
   2.4800000e+02   3.2200000e+02   7.1565051e+01
   2.5700000e+02   2.6900000e+02   6.3434949e+01
   2.6100000e+02   2.6000000e+02  -1.1974488e+02
   2.6900000e+02   2.9500000e+02  -1.1261986e+02
   8.9000000e+01   2.2000000e+02  -4.5000000e+01
   1.4900000e+02   2.5400000e+02  -3.1000000e+01
   1.7300000e+02   1.5500000e+02   9.0000000e+00
   1.7300000e+02   2.6700000e+02   6.5000000e+01
   1.7400000e+02   3.3400000e+02   1.8000000e+02
   1.8100000e+02   2.5900000e+02   7.5000000e+01
   2.0600000e+02   1.9200000e+02  -1.5400000e+02
   2.7000000e+02   1.7000000e+02   4.5000000e+01
