   1.0100000e+02   8.5000000e+01  -5.9743563e+01
   1.0200000e+02   1.1000000e+02   1.2369007e+02
   1.1500000e+02   2.3500000e+02  -9.4623222e+00
   1.1600000e+02   2.5600000e+02   1.8434949e+01
   1.3200000e+02   2.9100000e+02   2.6565051e+01
   1.4700000e+02   1.9400000e+02   1.1261986e+02
   1.4700000e+02   2.5900000e+02  -1.5343495e+02
   1.5000000e+02   2.0600000e+02   1.0403624e+02
   1.5800000e+02   1.6600000e+02   9.9462322e+01
   1.6800000e+02   2.4500000e+02  -1.4019443e+02
   1.7900000e+02   1.5900000e+02   9.4763642e+01
   1.9300000e+02   2.4800000e+02  -1.3748955e+02
   1.9800000e+02   1.3900000e+02   8.5236358e+01
   2.0000000e+02   9.8000000e+01  -6.7380135e+01
   2.0100000e+02   3.0000000e+02  -1.6596376e+02
   2.2900000e+02   1.2600000e+02   9.4763642e+01
   2.3300000e+02   2.3400000e+02  -1.3227369e+02
   2.3600000e+02   2.6300000e+02  -1.4974356e+02
   2.5600000e+02   3.3000000e+01   1.6156505e+02
   2.6000000e+02   1.1500000e+02   8.0537678e+01
   2.7100000e+02   1.0400000e+02   6.3434949e+01
   2.8500000e+02   3.8000000e+01  -1.5138954e+02
   2.9300000e+02   4.0000000e+01   2.6565051e+01
   2.9300000e+02   1.5600000e+02  -1.1656505e+02
   2.9500000e+02   2.2900000e+02  -1.6596376e+02
   3.0600000e+02   8.2000000e+01  -1.2980557e+02
   1.4100000e+02   2.3400000e+02  -1.7600000e+02
   1.4400000e+02   5.2000000e+01  -4.9000000e+01
   1.4700000e+02   3.0000000e+02   2.2000000e+01
   1.6600000e+02   4.4000000e+01  -6.4000000e+01
   2.3200000e+02   2.0700000e+02  -1.2100000e+02
   2.5200000e+02   7.7000000e+01   1.2900000e+02
   2.6100000e+02   1.8000000e+01   1.7500000e+02
   3.0500000e+02   1.8500000e+02   3.3000000e+01
