   1.2100000e+02   2.9300000e+02  -6.3434949e+01
   1.2500000e+02   3.0800000e+02  -5.9743563e+01
   1.3400000e+02   3.0700000e+02   1.1261986e+02
   1.3500000e+02   3.2500000e+02   1.1861046e+02
   1.4200000e+02   6.1000000e+01  -5.0710593e+01
   1.4200000e+02   1.6400000e+02   1.3251045e+02
   1.4200000e+02   2.4400000e+02  -6.7380135e+01
   1.4500000e+02   2.8100000e+02   9.5194429e+01
   1.5000000e+02   3.0600000e+02   9.0000000e+01
   1.5100000e+02   1.2100000e+02   1.4019443e+02
   1.5500000e+02   3.3600000e+02  -1.0403624e+02
   1.5700000e+02   8.4000000e+01  -3.6869898e+01
   1.5700000e+02   3.5400000e+02  -1.2686990e+02
   1.6000000e+02   3.4300000e+02   4.9398705e+01
   1.6600000e+02   3.9000000e+01  -3.3690068e+01
   1.6700000e+02   1.5500000e+02   1.2980557e+02
   1.6700000e+02   2.7400000e+02   9.0000000e+01
   1.7900000e+02   1.2600000e+02  -3.9289407e+01
   1.7900000e+02   2.2900000e+02   1.0403624e+02
   1.8200000e+02   2.2000000e+02  -7.1565051e+01
   1.9200000e+02   3.3000000e+02  -1.1656505e+02
   1.9700000e+02   1.1200000e+02   1.4630993e+02
   1.9800000e+02   3.3600000e+02   5.3130102e+01
   2.0100000e+02   3.5300000e+02  -1.3198721e+02
   2.1500000e+02   3.4600000e+02  -1.2980557e+02
   2.2000000e+02   2.4400000e+02   9.4763642e+01
   2.2400000e+02   3.2400000e+02   4.7726311e+01
   2.3300000e+02   1.3600000e+02  -1.8434949e+01
   2.3400000e+02   5.3000000e+01  -2.2619865e+01
   2.4200000e+02   1.3300000e+02   1.6156505e+02
   2.5300000e+02   2.3700000e+02   9.0000000e+01
   2.5700000e+02   2.0500000e+02   2.2619865e+01
   2.5800000e+02   1.6000000e+02   1.6596376e+02
   2.5900000e+02   4.4000000e+01   1.6156505e+02
   2.6600000e+02   2.2900000e+02   7.1565051e+01
   2.6700000e+02   9.7000000e+01   1.7523636e+02
   2.7000000e+02   1.1200000e+02   4.7636417e+00
   2.7200000e+02   1.4200000e+02   1.8434949e+01
   2.7300000e+02   3.3900000e+02  -1.5343495e+02
   2.7700000e+02   2.1800000e+02  -1.4019443e+02
   2.8100000e+02   2.2500000e+02   5.9743563e+01
   2.8500000e+02   2.8100000e+02  -1.1656505e+02
   2.8800000e+02   1.8100000e+02  -1.5738014e+02
   2.8800000e+02   3.1600000e+02  -1.5343495e+02
   2.9600000e+02   1.8700000e+02   4.7726311e+01
   2.9800000e+02   1.7900000e+02   4.2273689e+01
   3.0100000e+02   2.4100000e+02  -1.2025644e+02
   3.0500000e+02   2.4900000e+02   7.5963757e+01
   3.0800000e+02   1.0800000e+02  -1.7523636e+02
   3.0800000e+02   2.3400000e+02  -1.1656505e+02
   2.2900000e+02   1.0000000e+02   1.5300000e+02
   2.6900000e+02   2.9200000e+02   4.2000000e+01
