   9.6000000e+01   2.4500000e+02  -6.3434949e+01
   1.1400000e+02   2.7100000e+02   1.2025644e+02
   1.1500000e+02   2.8400000e+02   1.0843495e+02
   1.2400000e+02   3.3800000e+02  -1.4313010e+02
   1.2800000e+02   2.4600000e+02   1.0403624e+02
   1.3200000e+02   1.3200000e+02   1.3500000e+02
   1.4300000e+02   9.0000000e+01   1.4019443e+02
   1.5000000e+02   2.4200000e+02   9.4763642e+01
   1.5800000e+02   1.2600000e+02   1.3772631e+02
   1.6600000e+02   1.9900000e+02   1.0843495e+02
   1.7000000e+02   1.8900000e+02  -6.7380135e+01
   1.7300000e+02   9.5000000e+01  -3.6869898e+01
   1.8900000e+02   8.4000000e+01   1.4630993e+02
   1.9400000e+02   1.2000000e+02   1.3772631e+02
   1.9400000e+02   3.1800000e+02  -1.2369007e+02
   2.0100000e+02   1.1600000e+02  -3.0256437e+01
   2.0200000e+02   2.9500000e+02   4.5000000e+01
   2.0500000e+02   2.1800000e+02   9.9462322e+01
   2.2200000e+02   2.7000000e+01  -3.0256437e+01
   2.2600000e+02   1.0900000e+02  -1.4036243e+01
   2.3400000e+02   1.0700000e+02   1.6596376e+02
   2.3800000e+02   3.3600000e+02  -1.4974356e+02
   2.3900000e+02   2.1100000e+02   9.0000000e+01
   2.4600000e+02   1.7900000e+02   2.6565051e+01
   2.4800000e+02   3.3000000e+02  -1.6747119e+02
   2.4900000e+02   1.3500000e+02   1.7053768e+02
   2.5300000e+02   2.0200000e+02   7.5963757e+01
   2.5900000e+02   7.0000000e+01   1.7053768e+02
   2.5900000e+02   3.2500000e+02  -1.6156505e+02
   2.6200000e+02   8.5000000e+01   4.7636417e+00
   2.6200000e+02   1.1600000e+02   1.4036243e+01
   2.6600000e+02   2.5700000e+02  -1.0403624e+02
   2.7800000e+02   2.8100000e+02  -1.2686990e+02
   2.8600000e+02   1.5300000e+02   3.6869898e+01
   2.8600000e+02   1.6100000e+02   5.0194429e+01
   1.0900000e+02   2.9800000e+02   1.5600000e+02
   2.2000000e+02   7.4000000e+01   1.5300000e+02
