   1.3000000e+02   2.5200000e+02  -1.3251045e+02
   1.3200000e+02   1.5200000e+02   1.3500000e+02
   1.3200000e+02   2.6200000e+02   3.9289407e+01
   1.3900000e+02   1.3700000e+02   1.4397263e+02
   1.5000000e+02   2.0600000e+02  -1.0403624e+02
   1.5500000e+02   1.0400000e+02   1.4630993e+02
   1.7200000e+02   2.6700000e+02  -1.2928941e+02
   1.8000000e+02   2.3900000e+02  -1.1656505e+02
   1.9200000e+02   2.1200000e+02  -9.9462322e+01
   2.0300000e+02   7.5000000e+01   1.4313010e+02
   2.1000000e+02   1.9400000e+02   7.1565051e+01
   2.1200000e+02   1.1800000e+02   1.2369007e+02
   2.1200000e+02   2.7400000e+02  -1.3500000e+02
   2.4400000e+02   2.0000000e+01   1.6156505e+02
   2.4600000e+02   1.2300000e+02   1.2686990e+02
   2.7900000e+02   1.3000000e+02   1.1656505e+02
   2.8000000e+02   2.1500000e+02  -9.4763642e+01
   2.8200000e+02   1.8600000e+02  -8.0537678e+01
   2.9300000e+02   1.3100000e+02   9.9462322e+01
   3.2200000e+02   6.7000000e+01  -1.6596376e+02
   3.3700000e+02   3.6000000e+01  -1.5738014e+02
