   1.0800000e+02   1.1800000e+02  -5.6309932e+01
   1.1200000e+02   1.8000000e+02   2.2619865e+01
   1.3100000e+02   1.7900000e+02  -1.5738014e+02
   1.3200000e+02   1.1400000e+02   1.0843495e+02
   1.3500000e+02   1.2700000e+02   1.0403624e+02
   1.4300000e+02   8.8000000e+01   9.9462322e+01
   1.4900000e+02   1.0800000e+02  -9.0000000e+01
   1.5200000e+02   3.2000000e+01   1.0843495e+02
   1.5200000e+02   1.6700000e+02  -1.2980557e+02
   1.7700000e+02   1.7000000e+02  -1.3500000e+02
   1.8300000e+02   2.2000000e+02  -1.6156505e+02
   1.8400000e+02   6.1000000e+01   9.0000000e+01
   1.9000000e+02   2.2600000e+02   9.4623222e+00
   2.1500000e+02   4.8000000e+01   9.4763642e+01
   2.1600000e+02   1.5400000e+02  -1.2980557e+02
   2.2000000e+02   1.2700000e+02   3.9289407e+01
   2.2000000e+02   1.8200000e+02  -1.5343495e+02
   2.2500000e+02   2.0900000e+02  -1.6596376e+02
   2.4600000e+02   4.0000000e+01   7.9695154e+01
   2.4600000e+02   1.0000000e+02  -1.2686990e+02
   2.5100000e+02   1.1500000e+02  -1.2553768e+02
   2.5900000e+02   3.2000000e+01   6.3434949e+01
   2.8000000e+02   8.4000000e+01  -1.1656505e+02
   2.9300000e+02   1.1000000e+02  -1.2602737e+02
   1.2900000e+02   1.0500000e+02   1.2300000e+02
   1.9200000e+02   3.6000000e+01   4.5000000e+01
   2.4800000e+02   8.5000000e+01  -1.1300000e+02
