   1.2000000e+02   6.6000000e+01   4.5000000e+01
   1.3800000e+02   1.5200000e+02   1.2686990e+02
   1.5100000e+02   2.6700000e+02   9.9462322e+01
   1.6200000e+02   2.1200000e+02   1.0843495e+02
   1.7400000e+02   2.6100000e+02   8.5236358e+01
   1.9100000e+02   3.4300000e+02  -1.4071059e+02
   1.9600000e+02   2.4200000e+02   9.0000000e+01
   2.2900000e+02   2.2600000e+02   9.0000000e+01
   2.3700000e+02   3.2700000e+02  -1.4313010e+02
   2.4000000e+02   3.0200000e+02   3.0256437e+01
   2.7000000e+02   2.0100000e+02   5.7528808e+01
   2.7500000e+02   2.8900000e+02  -1.2369007e+02
   2.8800000e+02   1.4000000e+02   2.6565051e+01
   2.9800000e+02   2.5100000e+02  -1.2369007e+02
   3.0900000e+02   2.4000000e+01  -1.4212502e+02
   3.1800000e+02   3.4000000e+01  -1.6156505e+02
   3.2100000e+02   6.0000000e+01  -1.6596376e+02
   3.2200000e+02   5.0000000e+01  -1.5343495e+02
   3.2800000e+02   7.6000000e+01  -1.5343495e+02
   3.3500000e+02   2.1900000e+02   5.9743563e+01
   3.3700000e+02   1.0800000e+02  -1.5343495e+02
   3.3900000e+02   1.5500000e+02  -1.3500000e+02
   1.0200000e+02   5.4000000e+01   1.2600000e+02
   1.3000000e+02   4.3000000e+01   1.2300000e+02
   1.3700000e+02   3.4000000e+01  -4.5000000e+01
   1.5300000e+02   3.2200000e+02   4.2000000e+01
   1.6000000e+02   1.0800000e+02   1.2000000e+02
   1.6400000e+02   1.4100000e+02  -5.4000000e+01
   1.7100000e+02   1.7400000e+02   1.0800000e+02
   1.9700000e+02   2.5100000e+02   9.0000000e+01
   2.0400000e+02   2.4100000e+02  -9.5000000e+01
   2.0600000e+02   1.6200000e+02   1.2000000e+02
   2.0700000e+02   7.4000000e+01   1.3500000e+02
   2.2600000e+02   2.0400000e+02   9.9000000e+01
   2.2800000e+02   5.7000000e+01  -1.9000000e+01
   2.3000000e+02   6.6000000e+01  -1.9000000e+01
   2.4400000e+02   8.2000000e+01   1.6100000e+02
   2.5100000e+02   1.3700000e+02  -1.5000000e+01
   2.6400000e+02   1.4600000e+02   1.7000000e+02
   2.6400000e+02   2.0700000e+02   5.9000000e+01
   2.6700000e+02   2.7600000e+02  -1.3800000e+02
   2.8000000e+02   8.9000000e+01   1.4000000e+01
   3.0500000e+02   7.9000000e+01   4.0000000e+00
   3.0800000e+02   1.5100000e+02  -1.4700000e+02
   3.1300000e+02   1.4300000e+02   3.9000000e+01
   3.1400000e+02   2.7500000e+02   2.2000000e+01
   3.2500000e+02   1.3900000e+02  -1.4700000e+02
