   8.9000000e+01   6.6000000e+01  -5.3130102e+01
   9.2000000e+01   3.1100000e+02   1.1261986e+02
   9.4000000e+01   3.2500000e+02   1.0403624e+02
   9.9000000e+01   1.6500000e+02   1.2686990e+02
   1.0500000e+02   2.8500000e+02   9.9462322e+01
   1.0600000e+02   1.2200000e+02   1.3500000e+02
   1.1400000e+02   4.1000000e+01  -3.6869898e+01
   1.1600000e+02   2.2800000e+02   1.0843495e+02
   1.2700000e+02   2.7800000e+02   9.0000000e+01
   1.3400000e+02   1.2600000e+02  -4.5000000e+01
   1.4700000e+02   2.6000000e+02   9.0000000e+01
   1.5100000e+02   1.1100000e+02   1.4313010e+02
   1.6100000e+02   1.6000000e+01   1.4019443e+02
   1.7800000e+02   2.4600000e+02   9.4763642e+01
   1.7900000e+02   3.5800000e+02  -1.2928941e+02
   1.8100000e+02   5.2000000e+01  -2.6565051e+01
   1.8300000e+02   3.2900000e+02   4.2510447e+01
   2.1500000e+02   1.5800000e+02   1.6596376e+02
   2.1500000e+02   3.1600000e+02  -1.2025644e+02
   2.2200000e+02   1.0800000e+02   4.7636417e+00
   2.2300000e+02   9.3000000e+01   1.7523636e+02
   2.2300000e+02   1.3900000e+02   1.4036243e+01
   2.2400000e+02   2.2800000e+02   7.1565051e+01
   2.4400000e+02   1.6200000e+02  -1.5738014e+02
   2.4400000e+02   2.8100000e+02  -1.1861046e+02
   2.5200000e+02   1.7500000e+02   3.9805571e+01
   2.7300000e+02   1.2900000e+02   2.2619865e+01
   2.8400000e+02   2.6000000e+02   6.7380135e+01
   2.9900000e+02   2.0500000e+02  -1.2025644e+02
   1.0100000e+02   4.5000000e+01  -4.8000000e+01
   1.1200000e+02   9.3000000e+01   1.4000000e+02
   1.2100000e+02   3.3000000e+02  -1.0000000e+02
   1.2700000e+02   1.5500000e+02  -4.8000000e+01
   1.3400000e+02   1.7500000e+02   1.1200000e+02
   1.3500000e+02   2.4500000e+02   1.0400000e+02
   1.4300000e+02   3.1000000e+01  -9.0000000e+01
   1.5000000e+02   1.9900000e+02   1.1600000e+02
   1.6000000e+02   2.1900000e+02   1.0800000e+02
   1.6300000e+02   3.2100000e+02  -1.1300000e+02
   1.6400000e+02   6.6000000e+01   1.4000000e+02
   1.7100000e+02   4.8000000e+01   1.4600000e+02
   1.7200000e+02   6.2000000e+01  -1.1000000e+01
   1.7800000e+02   2.5900000e+02  -9.0000000e+01
   2.0800000e+02   3.0000000e+02  -1.2400000e+02
   2.1400000e+02   5.0000000e+01   1.6100000e+02
   2.2500000e+02   1.7500000e+02   1.8000000e+02
   2.5500000e+02   1.2800000e+02   2.2000000e+01
   2.5700000e+02   3.1000000e+02   3.6000000e+01
   2.8800000e+02   1.8200000e+02  -1.3800000e+02
