   1.0600000e+02   1.2700000e+02  -5.7528808e+01
   1.1400000e+02   1.1400000e+02   1.2247119e+02
   1.1700000e+02   9.1000000e+01  -6.3434949e+01
   1.2500000e+02   2.2800000e+02   1.2686990e+02
   1.2700000e+02   1.0300000e+02  -4.7726311e+01
   1.2800000e+02   1.4800000e+02  -4.7489553e+01
   1.3000000e+02   1.8200000e+02   1.2980557e+02
   1.5100000e+02   2.1600000e+02   1.2686990e+02
   1.5900000e+02   1.8600000e+02  -4.7726311e+01
   1.6100000e+02   3.4000000e+02   8.5236358e+01
   1.6700000e+02   7.4000000e+01   1.3251045e+02
   1.6800000e+02   3.0800000e+02  -8.5236358e+01
   1.7500000e+02   1.7000000e+02   1.3772631e+02
   1.8100000e+02   3.2000000e+02   9.0000000e+01
   1.8300000e+02   6.2000000e+01  -3.6869898e+01
   2.1400000e+02   1.9200000e+02  -2.0556045e+01
   2.2200000e+02   1.8900000e+02   1.5944395e+02
   2.4000000e+02   1.4500000e+02   1.6596376e+02
   2.4000000e+02   2.1600000e+02   1.6156505e+02
   2.4400000e+02   1.6100000e+02  -9.4623222e+00
   2.4900000e+02   1.9400000e+02   4.7636417e+00
   2.4900000e+02   3.6000000e+02  -1.3500000e+02
   2.5500000e+02   2.8700000e+02   6.5556045e+01
   2.6800000e+02   2.1600000e+02  -1.5738014e+02
   2.7800000e+02   2.2800000e+02   3.0256437e+01
   2.7800000e+02   3.4000000e+02  -1.1974488e+02
   2.9200000e+02   1.7300000e+02   1.4036243e+01
   1.2400000e+02   1.1900000e+02   1.2600000e+02
   1.2500000e+02   2.0100000e+02   1.2300000e+02
   2.0400000e+02   1.5400000e+02   1.4300000e+02
   2.1700000e+02   2.9800000e+02   8.5000000e+01
   2.2800000e+02   2.8700000e+02   9.9000000e+01
   2.3600000e+02   2.5900000e+02   1.3500000e+02
   2.4400000e+02   3.3700000e+02  -1.1300000e+02
   2.4700000e+02   3.4500000e+02   5.3000000e+01
   2.5200000e+02   2.3100000e+02   1.7500000e+02
   2.7600000e+02   1.7500000e+02   2.2000000e+01
   3.1200000e+02   2.2700000e+02  -1.4400000e+02
