   1.3000000e+02   1.9800000e+02   4.5000000e+01
   1.3100000e+02   1.8700000e+02   3.6027373e+01
   1.3900000e+02   1.6000000e+02   2.4443955e+01
   1.5000000e+02   2.3200000e+02  -1.0403624e+02
   1.5600000e+02   2.2300000e+02   5.9743563e+01
   1.7400000e+02   2.5100000e+02  -1.2369007e+02
   1.8500000e+02   2.9900000e+02   2.6565051e+01
   1.8700000e+02   2.2500000e+02  -1.2602737e+02
   1.9100000e+02   2.2000000e+01  -1.5343495e+02
   1.9300000e+02   5.0000000e+01  -1.5555605e+02
   1.9300000e+02   2.7600000e+02   4.5000000e+01
   1.9400000e+02   3.0000000e+01   3.0256437e+01
   2.0000000e+02   2.3400000e+02  -1.1656505e+02
   2.0100000e+02   5.6000000e+01   3.6869898e+01
   2.0400000e+02   2.4200000e+02   5.7528808e+01
   2.1000000e+02   3.0900000e+02  -1.6474488e+02
   2.2000000e+02   3.1200000e+02   1.0304846e+01
   2.2100000e+02   9.9000000e+01  -1.3227369e+02
   2.2500000e+02   3.0300000e+02  -1.6156505e+02
   2.2700000e+02   2.5000000e+01  -1.4019443e+02
   2.2800000e+02   1.0300000e+02   5.6309932e+01
   2.3200000e+02   1.5300000e+02  -1.3227369e+02
   2.3300000e+02   3.1000000e+01   3.0256437e+01
   2.3600000e+02   1.6000000e+02   4.2510447e+01
   2.4600000e+02   2.7800000e+02  -1.3772631e+02
   2.4700000e+02   3.0000000e+01  -1.2980557e+02
   2.6100000e+02   1.8600000e+02  -1.2980557e+02
   2.6200000e+02   1.7300000e+02  -1.2980557e+02
   2.6700000e+02   3.2400000e+02  -1.6596376e+02
   2.6800000e+02   1.8000000e+02   4.8814075e+01
   2.6800000e+02   1.9300000e+02   5.6309932e+01
   2.7700000e+02   2.5300000e+02  -1.3227369e+02
   2.8000000e+02   2.8800000e+02  -1.6596376e+02
   2.8100000e+02   3.3200000e+02   1.8000000e+02
   2.8400000e+02   2.5800000e+02   2.9744881e+01
   2.9100000e+02   2.6200000e+02  -1.5025512e+02
   2.9500000e+02   1.5000000e+02  -1.2499202e+02
