   1.2900000e+02   1.8100000e+02   1.0594540e+02
   1.5000000e+02   7.9000000e+01  -4.7636417e+00
   1.5400000e+02   1.7400000e+02   1.2247119e+02
   1.5900000e+02   2.0900000e+02  -1.0669924e+02
   1.6200000e+02   1.6700000e+02   9.0000000e+01
   1.6800000e+02   3.4000000e+01   1.7523636e+02
   1.6800000e+02   1.8800000e+02   9.9462322e+01
   1.7300000e+02   1.6900000e+02   3.3690068e+01
   1.7300000e+02   1.8100000e+02   4.5000000e+01
   1.7300000e+02   2.2200000e+02  -1.1261986e+02
   1.8200000e+02   1.4000000e+02   2.6565051e+01
   2.0300000e+02   2.9900000e+02  -1.4630993e+02
   2.1700000e+02   6.8000000e+01  -1.5738014e+02
   2.1900000e+02   2.1000000e+01   2.6565051e+01
   2.2400000e+02   7.2000000e+01   3.3690068e+01
   2.4000000e+02   2.1500000e+02  -1.2369007e+02
   2.4500000e+02   2.9400000e+02  -1.6596376e+02
   2.4900000e+02   3.6000000e+01   4.5000000e+01
   2.4900000e+02   2.1000000e+02  -1.2686990e+02
   2.5200000e+02   2.1800000e+02   6.3434949e+01
   2.5600000e+02   2.9800000e+02   9.4623222e+00
   2.6000000e+02   1.8900000e+02  -1.2247119e+02
   2.6400000e+02   1.9600000e+02   5.9743563e+01
   2.7000000e+02   2.9900000e+02  -1.7523636e+02
   2.7600000e+02   2.0000000e+01  -1.5343495e+02
   2.7900000e+02   1.1100000e+02  -1.2686990e+02
   2.8500000e+02   1.1800000e+02   5.6309932e+01
   2.9100000e+02   2.5900000e+02  -1.2787498e+02
   3.0100000e+02   1.6800000e+02  -1.3251045e+02
   3.0500000e+02   7.9000000e+01  -1.2980557e+02
