   1.0400000e+02   1.4400000e+02  -7.7471192e+01
   1.0900000e+02   1.0500000e+02  -5.3972627e+01
   1.1700000e+02   9.4000000e+01   1.2602737e+02
   1.2300000e+02   8.8000000e+01  -3.0256437e+01
   1.2600000e+02   1.8600000e+02  -1.0030485e+02
   1.3300000e+02   1.6500000e+02   8.3659808e+01
   1.4500000e+02   1.9800000e+02  -1.1656505e+02
   1.4800000e+02   6.2000000e+01  -4.5000000e+01
   1.5200000e+02   1.9300000e+02  -1.2025644e+02
   1.5300000e+02   1.3800000e+02   0.0000000e+00
   1.5600000e+02   1.4900000e+02   3.6869898e+01
   1.5900000e+02   8.0000000e+01   2.0556045e+01
   1.5900000e+02   1.0800000e+02   2.0556045e+01
   1.6200000e+02   7.2000000e+01  -1.7480557e+02
   1.6700000e+02   8.3000000e+01  -1.5944395e+02
   1.6700000e+02   1.1100000e+02  -1.5944395e+02
   1.7100000e+02   7.5000000e+01   7.1250163e+00
   1.7500000e+02   5.4000000e+01   2.8610460e+01
   1.7600000e+02   1.2400000e+02  -1.5738014e+02
   1.7600000e+02   1.7100000e+02  -1.0403624e+02
   1.7900000e+02   1.1600000e+02   3.6027373e+01
   1.8000000e+02   8.9000000e+01   2.2619865e+01
   1.8000000e+02   1.7800000e+02   5.5007980e+01
   1.9400000e+02   7.3000000e+01   2.4443955e+01
   1.9400000e+02   1.0700000e+02   3.7874984e+01
   2.0000000e+02   1.3500000e+02   4.8012788e+01
   2.0300000e+02   1.7800000e+02  -1.3500000e+02
   2.1000000e+02   1.7200000e+02   5.1340192e+01
   2.1100000e+02   3.5000000e+01   3.2005383e+01
   2.1400000e+02   2.5700000e+02   1.4036243e+01
   2.2300000e+02   5.4000000e+01   4.5000000e+01
   2.2600000e+02   3.2000000e+01  -1.5138954e+02
   2.2800000e+02   9.7000000e+01  -1.4446232e+02
   2.2900000e+02   2.1700000e+02   9.0000000e+01
   2.3900000e+02   1.5500000e+02  -1.1396249e+02
   2.4400000e+02   2.1900000e+02   3.6027373e+01
   2.7100000e+02   2.0700000e+02  -1.3500000e+02
