   1.1400000e+02   2.7500000e+02  -9.0000000e+01
   1.2300000e+02   1.7200000e+02  -2.6565051e+01
   1.3100000e+02   1.6800000e+02   1.5343495e+02
   1.3700000e+02   1.7800000e+02   1.6474488e+02
   1.3900000e+02   1.6500000e+02   0.0000000e+00
   1.3900000e+02   2.3500000e+02   7.3300756e+01
   1.4700000e+02   3.3900000e+02  -1.2247119e+02
   1.4900000e+02   3.0200000e+02  -9.9462322e+01
   1.5800000e+02   3.4400000e+02  -1.1444395e+02
   1.5900000e+02   3.2600000e+02   5.6309932e+01
   1.8700000e+02   2.0800000e+02  -1.2025644e+02
   1.9000000e+02   2.1600000e+02   5.9036243e+01
   1.9700000e+02   1.0600000e+02   2.6565051e+01
   1.9800000e+02   2.8900000e+02  -9.4763642e+01
   2.0900000e+02   2.8900000e+02  -1.0403624e+02
   2.1200000e+02   3.1300000e+02  -1.2369007e+02
   2.1300000e+02   1.3100000e+02   3.6027373e+01
   2.3100000e+02   1.3100000e+02  -1.4212502e+02
   2.3100000e+02   3.0100000e+02   9.0000000e+01
   2.3200000e+02   1.0100000e+02   4.5000000e+01
   2.3600000e+02   1.3800000e+02   4.2273689e+01
   2.3900000e+02   3.3100000e+02  -1.0998311e+02
   2.4200000e+02   3.0700000e+02  -1.0252881e+02
   2.4300000e+02   3.1500000e+02   9.0000000e+01
   2.4800000e+02   2.9400000e+02  -1.0403624e+02
   2.6000000e+02   2.1100000e+02   7.1565051e+01
   2.6600000e+02   2.5600000e+02  -1.1905460e+02
   2.6800000e+02   2.3000000e+02  -1.0998311e+02
   2.7100000e+02   2.3900000e+02   7.1565051e+01
