   1.0300000e+02   7.7000000e+01  -5.0194429e+01
   1.0900000e+02   1.5800000e+02   5.6309932e+01
   1.1100000e+02   9.4000000e+01   9.9462322e+01
   1.2000000e+02   1.9100000e+02  -1.3251045e+02
   1.2800000e+02   1.9900000e+02   4.5000000e+01
   1.3100000e+02   9.7000000e+01   9.9462322e+01
   1.3200000e+02   4.7000000e+01   1.7523636e+02
   1.3700000e+02   9.1000000e+01   5.3130102e+01
   1.4100000e+02   4.9000000e+01   0.0000000e+00
   1.4500000e+02   1.7000000e+02  -1.3227369e+02
   1.4900000e+02   1.8900000e+02  -1.4071059e+02
   1.5200000e+02   5.5000000e+01   3.3690068e+01
   1.5300000e+02   9.5000000e+01  -1.2865981e+02
   1.5300000e+02   1.8000000e+02   3.9805571e+01
   1.5600000e+02   2.7000000e+01   2.6565051e+01
   1.5800000e+02   1.5600000e+02  -1.2025644e+02
   1.8000000e+02   8.3000000e+01   6.3434949e+01
   1.8900000e+02   2.3200000e+02  -1.7053768e+02
   1.9000000e+02   1.5000000e+02   5.4462322e+01
   1.9700000e+02   1.4500000e+02  -1.0843495e+02
   1.9700000e+02   1.9600000e+02  -1.4019443e+02
   1.9700000e+02   2.3400000e+02   2.1801409e+01
   2.0300000e+02   1.3000000e+02  -1.2096376e+02
   2.0400000e+02   7.1000000e+01   5.9743563e+01
   2.0600000e+02   1.3800000e+02   6.9443955e+01
   2.0900000e+02   1.4600000e+02  -1.1055605e+02
   2.1100000e+02   1.2500000e+02  -1.1656505e+02
   2.1400000e+02   1.3400000e+02   6.3434949e+01
   2.3300000e+02   2.2800000e+02  -1.5738014e+02
   2.3700000e+02   2.4500000e+02  -1.7053768e+02
   2.4000000e+02   1.9700000e+02  -1.4071059e+02
   2.5800000e+02   1.3100000e+02  -1.1861046e+02
   2.6000000e+02   9.6000000e+01  -1.2553768e+02
   2.6300000e+02   3.4000000e+01  -1.2980557e+02
   2.6300000e+02   1.3900000e+02   5.3130102e+01
   2.6300000e+02   1.5800000e+02  -1.2247119e+02
   2.6100000e+02   5.0000000e+01  -1.3000000e+02
