   8.8000000e+01   1.6300000e+02   1.2980557e+02
   1.0500000e+02   6.4000000e+01   1.5343495e+02
   1.0800000e+02   1.0600000e+02   1.4630993e+02
   1.1100000e+02   8.3000000e+01   1.4903624e+02
   1.1200000e+02   2.3900000e+02  -8.0537678e+01
   1.2500000e+02   1.8900000e+02   1.2369007e+02
   1.3400000e+02   2.2000000e+02   1.0843495e+02
   1.4000000e+02   3.1200000e+02  -1.3939871e+02
   1.4300000e+02   1.3800000e+02   1.5738014e+02
   1.4900000e+02   1.9000000e+01   1.7053768e+02
   1.5300000e+02   1.3400000e+02   0.0000000e+00
   1.5800000e+02   1.2100000e+02  -9.4623222e+00
   1.6000000e+02   2.1200000e+02   1.2686990e+02
   1.6500000e+02   1.9500000e+02   1.4019443e+02
   1.6800000e+02   2.0700000e+02   9.9462322e+01
   1.7200000e+02   5.9000000e+01  -1.7523636e+02
   1.7200000e+02   2.0000000e+02  -1.0304846e+01
   1.7700000e+02   2.2000000e+02   4.7726311e+01
   1.7800000e+02   2.0800000e+02   3.9289407e+01
   1.8600000e+02   3.3600000e+02   3.9289407e+01
   2.0000000e+02   2.4500000e+02   5.9743563e+01
   2.0400000e+02   3.3900000e+02  -1.4630993e+02
   2.1200000e+02   3.3700000e+02  -1.3801279e+02
   2.3900000e+02   3.2400000e+02  -1.4630993e+02
   2.3100000e+02   2.6000000e+02   6.3000000e+01
   2.3200000e+02   3.9000000e+01  -1.5800000e+02
