   4.0000000e+01   2.0800000e+02   1.4313010e+02
   7.0000000e+01   2.9800000e+02   1.1261986e+02
   7.3000000e+01   1.1800000e+02   1.8000000e+02
   7.9000000e+01   2.4500000e+02   1.4974356e+02
   8.6000000e+01   3.3300000e+02   9.4763642e+01
   8.7000000e+01   2.4200000e+02   0.0000000e+00
   8.9000000e+01   2.2800000e+02  -1.4036243e+01
   9.2000000e+01   3.2000000e+02  -6.3434949e+01
   9.4000000e+01   1.6200000e+02   1.8000000e+02
   1.0900000e+02   9.2000000e+01  -1.4630993e+02
   1.2400000e+02   2.8300000e+02   0.0000000e+00
   1.2800000e+02   3.3300000e+02   9.4763642e+01
   1.2900000e+02   3.1500000e+02   2.2619865e+01
   1.3100000e+02   3.2500000e+02   3.9289407e+01
   1.5800000e+02   1.3200000e+02   1.8434949e+01
   1.6100000e+02   3.4500000e+02   5.0194429e+01
   1.7500000e+02   8.8000000e+01  -1.5343495e+02
   2.2200000e+02   1.2800000e+02   3.0256437e+01
   2.3600000e+02   2.8300000e+02   3.9805571e+01
   6.3000000e+01   3.5300000e+02   1.0500000e+02
   1.9500000e+02   3.5400000e+02   4.5000000e+01
   2.0800000e+02   9.9000000e+01   3.3000000e+01
   2.2000000e+02   2.3400000e+02  -1.4400000e+02
   2.6000000e+02   3.3100000e+02  -1.3500000e+02
