   1.0600000e+02   2.1400000e+02   1.2686990e+02
   1.1100000e+02   2.3500000e+02   9.0000000e+01
   1.1900000e+02   2.2900000e+02   8.4805571e+01
   1.2200000e+02   1.8000000e+02   1.6596376e+02
   1.2200000e+02   2.0600000e+02   9.4623222e+00
   1.3000000e+02   2.3900000e+02   5.9036243e+01
   1.3400000e+02   1.8100000e+02   1.4036243e+01
   1.3900000e+02   1.9100000e+02   1.7523636e+02
   1.4300000e+02   1.7200000e+02   2.6565051e+01
   1.5300000e+02   1.5700000e+02   1.1309932e+01
   1.6300000e+02   1.5900000e+02  -1.6869007e+02
   1.7400000e+02   2.0300000e+02   4.5000000e+01
   1.7500000e+02   2.3300000e+02   6.9443955e+01
   1.8900000e+02   2.2200000e+02   4.5000000e+01
   2.0300000e+02   8.4000000e+01   1.8000000e+02
   2.0500000e+02   1.7500000e+02  -1.4313010e+02
