   1.2300000e+02   2.0500000e+02   1.2980557e+02
   1.2400000e+02   1.4500000e+02  -3.3690068e+01
   1.4500000e+02   2.3500000e+02  -5.6309932e+01
   1.4500000e+02   3.2700000e+02  -3.0256437e+01
   1.7400000e+02   5.8000000e+01   1.4974356e+02
   1.7700000e+02   4.4000000e+01  -6.3401917e+00
   1.7700000e+02   1.9100000e+02  -5.0194429e+01
   1.9500000e+02   7.4000000e+01   1.4974356e+02
   2.0100000e+02   2.5700000e+02  -5.6309932e+01
   2.0700000e+02   1.1800000e+02   1.5343495e+02
   2.1500000e+02   1.7400000e+02   0.0000000e+00
   2.1600000e+02   1.1400000e+02  -1.4036243e+01
   2.2200000e+02   1.8000000e+02   1.5738014e+02
   2.3800000e+02   1.3400000e+02   1.7523636e+02
   2.4900000e+02   7.5000000e+01   1.7523636e+02
   2.5300000e+02   5.3000000e+01   1.8000000e+02
   2.5700000e+02   7.5000000e+01   2.2619865e+01
   2.5700000e+02   2.4400000e+02   1.0403624e+02
   2.6100000e+02   5.4000000e+01   0.0000000e+00
   2.7200000e+02   1.5000000e+02   3.6869898e+01
   2.7900000e+02   1.4500000e+02  -1.4974356e+02
   2.8700000e+02   2.1200000e+02  -1.1261986e+02
   2.9800000e+02   2.9900000e+02   7.5963757e+01
   3.0200000e+02   1.5900000e+02   4.7726311e+01
   3.0800000e+02   2.6600000e+02  -1.0669924e+02
   3.1200000e+02   1.8300000e+02   5.9743563e+01
   3.1600000e+02   2.4400000e+02  -1.0843495e+02
   3.1900000e+02   1.9600000e+02  -1.1656505e+02
   3.2100000e+02   1.4600000e+02  -1.3748955e+02
   1.5100000e+02   1.7700000e+02   1.2600000e+02
   1.6000000e+02   1.7600000e+02  -4.8000000e+01
   1.9400000e+02   1.4400000e+02   1.4000000e+02
   2.0400000e+02   1.7900000e+02  -4.5000000e+01
   2.3300000e+02   2.2600000e+02  -9.0000000e+01
   2.5600000e+02   1.2200000e+02  -1.6600000e+02
