   7.7000000e+01   2.4600000e+02  -4.5000000e+01
   7.9000000e+01   2.7400000e+02  -3.2471192e+01
   8.2000000e+01   2.9800000e+02   1.7287498e+02
   8.7000000e+01   3.1300000e+02  -1.4036243e+01
   9.7000000e+01   1.6000000e+02   1.2369007e+02
   1.0100000e+02   3.2200000e+02  -2.6565051e+01
   1.2500000e+02   2.7900000e+02  -3.0256437e+01
   1.2600000e+02   3.2200000e+02  -6.3401917e+00
   1.2700000e+02   3.3000000e+02   1.7053768e+02
   1.5400000e+02   9.1000000e+01   1.4019443e+02
   1.7800000e+02   6.8000000e+01   1.4630993e+02
   1.7900000e+02   2.0800000e+02  -5.9743563e+01
   1.7900000e+02   3.0800000e+02  -9.4623222e+00
   1.8700000e+02   6.4000000e+01  -1.8434949e+01
   1.9600000e+02   1.3100000e+02   1.5343495e+02
   1.9700000e+02   2.9700000e+02  -1.8434949e+01
   2.1200000e+02   2.8100000e+02   1.4752881e+02
   2.2400000e+02   2.3000000e+01   1.4036243e+01
   2.2900000e+02   1.3800000e+02   6.0945396e+01
   2.3500000e+02   6.9000000e+01   1.8000000e+02
   2.4300000e+02   7.4000000e+01   2.2619865e+01
   2.4300000e+02   9.8000000e+01   3.0256437e+01
   2.5200000e+02   9.3000000e+01  -1.5343495e+02
   2.5900000e+02   1.0000000e+02   3.6869898e+01
   2.6200000e+02   1.6000000e+02  -1.1261986e+02
   2.7400000e+02   2.3200000e+02  -9.5710593e+01
   2.7600000e+02   2.0200000e+02  -1.0843495e+02
   2.8700000e+02   1.2900000e+02   5.9743563e+01
   2.8700000e+02   1.6000000e+02  -1.1656505e+02
   1.2600000e+02   1.3000000e+02   1.2600000e+02
   1.3600000e+02   1.2600000e+02  -5.1000000e+01
   1.5100000e+02   2.9000000e+02   1.5500000e+02
   1.6600000e+02   9.5000000e+01   1.3700000e+02
   2.0800000e+02   1.7600000e+02  -1.2300000e+02
   2.2700000e+02   7.0000000e+01  -1.7100000e+02
   2.3900000e+02   1.2400000e+02  -1.4100000e+02
