   1.0200000e+02   3.0000000e+02  -5.0194429e+01
   1.1500000e+02   2.2400000e+02   1.3251045e+02
   1.2100000e+02   1.9200000e+02  -4.5000000e+01
   1.2500000e+02   1.1400000e+02  -3.6869898e+01
   1.4500000e+02   6.7000000e+01  -2.6565051e+01
   1.7000000e+02   7.5000000e+01   1.5343495e+02
   1.7400000e+02   5.9000000e+01  -2.2619865e+01
   1.7700000e+02   1.5900000e+02   1.4630993e+02
   1.7800000e+02   3.1000000e+01  -3.3690068e+01
   1.9100000e+02   9.2000000e+01   1.5343495e+02
   1.9400000e+02   2.7800000e+02  -5.6309932e+01
   2.0300000e+02   1.3700000e+02   1.5343495e+02
   2.1100000e+02   1.3400000e+02  -1.4036243e+01
   2.1400000e+02   4.5000000e+01   1.5738014e+02
   2.1600000e+02   2.0100000e+02   1.5738014e+02
   2.2200000e+02   1.8000000e+02   1.7428941e+02
   2.2700000e+02   6.0000000e+01   1.6596376e+02
   2.3200000e+02   1.5400000e+02   1.7523636e+02
   2.3300000e+02   5.1000000e+01  -4.7636417e+00
   2.4500000e+02   9.4000000e+01   1.7523636e+02
   2.4600000e+02   2.6400000e+02   1.0669924e+02
   2.4800000e+02   2.1100000e+02   7.3300756e+01
   2.6000000e+02   1.4200000e+02  -1.7523636e+02
   2.6800000e+02   1.4700000e+02   3.0256437e+01
   2.7500000e+02   1.6700000e+02  -1.4974356e+02
   2.8000000e+02   5.3000000e+01  -1.7523636e+02
   2.8000000e+02   2.3300000e+02  -1.0843495e+02
   2.8200000e+02   1.7500000e+02   3.6869898e+01
   2.8200000e+02   1.9100000e+02   5.5007980e+01
   2.8400000e+02   2.6000000e+02   9.0000000e+01
   3.0800000e+02   2.0400000e+02   6.3434949e+01
   3.1000000e+02   1.3900000e+02   3.6869898e+01
   3.1100000e+02   2.7000000e+02  -1.0843495e+02
   3.1500000e+02   1.5300000e+02  -1.3772631e+02
   3.2000000e+02   2.1000000e+02  -1.2369007e+02
   1.4500000e+02   1.9700000e+02   1.3200000e+02
   1.6200000e+02   3.5800000e+02   1.5700000e+02
   1.8900000e+02   1.6400000e+02   1.4300000e+02
   1.9800000e+02   3.1200000e+02   1.3500000e+02
   2.2600000e+02   2.4700000e+02  -1.2300000e+02
   2.5100000e+02   1.4200000e+02  -1.6600000e+02
   2.6000000e+02   1.9600000e+02  -1.4100000e+02
   2.8900000e+02   6.6000000e+01  -1.6600000e+02
   3.1700000e+02   1.6400000e+02  -1.4400000e+02
