   1.1200000e+02   1.3200000e+02   1.0998311e+02
   1.1600000e+02   1.7100000e+02   9.9462322e+01
   1.3600000e+02   8.4000000e+01   1.2247119e+02
   1.3600000e+02   1.1100000e+02  -5.6309932e+01
   1.3800000e+02   1.3200000e+02   1.1656505e+02
   1.4200000e+02   7.8000000e+01  -4.2510447e+01
   1.5500000e+02   8.9000000e+01   1.3772631e+02
   1.7000000e+02   1.9700000e+02   1.0403624e+02
   1.9000000e+02   9.0000000e+01  -2.2619865e+01
   1.9600000e+02   3.3400000e+02  -9.4763642e+01
   1.9700000e+02   3.4300000e+02   9.4763642e+01
   2.0400000e+02   3.5400000e+02  -9.0000000e+01
   2.2700000e+02   1.3300000e+02   1.4903624e+02
   2.2900000e+02   2.1000000e+02   1.1656505e+02
   2.3200000e+02   1.1600000e+02   1.7053768e+02
   2.3500000e+02   1.3200000e+02  -9.4623222e+00
   2.6000000e+02   1.9900000e+02   2.6565051e+01
   2.6500000e+02   2.9000000e+02  -9.0000000e+01
   2.6600000e+02   2.1700000e+02  -1.5138954e+02
   2.7000000e+02   3.4800000e+02  -8.0537678e+01
   2.7900000e+02   2.6400000e+02   8.0537678e+01
   2.8900000e+02   1.8100000e+02  -1.6156505e+02
   3.0600000e+02   2.2700000e+02   5.3130102e+01
   3.0900000e+02   3.5800000e+02  -6.3434949e+01
   3.3300000e+02   2.9300000e+02   8.5236358e+01
   1.7800000e+02   2.3500000e+02   1.0400000e+02
   1.8300000e+02   1.9400000e+02   1.0400000e+02
   2.1700000e+02   1.3900000e+02   1.5700000e+02
   2.6000000e+02   1.8000000e+02  -1.7100000e+02
   2.6500000e+02   2.2500000e+02  -1.5800000e+02
   2.6700000e+02   2.4300000e+02   5.0000000e+01
