   1.4100000e+02   2.5500000e+02   1.2369007e+02
   1.8300000e+02   1.0300000e+02   1.4974356e+02
   1.8700000e+02   6.1000000e+01  -3.9805571e+01
   2.0200000e+02   5.0000000e+01   1.4630993e+02
   2.0300000e+02   1.1900000e+02   1.4974356e+02
   2.1400000e+02   1.0200000e+02  -2.6565051e+01
   2.1600000e+02   3.1300000e+02  -5.9743563e+01
   2.4500000e+02   9.2000000e+01   1.6596376e+02
   2.5700000e+02   1.1300000e+02   0.0000000e+00
   2.6400000e+02   4.2000000e+01   1.7053768e+02
   2.6500000e+02   2.3600000e+02   6.3434949e+01
   2.7000000e+02   1.1400000e+02   4.7636417e+00
   2.8500000e+02   2.8200000e+02   8.5236358e+01
   2.9700000e+02   3.3300000e+02   9.9462322e+01
   3.0300000e+02   2.8300000e+02   8.0537678e+01
   3.0400000e+02   3.6000000e+02   1.0403624e+02
   3.0700000e+02   3.3900000e+02   8.0537678e+01
   3.1400000e+02   2.6400000e+02   7.1565051e+01
   3.1900000e+02   3.3800000e+02   7.1565051e+01
   3.2000000e+02   1.5900000e+02   3.0256437e+01
   3.2300000e+02   3.5300000e+02  -1.0403624e+02
   3.3700000e+02   1.3300000e+02   2.2619865e+01
   3.3900000e+02   3.5400000e+02  -1.1656505e+02
   3.4000000e+02   2.1400000e+02   4.7489553e+01
   1.0700000e+02   2.8400000e+02  -4.5000000e+01
   1.7000000e+02   3.3600000e+02   1.2600000e+02
   1.7400000e+02   6.0000000e+01   1.4600000e+02
   1.9600000e+02   1.8600000e+02  -3.7000000e+01
   1.9600000e+02   2.8700000e+02   1.1200000e+02
   2.0400000e+02   1.9200000e+02   1.4000000e+02
   2.2300000e+02   3.4600000e+02   1.2900000e+02
   2.3900000e+02   2.6500000e+02   1.5300000e+02
   2.4300000e+02   2.2400000e+02  -1.7600000e+02
   2.4600000e+02   2.7600000e+02  -1.2700000e+02
   2.6300000e+02   1.6600000e+02  -1.7100000e+02
   2.6900000e+02   2.8300000e+02   1.0400000e+02
   2.7500000e+02   2.2200000e+02  -1.3800000e+02
   2.8100000e+02   2.1400000e+02  -1.4400000e+02
   2.9000000e+02   3.5500000e+02   1.2300000e+02
   3.0200000e+02   2.9800000e+02  -1.0900000e+02
   3.4300000e+02   2.5500000e+02  -1.2400000e+02
