   1.0700000e+02   2.4300000e+02  -5.9743563e+01
   1.5700000e+02   2.2100000e+02  -5.6309932e+01
   1.9300000e+02   9.7000000e+01   1.4630993e+02
   1.9500000e+02   5.3000000e+01  -3.6869898e+01
   1.9600000e+02   8.1000000e+01  -2.6565051e+01
   2.1400000e+02   1.1400000e+02   1.4974356e+02
   2.2400000e+02   9.6000000e+01  -3.0256437e+01
   2.2900000e+02   3.1400000e+02  -5.6309932e+01
   2.5300000e+02   8.5000000e+01   1.6596376e+02
   2.7800000e+02   1.0500000e+02   4.7636417e+00
   2.7800000e+02   2.3400000e+02   6.7380135e+01
   2.9700000e+02   2.8300000e+02   9.0000000e+01
   3.0800000e+02   3.3300000e+02   9.9462322e+01
   3.1500000e+02   2.8100000e+02   8.0537678e+01
   3.1500000e+02   3.6000000e+02   1.0403624e+02
   3.1800000e+02   3.3800000e+02   8.5236358e+01
   3.2600000e+02   2.6200000e+02   6.6037511e+01
   3.3000000e+02   1.4800000e+02   3.0256437e+01
   3.3000000e+02   3.3800000e+02   7.5963757e+01
   1.0600000e+02   2.7200000e+02   1.2600000e+02
   1.0800000e+02   2.2100000e+02  -4.5000000e+01
   1.0800000e+02   3.0200000e+02  -5.2000000e+01
   1.2900000e+02   3.2300000e+02   1.3500000e+02
   1.3600000e+02   1.0000000e+02  -9.0000000e+01
   1.4600000e+02   2.4300000e+02   1.2900000e+02
   1.4900000e+02   3.6000000e+02   1.1800000e+02
   1.6700000e+02   2.9400000e+02   1.2300000e+02
   1.7100000e+02   2.6900000e+02   1.1200000e+02
   1.8000000e+02   8.2000000e+01   1.3800000e+02
   1.8300000e+02   3.3900000e+02   1.2300000e+02
   2.0700000e+02   2.9500000e+02   1.1600000e+02
   2.1100000e+02   1.8300000e+02  -3.7000000e+01
   2.1800000e+02   1.9000000e+02   1.3700000e+02
   2.3600000e+02   3.4800000e+02   1.2600000e+02
   2.4700000e+02   2.2400000e+02  -5.0000000e+00
   2.5300000e+02   2.6600000e+02   1.5700000e+02
   2.5900000e+02   2.7500000e+02  -1.3200000e+02
   2.7500000e+02   1.6100000e+02  -1.7600000e+02
   2.7600000e+02   2.5400000e+02   6.5000000e+01
   2.8900000e+02   2.2000000e+02  -1.3800000e+02
   2.9300000e+02   2.1000000e+02  -1.4400000e+02
