   1.3900000e+02   2.6600000e+02  -5.2125016e+01
   1.4800000e+02   3.0500000e+02  -5.3972627e+01
   1.7700000e+02   3.0200000e+02   1.2369007e+02
   1.8900000e+02   1.0600000e+02   1.4752881e+02
   2.2100000e+02   3.1100000e+02  -5.6309932e+01
   2.3900000e+02   8.1000000e+01   1.6156505e+02
   2.4700000e+02   3.5300000e+02  -4.5000000e+01
   2.5100000e+02   2.9000000e+02  -8.5236358e+01
   2.8100000e+02   1.1600000e+02   1.5255119e+01
   2.8300000e+02   8.9000000e+01  -1.7523636e+02
   2.8700000e+02   3.4600000e+02  -6.1389540e+01
   2.9100000e+02   2.8300000e+02   9.0000000e+01
   2.3900000e+02   3.1200000e+02   1.2300000e+02
