   1.0400000e+02   2.6500000e+02  -5.1340192e+01
   1.1200000e+02   2.5500000e+02   1.2865981e+02
   1.1300000e+02   3.0200000e+02  -5.0710593e+01
   1.1700000e+02   2.2100000e+02  -5.0710593e+01
   1.5900000e+02   1.0800000e+02   1.5138954e+02
   1.8000000e+02   3.5700000e+02  -5.3972627e+01
   1.8100000e+02   1.2200000e+02   1.4974356e+02
   1.8800000e+02   3.0900000e+02  -5.6309932e+01
   1.8900000e+02   2.2400000e+02   1.4313010e+02
   1.9400000e+02   1.0400000e+02  -1.8434949e+01
   2.3500000e+02   1.9900000e+02  -1.7053768e+02
   2.5200000e+02   1.2000000e+02   9.4623222e+00
   2.6600000e+02   1.6100000e+02  -1.5343495e+02
   2.7200000e+02   3.4900000e+02  -8.0537678e+01
   2.7300000e+02   1.5500000e+02  -1.5343495e+02
   2.7300000e+02   1.6600000e+02   3.0256437e+01
   2.8100000e+02   1.6100000e+02   3.9289407e+01
   2.8500000e+02   1.0000000e+02  -1.6156505e+02
   2.9600000e+02   1.2600000e+02  -1.5738014e+02
   3.0600000e+02   1.8300000e+02  -1.3500000e+02
   1.6100000e+02   1.0000000e+02   1.6500000e+02
   2.4100000e+02   1.6900000e+02  -1.6600000e+02
