   9.7000000e+01   2.6400000e+02  -1.1180141e+02
   1.1900000e+02   2.8300000e+02  -3.9289407e+01
   1.1900000e+02   3.5600000e+02   0.0000000e+00
   1.2900000e+02   3.4700000e+02  -9.4623222e+00
   1.3500000e+02   1.2600000e+02   1.3251045e+02
   1.5800000e+02   1.3700000e+02   1.2369007e+02
   1.6400000e+02   2.6000000e+02  -5.9743563e+01
   1.6600000e+02   1.5900000e+02   1.3198721e+02
   1.6900000e+02   2.7100000e+02   1.1261986e+02
   1.7100000e+02   2.8200000e+02  -6.3434949e+01
   1.7500000e+02   3.3400000e+02  -3.0256437e+01
   1.7900000e+02   3.1700000e+02  -4.2510447e+01
   1.8100000e+02   1.7400000e+02  -5.3130102e+01
   2.0100000e+02   7.3000000e+01  -4.5000000e+01
   2.0900000e+02   2.6800000e+02   1.2686990e+02
   2.1200000e+02   3.1600000e+02  -4.7726311e+01
   2.3100000e+02   6.3000000e+01  -2.1801409e+01
   2.3700000e+02   2.6300000e+02   1.1261986e+02
   2.4500000e+02   7.7000000e+01   1.3500000e+02
   2.5200000e+02   1.6200000e+02   1.6596376e+02
   2.6100000e+02   2.2600000e+02   1.8000000e+02
   2.8700000e+02   2.2100000e+02  -7.3300756e+01
   2.8900000e+02   3.0300000e+02  -9.7125016e+01
   1.2500000e+02   1.2300000e+02   1.2800000e+02
   1.3100000e+02   1.0400000e+02  -4.2000000e+01
   1.4900000e+02   3.1800000e+02  -2.7000000e+01
   1.5700000e+02   3.5200000e+02   1.7000000e+02
   1.6100000e+02   1.5100000e+02   1.2900000e+02
   1.8600000e+02   3.3700000e+02   1.5700000e+02
   1.9300000e+02   2.0600000e+02   1.2000000e+02
   1.9700000e+02   3.1100000e+02   1.4600000e+02
   2.4400000e+02   1.5500000e+02   1.4900000e+02
   2.9100000e+02   2.9400000e+02  -5.4000000e+01
