   8.1000000e+01   2.6200000e+02  -1.4036243e+01
   8.2000000e+01   1.6700000e+02  -5.9743563e+01
   8.4000000e+01   2.1700000e+02   1.5343495e+02
   8.7000000e+01   1.8000000e+02   1.2025644e+02
   8.9000000e+01   1.9100000e+02  -6.3434949e+01
   8.9000000e+01   2.7600000e+02  -9.4623222e+00
   9.4000000e+01   2.4200000e+02  -3.0256437e+01
   1.0800000e+02   2.4700000e+02  -1.4036243e+01
   1.2700000e+02   1.7400000e+02   1.2025644e+02
   1.4900000e+02   7.4000000e+01  -2.2619865e+01
   1.5500000e+02   1.6900000e+02   1.1261986e+02
   1.5900000e+02   3.1000000e+02  -1.8434949e+01
   1.6700000e+02   6.9000000e+01   1.7053768e+02
   1.7800000e+02   1.3200000e+02   1.8000000e+02
   1.9100000e+02   2.4700000e+02   1.5138954e+02
   1.9900000e+02   4.5000000e+01   0.0000000e+00
   2.0000000e+02   2.4200000e+02  -4.2510447e+01
   2.0500000e+02   2.0800000e+02  -8.4289407e+01
   2.0800000e+02   1.1700000e+02   1.2200538e+02
   2.1100000e+02   1.7400000e+02   1.1656505e+02
   2.2400000e+02   1.8200000e+02   1.0843495e+02
   2.3100000e+02   1.5100000e+02   8.5236358e+01
   2.4100000e+02   7.2000000e+01   5.0194429e+01
   2.5000000e+02   6.3000000e+01  -1.3163354e+02
   2.5000000e+02   1.2600000e+02   7.0016893e+01
   2.7300000e+02   2.1700000e+02   9.9462322e+01
   1.5100000e+02   1.4500000e+02  -5.1000000e+01
   1.5800000e+02   6.1000000e+01   1.4700000e+02
   1.8100000e+02   1.4600000e+02   5.9000000e+01
   2.0800000e+02   1.9800000e+02  -6.0000000e+01
   2.1000000e+02   2.1000000e+01  -1.6600000e+02
   2.2100000e+02   1.9700000e+02   1.2600000e+02
   2.2400000e+02   1.3800000e+02  -1.1300000e+02
   2.3200000e+02   2.6000000e+02   1.4600000e+02
   2.6400000e+02   1.0200000e+02  -1.2400000e+02
