   9.5000000e+01   2.7000000e+02  -3.6027373e+01
   9.5000000e+01   2.9700000e+02  -2.6565051e+01
   9.5000000e+01   3.3300000e+02  -9.4623222e+00
   1.0400000e+02   2.1900000e+02   1.2369007e+02
   1.1100000e+02   2.8900000e+02   1.5343495e+02
   1.1900000e+02   3.2000000e+02  -1.8434949e+01
   1.2100000e+02   2.2400000e+02  -6.3434949e+01
   1.2500000e+02   2.3700000e+02   1.1656505e+02
   1.2600000e+02   3.3400000e+02  -9.4623222e+00
   1.2700000e+02   2.4700000e+02  -6.3434949e+01
   1.3100000e+02   2.9900000e+02  -3.3690068e+01
   1.3300000e+02   1.4100000e+02  -4.7726311e+01
   1.6600000e+02   2.2900000e+02   1.2025644e+02
   1.8100000e+02   1.8700000e+02  -5.3130102e+01
   1.8700000e+02   1.3300000e+02  -2.6565051e+01
   1.9300000e+02   2.2500000e+02   1.1261986e+02
   2.0600000e+02   1.2600000e+02   1.6596376e+02
   2.1700000e+02   1.8700000e+02   1.8000000e+02
   2.3000000e+02   3.0500000e+02   1.5138954e+02
   2.3800000e+02   3.1700000e+02   0.0000000e+00
   2.4300000e+02   2.6800000e+02  -8.4289407e+01
   2.4900000e+02   2.3300000e+02   1.1656505e+02
   2.6300000e+02   2.4100000e+02   1.1261986e+02
   9.0000000e+01   2.5100000e+02   1.3800000e+02
   1.4300000e+02   3.0000000e+02   1.4900000e+02
   1.5300000e+02   2.7400000e+02   1.4100000e+02
   1.9600000e+02   1.1900000e+02   1.4300000e+02
   2.2000000e+02   2.0200000e+02   6.1000000e+01
   2.4000000e+02   2.4700000e+02   1.2600000e+02
   2.4500000e+02   2.5700000e+02  -5.4000000e+01
   2.5800000e+02   2.5800000e+02   1.2600000e+02
