   6.3000000e+01   2.9900000e+02   0.0000000e+00
   6.8000000e+01   2.9100000e+02  -4.7636417e+00
   7.3000000e+01   2.7500000e+02  -1.4036243e+01
   1.0300000e+02   2.0900000e+02   1.5738014e+02
   1.0800000e+02   3.1300000e+02  -1.4036243e+01
   1.2500000e+02   2.3500000e+02   0.0000000e+00
   1.4800000e+02   1.7000000e+02  -9.4623222e+00
   1.4800000e+02   3.4100000e+02  -5.6309932e+01
   1.5100000e+02   1.4600000e+02   1.7523636e+02
   1.6200000e+02   3.6000000e+02  -3.0256437e+01
   1.6800000e+02   3.4900000e+02   1.6156505e+02
   1.7200000e+02   2.6100000e+02  -1.4500798e+02
   1.7900000e+02   3.3100000e+02   1.4313010e+02
   1.9200000e+02   2.0000000e+02   1.8434949e+01
   2.0400000e+02   3.1000000e+02   1.2369007e+02
   2.0900000e+02   2.0600000e+02  -1.5738014e+02
   2.3500000e+02   3.0100000e+02   1.1261986e+02
   2.4100000e+02   1.1400000e+02   1.4036243e+01
   2.6400000e+02   2.5000000e+02   9.4763642e+01
   2.8800000e+02   1.5600000e+02  -1.4974356e+02
   2.9900000e+02   1.6900000e+02   5.3972627e+01
   3.1600000e+02   2.2200000e+02  -1.0403624e+02
   1.0500000e+02   2.3700000e+02   1.6100000e+02
   1.1800000e+02   3.2800000e+02   1.8000000e+02
   1.2700000e+02   2.9900000e+02   1.6000000e+02
   1.2800000e+02   3.3700000e+02  -1.7100000e+02
   1.4800000e+02   2.8400000e+02   1.2900000e+02
   1.5500000e+02   2.7400000e+02   1.6500000e+02
   1.5600000e+02   3.3300000e+02  -1.1000000e+01
   1.6600000e+02   3.4100000e+02   1.6100000e+02
   1.7300000e+02   2.4700000e+02  -1.5000000e+02
   1.8000000e+02   2.7600000e+02   1.1200000e+02
   1.8200000e+02   2.4200000e+02   5.9000000e+01
   2.0000000e+02   2.7600000e+02   1.0400000e+02
   2.0800000e+02   1.9600000e+02  -1.7100000e+02
   3.1700000e+02   1.5300000e+02  -1.3300000e+02
