   9.7000000e+01   2.0800000e+02   1.2369007e+02
   1.0800000e+02   2.8600000e+02   1.1261986e+02
   1.0800000e+02   3.2600000e+02   1.0843495e+02
   1.1100000e+02   3.3700000e+02  -6.7380135e+01
   1.2600000e+02   1.5400000e+02  -3.6869898e+01
   1.2700000e+02   2.9400000e+02  -6.3434949e+01
   1.4800000e+02   3.1900000e+02   1.2025644e+02
   1.6600000e+02   2.1600000e+02  -2.2619865e+01
   1.7200000e+02   2.2800000e+02  -1.4036243e+01
   1.7800000e+02   3.5900000e+02  -6.1389540e+01
   1.8300000e+02   2.1000000e+02   1.6596376e+02
   2.0100000e+02   3.0500000e+02  -1.3500000e+02
   2.2600000e+02   3.5300000e+02  -9.6340192e+01
   2.4300000e+02   3.2700000e+02   1.0403624e+02
   2.4500000e+02   3.5000000e+02   1.2686990e+02
   2.4900000e+02   2.9300000e+02   8.5236358e+01
   2.5400000e+02   2.1000000e+02   5.2125016e+01
   2.6700000e+02   3.5700000e+02  -7.1565051e+01
   2.7400000e+02   3.2900000e+02   9.7125016e+01
   2.7500000e+02   2.9300000e+02  -1.0843495e+02
   2.7500000e+02   3.0100000e+02   7.5963757e+01
   2.8500000e+02   3.0800000e+02  -9.4763642e+01
   9.1000000e+01   3.2100000e+02   1.2900000e+02
   9.4000000e+01   2.6500000e+02   1.1200000e+02
   1.0700000e+02   2.4300000e+02   1.2300000e+02
   1.1800000e+02   2.7600000e+02   1.0800000e+02
   1.5200000e+02   3.2600000e+02   1.1600000e+02
   1.5500000e+02   1.7900000e+02   1.3700000e+02
   1.5600000e+02   3.1400000e+02   1.0800000e+02
   1.6100000e+02   2.3600000e+02   1.3200000e+02
   1.6300000e+02   2.9900000e+02   1.1200000e+02
   1.6900000e+02   3.2700000e+02   1.1600000e+02
   1.7500000e+02   2.0200000e+02   1.4600000e+02
   1.7500000e+02   2.6500000e+02  -1.0000000e+01
   1.9200000e+02   3.0900000e+02  -9.0000000e+01
   2.1900000e+02   2.7900000e+02  -1.2700000e+02
   2.2700000e+02   3.4300000e+02  -5.7000000e+01
   2.3300000e+02   3.3400000e+02   1.2900000e+02
   2.4000000e+02   3.4100000e+02   1.2000000e+02
   2.6600000e+02   2.5300000e+02  -1.2100000e+02
