   1.2100000e+02   3.0800000e+02  -3.6869898e+01
   1.4300000e+02   1.4500000e+02   1.4974356e+02
   1.6600000e+02   1.6200000e+02   1.2686990e+02
   2.1200000e+02   1.0400000e+02  -3.0256437e+01
   2.6700000e+02   8.7000000e+01   1.6156505e+02
   2.9600000e+02   3.3600000e+02  -7.5963757e+01
   3.4600000e+02   3.0300000e+02   9.4763642e+01
   1.1400000e+02   2.4800000e+02  -4.0000000e+01
   1.2800000e+02   2.0300000e+02   1.2600000e+02
   1.2800000e+02   2.8600000e+02  -3.7000000e+01
   1.4000000e+02   1.3600000e+02   1.4600000e+02
   1.4100000e+02   3.6000000e+02  -1.0000000e+01
   1.4300000e+02   1.8400000e+02  -3.4000000e+01
   1.5400000e+02   2.0800000e+02   1.3700000e+02
   1.5700000e+02   2.3700000e+02   1.2300000e+02
   1.8100000e+02   1.5200000e+02   1.2300000e+02
   1.8100000e+02   3.5900000e+02   1.5300000e+02
   1.9100000e+02   1.1100000e+02   1.4000000e+02
   2.0200000e+02   1.1800000e+02  -3.1000000e+01
   2.0500000e+02   1.4600000e+02  -3.4000000e+01
   2.0500000e+02   2.1100000e+02   1.3500000e+02
   2.0700000e+02   1.9600000e+02   1.3800000e+02
   2.1500000e+02   1.5100000e+02   1.3700000e+02
   2.1600000e+02   1.9800000e+02   1.2900000e+02
   2.1800000e+02   2.2500000e+02  -7.2000000e+01
   2.2300000e+02   2.3300000e+02  -4.8000000e+01
   2.2500000e+02   2.1600000e+02  -4.0000000e+01
   2.2800000e+02   1.8700000e+02  -4.5000000e+01
   2.4600000e+02   2.0000000e+02  -1.5000000e+01
   2.5200000e+02   2.5900000e+02   1.5800000e+02
   2.6400000e+02   2.3600000e+02   9.0000000e+00
   2.7300000e+02   3.1300000e+02   1.4600000e+02
   2.8100000e+02   3.5500000e+02   1.5700000e+02
   2.9900000e+02   3.2400000e+02  -5.7000000e+01
   3.0600000e+02   3.3200000e+02   1.3500000e+02
   3.2800000e+02   1.8200000e+02  -1.4700000e+02
   3.3100000e+02   2.4000000e+02  -1.2100000e+02
