   9.7000000e+01   2.3200000e+02  -4.7726311e+01
   1.0300000e+02   3.2000000e+02  -4.2273689e+01
   1.1900000e+02   2.0200000e+02   1.4071059e+02
   1.5200000e+02   1.7000000e+02   1.3227369e+02
   2.0100000e+02   1.1600000e+02  -1.9983107e+01
   2.2500000e+02   3.5600000e+02  -4.7489553e+01
   2.5900000e+02   8.2000000e+01  -3.9805571e+01
   2.9600000e+02   3.4800000e+02   1.2928941e+02
   3.1200000e+02   2.0800000e+02   4.7726311e+01
   1.0000000e+02   2.9100000e+02   1.3200000e+02
   1.0300000e+02   3.5200000e+02   1.5300000e+02
   1.0600000e+02   2.3500000e+02   1.4700000e+02
   1.0600000e+02   3.3600000e+02   1.4000000e+02
   1.0900000e+02   2.9800000e+02  -6.9000000e+01
   1.3700000e+02   3.0700000e+02   1.3800000e+02
   1.4700000e+02   3.4300000e+02  -1.7100000e+02
   1.4900000e+02   2.0500000e+02  -6.2000000e+01
   1.5500000e+02   2.4500000e+02  -4.8000000e+01
   1.5800000e+02   1.3600000e+02   1.3700000e+02
   1.6100000e+02   3.5800000e+02  -6.9000000e+01
   1.6300000e+02   2.3700000e+02   1.3500000e+02
   1.6600000e+02   1.6300000e+02   1.2600000e+02
   1.7300000e+02   2.0400000e+02   1.2300000e+02
   1.7700000e+02   8.8000000e+01   1.3700000e+02
   1.8400000e+02   1.3400000e+02   1.4000000e+02
   1.8400000e+02   1.6500000e+02   1.4000000e+02
   2.0300000e+02   1.2400000e+02  -5.6000000e+01
   2.1500000e+02   3.5800000e+02   1.4000000e+02
   2.2500000e+02   2.2700000e+02  -9.0000000e+01
   2.3600000e+02   1.2400000e+02   1.5700000e+02
   2.4600000e+02   2.5100000e+02   1.4000000e+01
   2.6100000e+02   1.9300000e+02   1.8000000e+02
   3.0900000e+02   3.2600000e+02   1.0800000e+02
