   1.1300000e+02   2.1300000e+02  -5.2125016e+01
   1.2200000e+02   1.5000000e+02  -5.7528808e+01
   1.2300000e+02   2.7500000e+02  -2.6565051e+01
   1.2400000e+02   3.0600000e+02   0.0000000e+00
   1.3200000e+02   1.6900000e+02  -6.3434949e+01
   1.4200000e+02   9.1000000e+01   1.2602737e+02
   1.5300000e+02   7.1000000e+01  -4.5000000e+01
   1.5600000e+02   2.8800000e+02   1.6596376e+02
   1.6300000e+02   3.4300000e+02  -1.7523636e+02
   1.6400000e+02   2.8800000e+02  -2.1801409e+01
   1.6800000e+02   2.9500000e+02  -4.7636417e+00
   2.2000000e+02   1.1100000e+02   1.5343495e+02
   2.3000000e+02   1.0900000e+02   4.7636417e+00
   2.3100000e+02   2.2100000e+02   1.4500798e+02
   2.6200000e+02   2.3600000e+02  -9.0000000e+01
   2.6500000e+02   6.1000000e+01  -1.6596376e+02
   2.9800000e+02   2.0100000e+02   9.4763642e+01
   3.1100000e+02   2.1600000e+02   9.7125016e+01
   1.4100000e+02   2.2800000e+02   1.3500000e+02
   1.4500000e+02   2.4900000e+02   1.3800000e+02
   1.8400000e+02   2.1500000e+02   1.2600000e+02
   2.4400000e+02   1.3100000e+02  -1.5900000e+02
   2.6400000e+02   2.2600000e+02  -5.8000000e+01
   2.9500000e+02   2.1600000e+02   1.0800000e+02
