   8.5000000e+01   2.4400000e+02  -4.2510447e+01
   8.6000000e+01   2.1200000e+02  -5.6309932e+01
   9.8000000e+01   2.5100000e+02  -1.8434949e+01
   1.2100000e+02   1.6500000e+02  -6.3434949e+01
   1.4900000e+02   1.9200000e+02  -1.7053768e+02
   1.5000000e+02   1.1100000e+02  -4.7489553e+01
   1.6000000e+02   6.9000000e+01   1.4974356e+02
   1.6000000e+02   3.3000000e+02  -1.6156505e+02
   1.9500000e+02   1.9400000e+02   7.5963757e+01
   1.9900000e+02   1.6500000e+02   6.7380135e+01
   1.9900000e+02   3.1200000e+02  -1.5343495e+02
   2.1500000e+02   2.2000000e+01   4.7636417e+00
   2.1900000e+02   2.9000000e+01  -1.6596376e+02
   2.2000000e+02   2.2300000e+02   4.5000000e+01
   2.2100000e+02   2.8100000e+02   1.8434949e+01
   2.2900000e+02   3.3400000e+02  -1.5343495e+02
   2.3200000e+02   1.3200000e+02   4.5000000e+01
   2.3200000e+02   2.7700000e+02  -1.4752881e+02
   2.3300000e+02   3.8000000e+01  -1.7053768e+02
   2.4300000e+02   2.6200000e+02  -1.3500000e+02
   2.4500000e+02   2.3700000e+02  -1.2980557e+02
   2.4900000e+02   3.2900000e+02   1.8434949e+01
   2.7600000e+02   9.0000000e+01  -1.5343495e+02
   2.8200000e+02   9.6000000e+01   4.7726311e+01
   2.8200000e+02   2.6600000e+02  -1.4071059e+02
   2.8900000e+02   2.7000000e+02   3.9289407e+01
   2.9200000e+02   1.1600000e+02   9.0000000e+01
   2.9500000e+02   9.8000000e+01  -1.3500000e+02
   2.9900000e+02   1.2400000e+02   6.0945396e+01
   3.0300000e+02   2.2800000e+02   3.9805571e+01
   3.0400000e+02   1.3300000e+02  -1.1905460e+02
   3.0800000e+02   1.5800000e+02  -1.1656505e+02
   1.0300000e+02   2.2900000e+02   1.4000000e+02
   1.2500000e+02   3.1500000e+02  -1.7100000e+02
   1.3100000e+02   2.2300000e+02   1.4600000e+02
   1.3600000e+02   1.8500000e+02   1.2300000e+02
   1.4200000e+02   1.9600000e+02   1.3200000e+02
   1.4600000e+02   2.5100000e+02   1.7000000e+02
   1.4900000e+02   1.7600000e+02  -5.7000000e+01
   1.6400000e+02   1.2900000e+02   1.3100000e+02
   1.6700000e+02   2.0900000e+02   1.3200000e+02
   1.7300000e+02   1.7300000e+02   1.2300000e+02
   1.8000000e+02   1.9100000e+02   9.9000000e+01
   2.2100000e+02   1.7100000e+02  -1.2700000e+02
   2.4500000e+02   2.0800000e+02   5.3000000e+01
   2.6000000e+02   2.0900000e+02   4.7000000e+01
   2.7800000e+02   2.9500000e+02  -1.5000000e+02
   2.9200000e+02   1.0700000e+02   4.2000000e+01
