   1.0900000e+02   2.0100000e+02  -6.3434949e+01
   1.3500000e+02   2.3000000e+02  -4.5000000e+01
   1.4300000e+02   1.0600000e+02   1.4313010e+02
   1.7500000e+02   4.8000000e+01   1.7523636e+02
   1.8400000e+02   2.3000000e+02   7.5963757e+01
   1.8500000e+02   1.9900000e+02   5.7528808e+01
   2.1000000e+02   3.1600000e+02   1.8434949e+01
   2.1400000e+02   7.2000000e+01  -1.7053768e+02
   2.2100000e+02   1.6600000e+02   4.7726311e+01
   2.2100000e+02   3.1300000e+02  -1.4397263e+02
   2.3300000e+02   2.9700000e+02  -1.3772631e+02
   2.3800000e+02   2.4000000e+01  -1.7523636e+02
   2.4400000e+02   3.0200000e+02  -1.3227369e+02
   2.4800000e+02   2.9500000e+02  -1.2602737e+02
   2.6200000e+02   5.4000000e+01  -1.5343495e+02
   2.6200000e+02   1.7100000e+02  -1.3801279e+02
   2.6400000e+02   2.0600000e+02  -1.2025644e+02
   2.6400000e+02   2.7700000e+02  -1.2928941e+02
   2.7000000e+02   8.9000000e+01  -1.4974356e+02
   2.7000000e+02   2.1200000e+02   5.6309932e+01
   2.7600000e+02   1.9200000e+02   5.3130102e+01
   2.8500000e+02   1.7300000e+02  -1.2247119e+02
   8.3000000e+01   1.2800000e+02  -4.5000000e+01
   1.1900000e+02   2.5900000e+02   1.4000000e+02
   1.2500000e+02   2.2300000e+02   1.2600000e+02
   1.3400000e+02   2.8700000e+02   1.6500000e+02
   1.3700000e+02   2.1100000e+02  -5.4000000e+01
   1.5000000e+02   1.6600000e+02   1.3200000e+02
   1.5600000e+02   2.4300000e+02   1.2900000e+02
   1.6200000e+02   2.0900000e+02   1.2400000e+02
   1.6900000e+02   2.2600000e+02   1.0400000e+02
   1.7300000e+02   3.8000000e+01   1.6500000e+02
   1.9800000e+02   1.6300000e+02  -1.5400000e+02
   2.3400000e+02   2.4200000e+02   5.3000000e+01
