   6.8000000e+01   2.0700000e+02  -5.3130102e+01
   1.0800000e+02   2.5200000e+02  -6.3434949e+01
   1.1000000e+02   3.4800000e+02   0.0000000e+00
   1.1800000e+02   3.4100000e+02  -9.4623222e+00
   1.2000000e+02   4.5000000e+01  -3.9805571e+01
   1.3600000e+02   2.0000000e+02  -4.7489553e+01
   1.3600000e+02   2.7900000e+02   1.4071059e+02
   1.4500000e+02   1.5800000e+02   1.4630993e+02
   1.6300000e+02   4.5000000e+01   1.6156505e+02
   1.6700000e+02   3.0000000e+01  -1.4036243e+01
   1.7900000e+02   1.0000000e+02   1.7053768e+02
   1.8300000e+02   2.8300000e+02   7.5963757e+01
   1.8500000e+02   5.2000000e+01   4.7636417e+00
   1.8600000e+02   2.5100000e+02   6.3434949e+01
   2.0100000e+02   1.1000000e+02   4.7636417e+00
   2.1200000e+02   3.5100000e+02  -1.4019443e+02
   2.1800000e+02   1.2600000e+02  -1.7053768e+02
   2.2100000e+02   2.1900000e+02   5.0194429e+01
   2.3500000e+02   3.3300000e+02  -1.4630993e+02
   2.4100000e+02   1.8800000e+02  -1.4630993e+02
   2.4500000e+02   3.2200000e+02   3.3690068e+01
   2.7700000e+02   2.1000000e+02  -1.3500000e+02
   8.5000000e+01   1.7800000e+02  -4.3000000e+01
   8.8000000e+01   3.1500000e+02   1.4900000e+02
   1.0900000e+02   7.2000000e+01   1.4900000e+02
   1.1300000e+02   1.4000000e+02   1.3700000e+02
   1.1500000e+02   1.2900000e+02   1.4900000e+02
   1.1600000e+02   3.1100000e+02   1.4600000e+02
   1.2400000e+02   2.9000000e+01  -3.3000000e+01
   1.2400000e+02   2.7400000e+02   1.2900000e+02
   1.2700000e+02   2.8500000e+02   1.3200000e+02
   1.3200000e+02   3.3900000e+02   1.7500000e+02
   1.3700000e+02   2.6300000e+02  -5.4000000e+01
   1.4900000e+02   2.8400000e+02   1.2000000e+02
   1.5100000e+02   2.1800000e+02   1.3500000e+02
   1.5500000e+02   2.9600000e+02   1.3100000e+02
   1.5700000e+02   1.7100000e+02  -1.9000000e+01
   1.6100000e+02   2.6100000e+02   1.2600000e+02
   1.6800000e+02   2.7900000e+02   1.0400000e+02
   1.7600000e+02   9.1000000e+01   1.6500000e+02
   1.9300000e+02   1.5800000e+02   1.8000000e+02
   1.9900000e+02   2.1700000e+02  -1.5000000e+02
   2.0900000e+02   2.6000000e+02  -1.2400000e+02
   2.1100000e+02   1.9200000e+02  -1.5400000e+02
   2.2300000e+02   7.4000000e+01   4.0000000e+00
   2.3300000e+02   2.9600000e+02   5.3000000e+01
