   9.2000000e+01   1.0600000e+02  -6.3434949e+01
   1.0400000e+02   1.5900000e+02  -8.0537678e+01
   1.2800000e+02   9.9000000e+01  -4.5000000e+01
   1.3100000e+02   4.1000000e+01   1.3748955e+02
   1.3400000e+02   1.6300000e+02   9.9462322e+01
   1.4000000e+02   8.7000000e+01   1.3251045e+02
   1.4200000e+02   2.5000000e+01   1.5343495e+02
   1.4500000e+02   2.1000000e+02  -8.5236358e+01
   1.4800000e+02   1.5000000e+02  -7.1565051e+01
   1.6000000e+02   4.3000000e+01   1.4630993e+02
   1.7100000e+02   2.9300000e+02  -5.6309932e+01
   1.7700000e+02   2.6500000e+02   1.1656505e+02
   1.9000000e+02   3.0200000e+02   0.0000000e+00
   1.9200000e+02   3.2000000e+01  -2.0556045e+01
   2.0400000e+02   1.4400000e+02   1.8000000e+02
   2.0700000e+02   3.8000000e+01   1.7053768e+02
   2.1000000e+02   1.6300000e+02   1.7523636e+02
   2.1100000e+02   9.8000000e+01   1.7523636e+02
   2.1200000e+02   1.4500000e+02   0.0000000e+00
   2.2100000e+02   1.6900000e+02   2.9054604e+01
   2.2600000e+02   2.8300000e+02  -9.4623222e+00
   2.4300000e+02   3.2600000e+02  -1.7523636e+02
   2.5100000e+02   3.2500000e+02   4.7636417e+00
   2.5200000e+02   8.5000000e+01  -1.7053768e+02
   2.7200000e+02   1.3000000e+02  -1.5343495e+02
   2.7200000e+02   1.6300000e+02  -1.4134019e+02
   2.7800000e+02   2.6800000e+02  -1.5343495e+02
   2.8200000e+02   2.5400000e+02  -1.5819859e+02
   2.8300000e+02   1.6800000e+02   4.1987212e+01
   1.6900000e+02   2.2600000e+02  -6.6000000e+01
   1.7100000e+02   1.6400000e+02   1.1200000e+02
   1.7700000e+02   2.0900000e+02   1.1200000e+02
   2.0300000e+02   1.8800000e+02   1.0900000e+02
   2.1300000e+02   2.1600000e+02  -1.1300000e+02
