   1.0100000e+02   2.6700000e+02   1.2369007e+02
   1.2400000e+02   3.3400000e+02  -6.3434949e+01
   1.2900000e+02   1.9800000e+02  -3.6027373e+01
   1.3300000e+02   2.8700000e+02   1.2369007e+02
   1.5200000e+02   2.8100000e+02  -4.7489553e+01
   1.5800000e+02   2.6600000e+02   1.3251045e+02
   1.9100000e+02   1.6400000e+02   1.7053768e+02
   1.9900000e+02   3.3900000e+02   6.7380135e+01
   2.2300000e+02   1.7900000e+02  -1.6969515e+02
   2.2700000e+02   2.6600000e+02  -1.5944395e+02
   2.3200000e+02   1.8600000e+02  -1.7523636e+02
   2.3400000e+02   3.0500000e+02   5.0194429e+01
   2.7400000e+02   2.6200000e+02  -1.4974356e+02
   2.8100000e+02   2.6800000e+02   5.3130102e+01
   2.9700000e+02   3.5200000e+02  -1.1656505e+02
   1.3800000e+02   3.6000000e+02   1.2900000e+02
   1.5100000e+02   3.4800000e+02  -5.4000000e+01
   1.6400000e+02   3.0300000e+02   1.2900000e+02
   1.7500000e+02   3.4800000e+02   1.2400000e+02
