   1.0900000e+02   1.6200000e+02   1.2247119e+02
   1.1800000e+02   2.5200000e+02  -3.9805571e+01
   1.3100000e+02   2.6000000e+02  -1.4036243e+01
   1.4000000e+02   3.5500000e+02  -1.5343495e+02
   1.5600000e+02   1.7100000e+02  -6.1389540e+01
   1.6700000e+02   2.6300000e+02  -9.4623222e+00
   1.8300000e+02   2.0100000e+02  -1.7053768e+02
   1.8600000e+02   1.2000000e+02  -4.2510447e+01
   1.9500000e+02   8.0000000e+01   1.4446232e+02
   2.2600000e+02   2.6000000e+02  -1.4071059e+02
   2.2900000e+02   2.0800000e+02   7.1565051e+01
   2.3200000e+02   1.7900000e+02   6.1389540e+01
   2.5500000e+02   2.9600000e+02   3.0256437e+01
   2.6200000e+02   3.2500000e+02  -1.4313010e+02
   2.6300000e+02   2.2500000e+02   5.6309932e+01
   2.6400000e+02   5.1000000e+01  -1.7053768e+02
   2.6800000e+02   1.4500000e+02   5.0194429e+01
   2.7500000e+02   3.1400000e+02  -1.2686990e+02
   2.8100000e+02   2.5000000e+02  -1.2553768e+02
   2.8700000e+02   6.2000000e+01  -1.6156505e+02
   2.9300000e+02   2.5000000e+02   5.9743563e+01
   2.9800000e+02   1.2600000e+02   4.2510447e+01
   3.0400000e+02   2.3900000e+02  -1.1180141e+02
   3.0700000e+02   1.2300000e+02  -1.3772631e+02
   3.1100000e+02   1.3700000e+02  -1.4019443e+02
   1.1200000e+02   2.7700000e+02   1.5700000e+02
   1.1600000e+02   2.6200000e+02   1.5300000e+02
   1.2000000e+02   2.2500000e+02   1.3500000e+02
   1.3200000e+02   3.0000000e+02   1.8000000e+02
   1.3300000e+02   1.0300000e+02  -4.5000000e+01
   1.3700000e+02   2.3600000e+02   1.4000000e+02
   1.5900000e+02   5.5000000e+01   1.4300000e+02
   1.6500000e+02   2.3100000e+02   1.4300000e+02
   1.7100000e+02   1.9400000e+02   1.2900000e+02
   1.7500000e+02   2.0400000e+02   1.2900000e+02
   1.7700000e+02   2.9300000e+02   9.0000000e+00
   1.8400000e+02   1.8500000e+02  -5.1000000e+01
   1.8600000e+02   3.5200000e+02   2.6000000e+01
   1.9900000e+02   1.4100000e+02   1.3500000e+02
   2.0100000e+02   2.2000000e+02   1.3500000e+02
   2.0400000e+02   3.0100000e+02  -1.6200000e+02
   2.0700000e+02   1.8600000e+02   1.2200000e+02
   2.1400000e+02   2.0500000e+02   1.0400000e+02
   2.1900000e+02   3.5100000e+02  -1.5800000e+02
   2.4300000e+02   8.4000000e+01  -1.7100000e+02
   2.5100000e+02   2.1800000e+02  -1.2100000e+02
   2.5600000e+02   1.8500000e+02  -1.3000000e+02
   2.5800000e+02   1.1800000e+02  -1.5400000e+02
   2.7100000e+02   1.0300000e+02  -1.6200000e+02
   2.8200000e+02   2.2300000e+02   5.3000000e+01
   2.9500000e+02   2.2300000e+02  -1.2400000e+02
   3.0400000e+02   2.1000000e+02  -1.1700000e+02
   3.0700000e+02   1.7800000e+02  -1.3000000e+02
