   1.4100000e+02   2.6000000e+02  -5.9743563e+01
   1.5400000e+02   1.7500000e+02   1.2686990e+02
   1.5500000e+02   2.3400000e+02   1.1656505e+02
   1.7000000e+02   2.9300000e+02  -5.6309932e+01
   1.7100000e+02   3.2400000e+02  -3.6027373e+01
   1.7700000e+02   1.7900000e+02   1.2686990e+02
   1.8300000e+02   3.3200000e+02  -9.4623222e+00
   1.9000000e+02   6.8000000e+01  -3.3690068e+01
   2.0300000e+02   2.4600000e+02  -6.3434949e+01
   2.2100000e+02   3.3400000e+02  -1.0304846e+01
   2.2800000e+02   1.9100000e+02  -5.0194429e+01
   2.8000000e+02   2.4200000e+02   5.3972627e+01
   2.8100000e+02   2.7300000e+02   6.7380135e+01
   2.9900000e+02   1.0900000e+02   1.8000000e+02
   3.0600000e+02   2.1900000e+02   4.7726311e+01
   3.0800000e+02   2.4700000e+02   4.5000000e+01
   3.1200000e+02   2.0500000e+02   3.9289407e+01
   3.1300000e+02   1.2500000e+02   1.7523636e+02
   3.2500000e+02   2.8700000e+02   5.6309932e+01
   3.3200000e+02   1.9900000e+02  -1.4446232e+02
   1.4400000e+02   2.2100000e+02   1.2000000e+02
   1.4900000e+02   2.1200000e+02   1.2000000e+02
   2.2100000e+02   2.6800000e+02   1.2600000e+02
   2.2400000e+02   3.5000000e+02   1.8000000e+02
   2.2600000e+02   2.7700000e+02   1.2600000e+02
   2.3300000e+02   2.5600000e+02  -6.0000000e+01
   2.4400000e+02   2.0900000e+02   1.2600000e+02
   2.5300000e+02   2.8800000e+02   1.2900000e+02
   2.5700000e+02   2.5300000e+02   1.2200000e+02
   2.7300000e+02   1.8900000e+02   1.6500000e+02
