   1.1500000e+02   2.0000000e+02  -6.3434949e+01
   1.1600000e+02   2.3200000e+02  -5.9743563e+01
   1.3600000e+02   1.8100000e+02  -5.0710593e+01
   1.4100000e+02   2.6200000e+02  -5.9743563e+01
   1.4400000e+02   4.9000000e+01   1.5738014e+02
   1.4500000e+02   2.7100000e+02   1.4313010e+02
   1.4700000e+02   5.8000000e+01  -1.4036243e+01
   1.6000000e+02   9.6000000e+01   1.6156505e+02
   2.2000000e+02   1.3000000e+02   0.0000000e+00
   2.2700000e+02   2.1500000e+02  -1.2553768e+02
   2.4300000e+02   1.5700000e+02  -4.5000000e+01
   2.5300000e+02   1.6500000e+02   0.0000000e+00
   2.5400000e+02   1.0600000e+02   0.0000000e+00
   2.5800000e+02   1.1500000e+02   5.1340192e+01
   2.7400000e+02   2.1700000e+02  -1.2686990e+02
