   9.6000000e+01   2.5100000e+02  -3.6869898e+01
   1.1300000e+02   3.2700000e+02  -1.4036243e+01
   1.3600000e+02   3.3700000e+02  -4.7636417e+00
   1.4500000e+02   1.5000000e+02  -5.6309932e+01
   1.6700000e+02   3.5700000e+02   1.5738014e+02
   1.9000000e+02   3.1700000e+02  -3.2471192e+01
   2.2000000e+02   7.1000000e+01   1.7523636e+02
   2.2000000e+02   3.1800000e+02  -1.4036243e+01
   2.2700000e+02   1.4000000e+02   4.7726311e+01
   2.3700000e+02   1.3900000e+02  -1.5555605e+02
   2.4000000e+02   1.6100000e+02  -1.0843495e+02
   2.4100000e+02   1.7000000e+02   9.4763642e+01
   2.5200000e+02   3.0400000e+02  -3.0256437e+01
   2.5400000e+02   1.3200000e+02   6.3434949e+01
   2.6200000e+02   2.5100000e+02   1.0403624e+02
   2.7000000e+02   1.7500000e+02   8.5236358e+01
   2.7300000e+02   1.0100000e+02   4.2273689e+01
   2.7700000e+02   2.0300000e+02   8.0537678e+01
   3.1200000e+02   1.2800000e+02  -1.1261986e+02
   8.5000000e+01   2.7800000e+02   1.4300000e+02
   8.9000000e+01   2.9900000e+02   1.5300000e+02
   1.1700000e+02   1.8700000e+02   1.2900000e+02
   1.4300000e+02   4.5000000e+01  -3.7000000e+01
   1.6000000e+02   2.8900000e+02   1.4600000e+02
   1.7500000e+02   3.5800000e+02   1.8000000e+02
   1.7600000e+02   5.9000000e+01   1.4600000e+02
   1.8400000e+02   3.4700000e+02   1.7500000e+02
   1.9400000e+02   1.6300000e+02   1.4600000e+02
   1.9600000e+02   1.8400000e+02   9.4000000e+01
   1.9800000e+02   1.3800000e+02   1.5300000e+02
   1.9800000e+02   2.0800000e+02   1.2900000e+02
   2.3000000e+02   1.8800000e+02   1.1200000e+02
   2.3400000e+02   9.6000000e+01  -1.7600000e+02
   2.3500000e+02   3.0100000e+02   1.4700000e+02
   2.7800000e+02   2.3400000e+02   9.0000000e+01
   2.9700000e+02   7.9000000e+01   4.5000000e+01
