   9.7000000e+01   3.0300000e+02  -2.6565051e+01
   1.0700000e+02   2.1400000e+02   1.3227369e+02
   1.1100000e+02   2.4500000e+02  -4.7489553e+01
   1.3100000e+02   1.0600000e+02  -5.0710593e+01
   1.3500000e+02   1.8300000e+02  -5.3972627e+01
   1.3600000e+02   1.7100000e+02   1.2369007e+02
   1.5200000e+02   3.0500000e+02  -3.6869898e+01
   1.5600000e+02   9.3000000e+01   1.4397263e+02
   1.7100000e+02   4.1000000e+01   1.4630993e+02
   2.0900000e+02   4.3000000e+01   1.4019443e+02
   2.3400000e+02   1.5500000e+02   1.4019443e+02
   2.4100000e+02   1.5000000e+02  -2.6565051e+01
   2.5000000e+02   3.5800000e+02  -3.0256437e+01
   2.5400000e+02   5.8000000e+01   1.5738014e+02
   2.7300000e+02   1.2400000e+02   1.7053768e+02
   2.8200000e+02   1.9400000e+02   4.7726311e+01
   2.8900000e+02   3.2300000e+02   1.2980557e+02
   2.9300000e+02   3.1600000e+02  -5.9743563e+01
   2.9400000e+02   2.1600000e+02  -9.9462322e+01
   2.9500000e+02   2.2500000e+02   9.4763642e+01
   3.0900000e+02   1.8400000e+02   6.7380135e+01
   3.2700000e+02   1.5100000e+02   3.6869898e+01
   1.1600000e+02   3.6000000e+02   1.6500000e+02
   1.3900000e+02   3.3400000e+02   1.4900000e+02
   1.4300000e+02   3.5400000e+02   1.5700000e+02
   1.7100000e+02   1.3600000e+02   1.3200000e+02
   1.7200000e+02   2.4200000e+02   1.3200000e+02
   1.9700000e+02   9.7000000e+01  -3.7000000e+01
   2.0000000e+02   2.0700000e+02   1.2300000e+02
   2.0200000e+02   6.1000000e+01   1.4000000e+02
   2.1500000e+02   3.4400000e+02   1.4300000e+02
   2.3100000e+02   1.1200000e+02   1.4600000e+02
   2.5000000e+02   2.1700000e+02   1.4600000e+02
   2.5400000e+02   6.9000000e+01   1.6500000e+02
   2.5400000e+02   1.9200000e+02   1.5300000e+02
   2.8600000e+02   2.2700000e+02   9.4000000e+01
