   9.4000000e+01   3.1500000e+02  -4.2510447e+01
   1.0500000e+02   1.0400000e+02  -4.5000000e+01
   1.8400000e+02   3.4200000e+02  -4.5000000e+01
   1.8500000e+02   6.5000000e+01   1.6156505e+02
   1.9000000e+02   8.1000000e+01   1.7523636e+02
   1.9500000e+02   3.6000000e+02  -3.3690068e+01
   2.0000000e+02   7.9000000e+01   0.0000000e+00
   2.0100000e+02   6.7000000e+01   1.6156505e+02
   2.0500000e+02   1.2700000e+02   1.6596376e+02
   2.1600000e+02   1.9600000e+02   3.9289407e+01
   2.3400000e+02   2.6700000e+02   9.9462322e+01
   2.3600000e+02   2.5900000e+02  -9.0000000e+01
   2.4400000e+02   1.8500000e+02   6.3434949e+01
   2.5700000e+02   3.0300000e+02   9.6340192e+01
   2.5900000e+02   1.5200000e+02   3.9805571e+01
   2.7000000e+02   2.5100000e+02   8.0537678e+01
   2.7400000e+02   2.1700000e+02  -1.1656505e+02
   2.7600000e+02   2.2500000e+02   7.1565051e+01
   2.8800000e+02   1.7900000e+02   6.1389540e+01
   1.0400000e+02   1.4500000e+02   1.3200000e+02
   1.1000000e+02   2.4900000e+02   1.2300000e+02
   1.2600000e+02   1.0400000e+02  -3.7000000e+01
   1.3300000e+02   6.7000000e+01   1.4300000e+02
   1.3600000e+02   2.1500000e+02   1.2300000e+02
   1.5900000e+02   3.4900000e+02   1.4100000e+02
   1.6000000e+02   1.1800000e+02   1.4300000e+02
   1.8700000e+02   7.3000000e+01   1.6500000e+02
   1.8700000e+02   2.2100000e+02   1.4000000e+02
   1.8800000e+02   1.9600000e+02   1.4600000e+02
   2.1900000e+02   1.5200000e+02  -1.7600000e+02
   2.2300000e+02   2.4300000e+02   1.0800000e+02
   2.3400000e+02   3.5400000e+02   1.4300000e+02
