   1.0700000e+02   1.1400000e+02   1.0843495e+02
   1.2200000e+02   2.2300000e+02  -8.0537678e+01
   1.2500000e+02   1.6200000e+02   9.9462322e+01
   1.2600000e+02   1.5400000e+02  -8.5236358e+01
   1.5800000e+02   3.0200000e+02  -6.7380135e+01
   1.6400000e+02   7.0000000e+01  -3.3690068e+01
   1.7100000e+02   2.0400000e+02   9.6340192e+01
   1.8100000e+02   3.1400000e+02  -6.3434949e+01
   1.8500000e+02   1.7300000e+02   9.9462322e+01
   1.8700000e+02   5.8000000e+01   1.5819859e+02
   1.8700000e+02   1.6500000e+02  -6.9443955e+01
   2.1500000e+02   6.5000000e+01  -4.7636417e+00
   2.2300000e+02   2.0200000e+02   1.0843495e+02
   2.3200000e+02   1.5400000e+02   1.4036243e+01
   2.5400000e+02   1.6900000e+02  -1.2928941e+02
   2.6900000e+02   3.2200000e+02   1.2369007e+02
   2.7300000e+02   3.1500000e+02  -5.4462322e+01
   2.8200000e+02   2.7100000e+02   9.9462322e+01
   2.9000000e+02   3.2400000e+02   1.2025644e+02
   2.9600000e+02   3.1000000e+02  -6.7380135e+01
   1.4900000e+02   1.0200000e+02   1.1600000e+02
   1.5200000e+02   5.2000000e+01   1.3500000e+02
   1.6400000e+02   2.4600000e+02  -7.2000000e+01
   1.8700000e+02   3.4200000e+02   1.1600000e+02
   2.1800000e+02   1.8900000e+02   1.1200000e+02
   2.3000000e+02   1.9400000e+02  -1.5800000e+02
   2.3000000e+02   2.0800000e+02   5.9000000e+01
   2.3600000e+02   3.6000000e+02   1.3500000e+02
