   1.8900000e+02   2.8600000e+02   1.6596376e+02
   2.1300000e+02   2.1700000e+02   1.8000000e+02
   2.2600000e+02   3.4500000e+02   6.7380135e+01
   2.4100000e+02   2.4200000e+02  -1.5738014e+02
   2.4100000e+02   3.1300000e+02   4.5000000e+01
   8.9000000e+01   3.0600000e+02   1.2300000e+02
   1.1400000e+02   2.6300000e+02  -4.0000000e+01
   1.2300000e+02   2.2400000e+02   1.4300000e+02
   1.4700000e+02   2.7600000e+02   1.4000000e+02
   1.7300000e+02   2.3200000e+02   1.6500000e+02
   1.7500000e+02   3.5700000e+02   1.5300000e+02
   1.9900000e+02   3.5200000e+02  -1.7100000e+02
   2.0200000e+02   3.1100000e+02  -1.7600000e+02
   2.1400000e+02   3.5600000e+02   6.3000000e+01
