   1.1600000e+02   3.1200000e+02  -3.9805571e+01
   2.0800000e+02   4.2000000e+01   1.5738014e+02
   2.3200000e+02   1.3500000e+02   1.6596376e+02
   2.5000000e+02   1.5400000e+02   1.4036243e+01
   2.7000000e+02   1.8800000e+02   5.3972627e+01
   2.8500000e+02   1.5400000e+02   3.3690068e+01
   2.8600000e+02   3.0700000e+02  -7.9695154e+01
   2.9900000e+02   3.0600000e+02  -9.0000000e+01
   3.0100000e+02   2.3400000e+02  -1.0843495e+02
   3.1100000e+02   2.3900000e+02  -1.0843495e+02
   3.1400000e+02   1.7600000e+02   5.9743563e+01
   1.0400000e+02   3.3000000e+02  -4.3000000e+01
   1.0500000e+02   3.4400000e+02   1.3800000e+02
   1.2100000e+02   1.6600000e+02   1.3200000e+02
   1.2900000e+02   1.4400000e+02   1.3200000e+02
   1.3300000e+02   2.4800000e+02   1.3200000e+02
   1.5600000e+02   1.0500000e+02  -3.1000000e+01
   1.5900000e+02   2.2000000e+02   1.2600000e+02
   1.6200000e+02   6.8000000e+01   1.4300000e+02
   1.7500000e+02   3.3000000e+02   1.4600000e+02
   1.9000000e+02   1.2300000e+02   1.4300000e+02
   2.1200000e+02   1.9500000e+02   1.4600000e+02
   2.1600000e+02   2.0400000e+02   1.5300000e+02
   2.1800000e+02   7.6000000e+01   1.6100000e+02
   2.1800000e+02   2.7200000e+02   1.2900000e+02
   2.2300000e+02   2.6400000e+02  -7.2000000e+01
   2.4200000e+02   1.9800000e+02  -1.7600000e+02
   2.4400000e+02   5.8000000e+01   1.6500000e+02
   2.5200000e+02   2.4700000e+02   1.0800000e+02
   2.5800000e+02   1.9900000e+02   5.9000000e+01
   2.6200000e+02   2.3800000e+02   7.1000000e+01
   2.8100000e+02   3.2700000e+02   1.3200000e+02
   2.9200000e+02   2.1400000e+02   6.1000000e+01
