   1.3400000e+02   2.9800000e+02  -4.5000000e+01
   1.4400000e+02   3.2000000e+02  -3.9289407e+01
   2.0400000e+02   2.5800000e+02   1.2686990e+02
   2.0800000e+02   2.3900000e+02   1.3227369e+02
   2.3700000e+02   2.0200000e+02   3.0256437e+01
   2.4100000e+02   1.5400000e+02   5.1944289e+00
   2.8100000e+02   1.0600000e+02  -1.6596376e+02
   3.0000000e+02   1.3300000e+02   4.2273689e+01
   3.0700000e+02   1.1300000e+02   4.5000000e+01
   3.1500000e+02   1.3600000e+02  -1.4313010e+02
   1.2500000e+02   1.4700000e+02   1.2900000e+02
   1.8000000e+02   1.2500000e+02   1.4000000e+02
   1.9400000e+02   2.5500000e+02   1.1800000e+02
   2.0400000e+02   2.9100000e+02   1.2300000e+02
