   8.5000000e+01   1.0600000e+02  -5.0194429e+01
   1.0700000e+02   5.6000000e+01  -3.0256437e+01
   1.1300000e+02   1.1100000e+02  -3.9805571e+01
   1.1600000e+02   1.3500000e+02   1.1261986e+02
   1.1800000e+02   2.5100000e+02   8.0537678e+01
   1.3000000e+02   1.7700000e+02   9.9462322e+01
   1.3500000e+02   2.0500000e+02  -9.0000000e+01
   1.3500000e+02   2.3300000e+02   7.1565051e+01
   1.3600000e+02   2.1300000e+02   8.0537678e+01
   1.3800000e+02   3.0800000e+02  -1.4212502e+02
   1.4500000e+02   3.4800000e+02   2.0556045e+01
   1.4600000e+02   1.5500000e+02  -7.5963757e+01
   1.6300000e+02   1.4900000e+02   1.1261986e+02
   1.7600000e+02   3.4000000e+01   0.0000000e+00
   1.8200000e+02   2.1700000e+02  -9.9462322e+01
   1.8700000e+02   6.9000000e+01   1.8000000e+02
   2.0600000e+02   3.3800000e+02   1.5603751e+02
   2.1000000e+02   3.5600000e+02  -3.3690068e+01
   2.1100000e+02   2.2900000e+02   1.1261986e+02
   2.2300000e+02   3.3000000e+01   1.8434949e+01
   2.3400000e+02   2.5100000e+02   1.0843495e+02
   8.0000000e+01   1.9600000e+02   1.2000000e+02
   1.5500000e+02   3.4900000e+02  -5.0000000e+00
   1.5700000e+02   1.6600000e+02   1.2000000e+02
   1.6800000e+02   2.6500000e+02  -1.3300000e+02
   1.9000000e+02   2.1700000e+02  -6.4000000e+01
   1.9000000e+02   2.8100000e+02  -3.7000000e+01
   1.9100000e+02   1.4300000e+02   3.3000000e+01
   1.9900000e+02   5.5000000e+01  -1.6600000e+02
   2.0500000e+02   1.9900000e+02   4.5000000e+01
   2.2000000e+02   2.4800000e+02  -6.8000000e+01
   2.2100000e+02   3.3600000e+02   1.4000000e+02
   2.4400000e+02   2.0200000e+02   4.5000000e+01
   2.5500000e+02   8.7000000e+01  -1.3300000e+02
   2.7900000e+02   1.5300000e+02   6.7000000e+01
