   1.1600000e+02   2.0400000e+02  -8.0537678e+01
   1.1700000e+02   2.5300000e+02   7.5963757e+01
   1.2400000e+02   1.6900000e+02  -7.5963757e+01
   1.4100000e+02   3.0700000e+02  -1.4974356e+02
   1.4400000e+02   1.5400000e+02  -7.5963757e+01
   1.5200000e+02   1.6500000e+02   1.0403624e+02
   1.6200000e+02   1.4500000e+02   1.1261986e+02
   1.6800000e+02   3.3600000e+02  -9.4623222e+00
   1.7900000e+02   6.6000000e+01   1.7523636e+02
   1.8200000e+02   2.1100000e+02  -9.4763642e+01
   1.9500000e+02   5.5000000e+01   1.8434949e+01
   2.1000000e+02   3.5800000e+02   1.4500798e+02
   2.1200000e+02   2.2300000e+02   1.1656505e+02
   2.1600000e+02   3.5100000e+02  -3.9805571e+01
   2.1900000e+02   1.2900000e+02   5.9743563e+01
   2.1900000e+02   2.6900000e+02  -6.7380135e+01
   2.3500000e+02   2.4500000e+02   1.0843495e+02
   2.4500000e+02   2.7600000e+02  -6.7380135e+01
   2.9200000e+02   2.3600000e+02   9.4763642e+01
   1.6000000e+02   3.0500000e+02  -1.7100000e+02
   1.6800000e+02   2.6100000e+02  -1.3500000e+02
   1.9000000e+02   1.3700000e+02   2.6000000e+01
   1.9100000e+02   2.1100000e+02  -6.8000000e+01
   1.9200000e+02   2.7600000e+02  -4.0000000e+01
   2.2000000e+02   2.4200000e+02   1.2300000e+02
   2.4300000e+02   3.4100000e+02   1.4000000e+02
   2.7500000e+02   1.4500000e+02   6.3000000e+01
