   8.7000000e+01   1.5200000e+02   1.0669924e+02
   9.0000000e+01   1.6600000e+02  -7.5963757e+01
   9.9000000e+01   2.7100000e+02   4.5000000e+01
   1.0700000e+02   1.6000000e+02   1.0843495e+02
   1.2100000e+02   3.3900000e+02   1.8000000e+02
   1.2900000e+02   2.2800000e+02  -9.4763642e+01
   1.2900000e+02   3.3700000e+02  -1.8434949e+01
   1.3100000e+02   2.7800000e+02  -1.6596376e+02
   1.4700000e+02   9.9000000e+01   2.2619865e+01
   1.6000000e+02   2.4000000e+02   1.1261986e+02
   1.7500000e+02   6.7000000e+01   3.2471192e+01
   1.8400000e+02   2.6100000e+02   1.0403624e+02
   1.9800000e+02   3.3100000e+02  -4.5000000e+01
   2.0200000e+02   9.9000000e+01   4.5000000e+01
   2.0500000e+02   3.5100000e+02  -4.7726311e+01
   2.3000000e+02   7.2000000e+01   3.9289407e+01
   2.4100000e+02   2.5000000e+02   9.4763642e+01
   2.6500000e+02   3.3000000e+02  -3.7874984e+01
   1.0200000e+02   1.7700000e+02   1.1800000e+02
   1.0600000e+02   2.7700000e+02   4.5000000e+01
   1.1600000e+02   2.7500000e+02  -1.3300000e+02
   1.2400000e+02   2.5600000e+02  -1.3000000e+02
   1.3600000e+02   1.5500000e+02   3.3000000e+01
   1.3800000e+02   2.2900000e+02  -6.8000000e+01
   1.4100000e+02   2.9200000e+02  -4.0000000e+01
   1.5300000e+02   3.1600000e+02   1.4900000e+02
   1.6000000e+02   3.4500000e+02   1.4600000e+02
   1.7000000e+02   2.5800000e+02  -7.2000000e+01
   1.7200000e+02   2.8800000e+02   1.3500000e+02
   1.8900000e+02   8.9000000e+01   5.3000000e+01
   2.2300000e+02   1.6300000e+02   6.3000000e+01
   2.2500000e+02   9.6000000e+01   4.7000000e+01
