   9.1000000e+01   6.7000000e+01   9.5710593e+01
   9.6000000e+01   9.2000000e+01   8.0537678e+01
   1.2300000e+02   1.8800000e+02  -1.3939871e+02
   1.4300000e+02   4.0000000e+01   2.6565051e+01
   1.6100000e+02   1.6000000e+02  -1.3163354e+02
   1.6300000e+02   1.5000000e+02  -9.0000000e+01
   1.7900000e+02   1.3700000e+02   9.0000000e+01
   1.8000000e+02   6.0000000e+01   5.0194429e+01
   1.8800000e+02   2.1300000e+02  -5.9743563e+01
   1.9400000e+02   2.4500000e+02   1.5343495e+02
   1.9900000e+02   1.4800000e+02   8.0537678e+01
   2.0100000e+02   2.3900000e+02  -5.0194429e+01
   2.0500000e+02   2.5000000e+02  -4.7489553e+01
   2.1000000e+02   1.4300000e+02   8.0537678e+01
   2.2700000e+02   7.2000000e+01   6.0945396e+01
   2.2800000e+02   2.4100000e+02   1.2865981e+02
   2.5600000e+02   1.1000000e+02   6.3434949e+01
   2.7600000e+02   1.7500000e+02  -9.0000000e+01
   2.9600000e+02   2.0300000e+02   1.1261986e+02
   1.5800000e+02   1.8900000e+02  -1.6600000e+02
   1.7900000e+02   1.8200000e+02  -6.2000000e+01
   1.8700000e+02   1.9000000e+02  -6.2000000e+01
