   1.2100000e+02   8.4000000e+01   8.5236358e+01
   1.2800000e+02   8.9000000e+01   8.0537678e+01
   1.3000000e+02   1.6300000e+02  -1.4752881e+02
   1.4400000e+02   1.6000000e+01  -7.1565051e+01
   1.5100000e+02   2.9000000e+01   1.0843495e+02
   1.7900000e+02   2.1200000e+02   1.7523636e+02
   1.8800000e+02   3.3000000e+01   9.9462322e+01
   2.1000000e+02   9.5000000e+01   1.2369007e+02
   2.2400000e+02   2.2100000e+02  -3.0256437e+01
   2.3300000e+02   1.1700000e+02   1.1656505e+02
   2.9200000e+02   1.1000000e+02   9.4763642e+01
   3.0000000e+02   2.2500000e+02  -4.1633539e+01
   3.0400000e+02   1.7000000e+02  -6.3434949e+01
   3.0500000e+02   2.1000000e+01  -9.0000000e+01
   3.0900000e+02   2.1700000e+02   1.3836646e+02
   3.1300000e+02   2.0500000e+02   1.4446232e+02
   3.1500000e+02   1.6400000e+02  -5.3130102e+01
   3.2100000e+02   1.7700000e+02   1.4071059e+02
   1.6000000e+02   1.2400000e+02  -1.3000000e+02
   1.8200000e+02   1.3200000e+02  -2.7000000e+01
   1.8400000e+02   1.4300000e+02  -3.1000000e+01
   1.8800000e+02   8.1000000e+01  -6.0000000e+01
   1.9500000e+02   7.2000000e+01  -9.0000000e+01
   2.1800000e+02   1.1300000e+02  -6.4000000e+01
   2.2700000e+02   8.2000000e+01  -8.6000000e+01
   2.6300000e+02   2.5000000e+02   8.0000000e+00
   2.7400000e+02   2.1400000e+02   1.4600000e+02
   2.8100000e+02   2.7000000e+01   6.7000000e+01
   2.8300000e+02   1.8300000e+02   1.4000000e+02
   2.9100000e+02   1.6000000e+02   1.2000000e+02
   2.9300000e+02   1.7400000e+02  -6.0000000e+01
