   9.9000000e+01   2.3800000e+02  -4.7726311e+01
   1.0200000e+02   2.5500000e+02   1.1656505e+02
   1.2100000e+02   2.4500000e+02   1.1656505e+02
   1.2600000e+02   3.0300000e+02   9.0000000e+01
   1.3200000e+02   1.4200000e+02   1.5738014e+02
   1.3400000e+02   2.6400000e+02   9.4763642e+01
   1.4000000e+02   2.7700000e+02  -8.5236358e+01
   1.4900000e+02   2.8800000e+02   9.9462322e+01
   1.5000000e+02   1.5100000e+02  -4.7636417e+00
   1.5600000e+02   2.6900000e+02   9.9462322e+01
   1.8300000e+02   2.8600000e+02   8.0537678e+01
   2.1200000e+02   2.4900000e+02   4.7726311e+01
   2.2200000e+02   2.1300000e+02   4.5000000e+01
   2.2500000e+02   1.3100000e+02   2.2619865e+01
   2.4400000e+02   3.6000000e+02   9.9462322e+01
   2.6600000e+02   1.5900000e+02   3.3690068e+01
   2.9600000e+02   2.5400000e+02  -1.2369007e+02
   1.3500000e+02   1.3400000e+02   1.8000000e+02
   1.4400000e+02   3.5800000e+02   9.0000000e+01
   1.7700000e+02   1.7000000e+02  -1.7600000e+02
   1.8500000e+02   2.6100000e+02   2.6000000e+01
   2.0100000e+02   2.8800000e+02  -1.1300000e+02
   2.1300000e+02   2.9900000e+02  -1.0900000e+02
   2.2400000e+02   3.1700000e+02   4.5000000e+01
   2.2900000e+02   3.5800000e+02   1.2000000e+02
   2.3900000e+02   1.9200000e+02  -1.4400000e+02
   2.4000000e+02   3.5100000e+02   1.0400000e+02
   2.4600000e+02   2.5400000e+02  -1.2400000e+02
   2.6700000e+02   1.8500000e+02   3.9000000e+01
