   1.3600000e+02   2.7000000e+02   3.2005383e+01
   1.5400000e+02   1.2700000e+02   1.7523636e+02
   1.5500000e+02   2.2300000e+02  -7.5963757e+01
   1.5600000e+02   3.0800000e+02  -2.6565051e+01
   1.6300000e+02   1.3000000e+02   4.8814075e+01
   1.7700000e+02   1.1900000e+02  -1.4134019e+02
   1.8800000e+02   3.4400000e+02  -5.0710593e+01
   1.9400000e+02   3.1600000e+02   1.4630993e+02
   1.9500000e+02   1.3600000e+02   5.7528808e+01
   2.1700000e+02   1.7200000e+02   8.0537678e+01
   2.2500000e+02   1.1800000e+02  -1.0843495e+02
   2.5700000e+02   2.5200000e+02   9.4763642e+01
   2.7000000e+02   3.1300000e+02  -5.2125016e+01
   1.5600000e+02   2.9800000e+02   1.5300000e+02
   1.7400000e+02   2.7000000e+02   1.2900000e+02
   2.1400000e+02   1.5500000e+02   7.5000000e+01
