   8.8000000e+01   2.7400000e+02   1.2025644e+02
   1.0000000e+02   2.7500000e+02  -5.3130102e+01
   1.3200000e+02   1.3500000e+02  -1.4036243e+01
   1.3300000e+02   6.9000000e+01   1.7053768e+02
   1.3300000e+02   1.1800000e+02   1.6596376e+02
   1.4400000e+02   3.4300000e+02   9.0000000e+01
   1.5300000e+02   1.8700000e+02   0.0000000e+00
   1.6800000e+02   5.2000000e+01   1.8434949e+01
   1.9600000e+02   4.4000000e+01   0.0000000e+00
   2.3800000e+02   3.6000000e+02  -1.2025644e+02
   2.8500000e+02   3.0900000e+02  -1.2865981e+02
   2.9200000e+02   1.0400000e+02  -1.4313010e+02
   2.9500000e+02   2.7400000e+02  -1.2980557e+02
   9.4000000e+01   1.4400000e+02   1.4300000e+02
   9.7000000e+01   1.8000000e+02   1.4300000e+02
   1.1600000e+02   2.2900000e+02   1.4700000e+02
   1.2600000e+02   3.0500000e+02   1.0800000e+02
   1.2700000e+02   1.4400000e+02  -5.0000000e+00
   1.2800000e+02   2.9200000e+02  -4.8000000e+01
   1.3100000e+02   3.2200000e+02   1.1200000e+02
   1.3200000e+02   1.7400000e+02   1.6500000e+02
   1.3300000e+02   1.0800000e+02   1.7000000e+02
   1.3700000e+02   2.3600000e+02  -1.5000000e+01
   1.3900000e+02   1.8300000e+02   1.7500000e+02
   1.4200000e+02   1.7300000e+02  -1.0000000e+01
   1.4300000e+02   7.4000000e+01   2.2000000e+01
   1.4800000e+02   2.8600000e+02   1.3200000e+02
   1.6400000e+02   5.9000000e+01   2.2000000e+01
   1.7400000e+02   3.3300000e+02   9.0000000e+01
   2.1400000e+02   7.1000000e+01   2.6000000e+01
   2.4600000e+02   2.6500000e+02   3.9000000e+01
   2.6600000e+02   2.5900000e+02  -1.4100000e+02
   2.8100000e+02   3.0100000e+02   6.3000000e+01
   2.9200000e+02   1.7500000e+02  -1.4400000e+02
   2.9300000e+02   1.1400000e+02  -1.5000000e+02
   2.9800000e+02   1.6700000e+02   2.4000000e+01
