   3.8000000e+01   1.5100000e+02  -3.0256437e+01
   4.1000000e+01   2.6300000e+02   1.0403624e+02
   5.2000000e+01   2.5900000e+02  -7.1565051e+01
   7.1000000e+01   1.0500000e+02  -1.8434949e+01
   7.4000000e+01   8.8000000e+01   1.6596376e+02
   8.0000000e+01   8.2000000e+01   0.0000000e+00
   8.8000000e+01   3.4400000e+02  -9.4763642e+01
   8.9000000e+01   3.5200000e+02   1.6869007e+02
   9.2000000e+01   1.5100000e+02  -4.7636417e+00
   9.3000000e+01   2.5800000e+02  -4.5000000e+01
   1.1100000e+02   6.7000000e+01  -1.7053768e+02
   1.2100000e+02   1.5200000e+02  -1.7523636e+02
   1.5600000e+02   1.4700000e+02  -1.5343495e+02
   2.0000000e+02   3.0200000e+02  -1.2369007e+02
   2.0800000e+02   8.1000000e+01  -1.3500000e+02
   2.0900000e+02   3.0200000e+02  -1.2247119e+02
   2.4300000e+02   3.4600000e+02  -1.2686990e+02
   2.4600000e+02   1.7700000e+02   4.5000000e+01
   6.0000000e+01   2.0500000e+02   1.3200000e+02
   6.8000000e+01   1.1300000e+02  -1.0000000e+01
   7.9000000e+01   2.7600000e+02   1.1200000e+02
   8.0000000e+01   2.0700000e+02  -3.4000000e+01
   8.5000000e+01   2.4300000e+02   1.1600000e+02
   8.9000000e+01   3.1300000e+02   7.5000000e+01
   9.3000000e+01   2.6800000e+02   1.1200000e+02
   9.4000000e+01   2.3000000e+02   1.2000000e+02
   1.0800000e+02   2.7900000e+02   1.0800000e+02
   1.1100000e+02   2.9400000e+02   9.0000000e+01
   1.1900000e+02   3.0700000e+02   8.5000000e+01
   1.2700000e+02   3.4200000e+02  -1.1300000e+02
   1.5600000e+02   3.5900000e+02  -1.2100000e+02
   1.7500000e+02   1.3500000e+02   3.6000000e+01
   1.9100000e+02   1.2000000e+02   2.2000000e+01
   2.0600000e+02   1.1600000e+02   4.5000000e+01
   2.6700000e+02   2.6600000e+02  -1.2700000e+02
