   9.0000000e+01   1.2500000e+02   1.2369007e+02
   9.7000000e+01   1.5200000e+02  -5.6309932e+01
   1.0300000e+02   1.6800000e+02  -4.7726311e+01
   1.1000000e+02   1.1000000e+02  -2.2619865e+01
   1.1100000e+02   1.6800000e+02   1.2369007e+02
   1.2800000e+02   1.9400000e+02   1.0403624e+02
   1.3700000e+02   1.0200000e+02   1.7053768e+02
   1.4600000e+02   2.1300000e+02  -6.7380135e+01
   1.5500000e+02   9.0000000e+01  -1.7523636e+02
   1.6800000e+02   8.5000000e+01  -1.7053768e+02
   1.7700000e+02   1.6800000e+02   1.4036243e+01
   1.7900000e+02   1.7900000e+02  -1.7523636e+02
   1.9100000e+02   2.8900000e+02   5.3972627e+01
   1.9400000e+02   4.1000000e+01  -1.5738014e+02
   2.0200000e+02   5.7000000e+01   2.6565051e+01
   2.2400000e+02   2.9200000e+02   3.9289407e+01
   2.3600000e+02   2.6500000e+02  -1.2928941e+02
   2.4800000e+02   1.0300000e+02  -1.4752881e+02
   2.5300000e+02   1.7200000e+02   3.3690068e+01
   2.6600000e+02   2.3600000e+02  -1.3500000e+02
   2.8500000e+02   2.7500000e+02   1.5255119e+01
   2.9600000e+02   2.7800000e+02  -1.6474488e+02
   2.9900000e+02   3.3100000e+02   1.8000000e+02
   3.0100000e+02   2.6300000e+02  -1.5343495e+02
   3.0400000e+02   2.9700000e+02  -1.7053768e+02
   3.0500000e+02   2.8200000e+02   1.4036243e+01
   3.0700000e+02   2.0300000e+02  -1.4313010e+02
   3.0800000e+02   2.6700000e+02   1.8434949e+01
   3.1400000e+02   2.9300000e+02  -1.6156505e+02
   1.3200000e+02   8.0000000e+01   1.7500000e+02
   1.3600000e+02   1.7300000e+02   1.2600000e+02
   1.6100000e+02   2.6900000e+02  -1.1300000e+02
   2.2000000e+02   2.3900000e+02  -1.4100000e+02
   2.7200000e+02   1.9900000e+02   3.6000000e+01
   2.8800000e+02   1.3800000e+02   3.3000000e+01
