   1.5200000e+02   1.0400000e+02  -8.5236358e+01
   1.6800000e+02   2.1000000e+01  -4.2273689e+01
   2.0500000e+02   2.4500000e+02  -9.4623222e+00
   2.2500000e+02   1.9200000e+02  -1.3772631e+02
   2.4100000e+02   1.6400000e+02  -1.3198721e+02
   2.5300000e+02   1.8900000e+02  -1.5343495e+02
   2.7200000e+02   1.6300000e+02  -1.4397263e+02
   2.8900000e+02   1.9700000e+02  -1.6596376e+02
   2.8900000e+02   2.1500000e+02  -1.6596376e+02
   3.1300000e+02   1.3600000e+02  -1.4019443e+02
   3.1300000e+02   1.4400000e+02  -1.4630993e+02
   3.2000000e+02   1.4900000e+02   2.6565051e+01
   3.2500000e+02   2.5000000e+02   1.7523636e+02
   3.3600000e+02   3.7000000e+01   4.7726311e+01
   1.5600000e+02   7.2000000e+01   1.0400000e+02
   1.9600000e+02   7.6000000e+01   9.0000000e+01
   2.0100000e+02   1.1200000e+02  -1.1500000e+02
   2.0900000e+02   2.6600000e+02   4.0000000e+00
   2.2300000e+02   7.7000000e+01  -1.0900000e+02
   2.2400000e+02   1.2100000e+02  -1.1300000e+02
   2.2800000e+02   2.4600000e+02  -1.6600000e+02
   2.4900000e+02   2.6100000e+02  -1.6600000e+02
   2.8200000e+02   2.3700000e+02   9.0000000e+00
   2.8500000e+02   6.5000000e+01  -1.2400000e+02
   3.2100000e+02   2.7700000e+02   1.7500000e+02
   3.2700000e+02   1.6000000e+01   5.0000000e+01
