   6.3000000e+01   1.9800000e+02   1.1261986e+02
   6.5000000e+01   8.8000000e+01  -3.0256437e+01
   7.2000000e+01   2.1800000e+02  -6.3434949e+01
   1.0100000e+02   1.4500000e+02   1.4630993e+02
   1.0800000e+02   3.1000000e+02   9.0000000e+01
   1.2200000e+02   3.1500000e+02  -1.0403624e+02
   1.2700000e+02   3.2600000e+02   6.3434949e+01
   1.9700000e+02   1.3700000e+02   5.2125016e+01
   2.1200000e+02   3.5100000e+02  -1.5738014e+02
   2.2000000e+02   3.4700000e+02  -1.5738014e+02
   2.2100000e+02   2.9100000e+02  -1.3500000e+02
   2.3000000e+02   1.8000000e+02   5.0710593e+01
   2.5500000e+02   1.2600000e+02  -1.3227369e+02
   2.6400000e+02   3.0600000e+02  -1.3801279e+02
   8.4000000e+01   1.4600000e+02   1.3500000e+02
   1.0300000e+02   2.1700000e+02   1.2000000e+02
   1.0900000e+02   2.4600000e+02   1.0800000e+02
   1.2100000e+02   1.7000000e+02   1.3100000e+02
   1.3100000e+02   2.2500000e+02   1.0800000e+02
   1.3700000e+02   3.3000000e+01  -1.7600000e+02
   1.4700000e+02   3.1300000e+02  -1.2100000e+02
   1.5100000e+02   7.0000000e+01  -1.6600000e+02
   1.5100000e+02   2.5900000e+02  -9.7000000e+01
   1.5300000e+02   2.8400000e+02  -1.0900000e+02
   1.5600000e+02   2.9200000e+02  -1.1300000e+02
   1.8300000e+02   1.1200000e+02  -1.5000000e+02
   1.9600000e+02   7.8000000e+01  -1.5000000e+02
   2.2500000e+02   3.1000000e+02  -1.4700000e+02
   2.3100000e+02   3.5200000e+02   9.0000000e+00
   2.4000000e+02   3.4400000e+02  -1.6200000e+02
   2.7300000e+02   2.7100000e+02  -1.3800000e+02
   2.8000000e+02   1.6800000e+02   4.1000000e+01
