   4.7000000e+01   1.0300000e+02  -4.1987212e+01
   7.3000000e+01   3.5000000e+01   1.6156505e+02
   7.8000000e+01   2.8000000e+01  -4.7636417e+00
   1.2300000e+02   3.0600000e+02   9.0000000e+01
   1.6300000e+02   8.7000000e+01  -1.6156505e+02
   2.1100000e+02   5.0000000e+01  -1.1444395e+02
   2.1900000e+02   3.5000000e+02   1.4036243e+01
   2.4400000e+02   1.1000000e+02  -1.4630993e+02
   2.5600000e+02   9.1000000e+01   3.6869898e+01
   2.6700000e+02   3.4700000e+02  -1.7053768e+02
   3.9000000e+01   6.9000000e+01   1.3200000e+02
   5.6000000e+01   1.0400000e+02   1.4300000e+02
   7.4000000e+01   1.5600000e+02   1.2600000e+02
   9.8000000e+01   3.1800000e+02   1.1600000e+02
   1.0200000e+02   2.2400000e+02   1.1200000e+02
   1.2200000e+02   3.3600000e+02   1.2900000e+02
   1.2700000e+02   7.4000000e+01   1.8000000e+02
   1.6600000e+02   2.8000000e+02   6.7000000e+01
   2.1600000e+02   3.6000000e+02  -1.6600000e+02
   2.5600000e+02   2.0500000e+02  -1.3500000e+02
   2.5700000e+02   2.9200000e+02  -1.5000000e+02
   2.6400000e+02   2.6000000e+02   3.3000000e+01
   2.7400000e+02   1.4900000e+02   3.3000000e+01
