   9.4000000e+01   1.8700000e+02  -1.8434949e+01
   1.0000000e+02   2.0300000e+02  -1.4036243e+01
   1.0000000e+02   2.1200000e+02  -1.4036243e+01
   1.1300000e+02   2.6100000e+02  -2.2619865e+01
   1.1800000e+02   9.0000000e+01   4.7636417e+00
   1.3600000e+02   1.6500000e+02  -1.6596376e+02
   1.5300000e+02   2.8900000e+02   1.7053768e+02
   1.6500000e+02   2.8800000e+02  -1.5738014e+02
   1.7100000e+02   1.5900000e+02  -1.5343495e+02
   1.8500000e+02   6.1000000e+01   2.4443955e+01
   1.8500000e+02   2.0900000e+02   3.0256437e+01
   1.8800000e+02   2.7800000e+02  -1.2865981e+02
   1.9600000e+02   1.3900000e+02  -1.4974356e+02
   2.0900000e+02   2.3400000e+02  -1.4313010e+02
   2.1400000e+02   1.3900000e+02   4.1987212e+01
   2.1600000e+02   2.4100000e+02   5.4462322e+01
   2.2000000e+02   1.8900000e+02   4.5000000e+01
   2.2100000e+02   6.6000000e+01  -1.4134019e+02
   2.6300000e+02   1.3800000e+02  -1.3227369e+02
   1.0800000e+02   2.2800000e+02   1.3700000e+02
   1.1200000e+02   2.5100000e+02  -9.0000000e+01
   1.3900000e+02   1.4200000e+02  -1.6200000e+02
   2.1200000e+02   5.8000000e+01   4.1000000e+01
   2.6000000e+02   1.0600000e+02  -1.2100000e+02
