   7.0000000e+01   1.2000000e+02  -3.9805571e+01
   7.1000000e+01   9.4000000e+01  -2.6565051e+01
   7.6000000e+01   1.0800000e+02   1.4397263e+02
   8.7000000e+01   9.6000000e+01   1.5343495e+02
   1.0000000e+02   2.0800000e+02  -5.3130102e+01
   1.2300000e+02   2.7100000e+02  -9.0000000e+01
   1.3400000e+02   3.4000000e+01   0.0000000e+00
   1.5700000e+02   1.4600000e+02  -1.4500798e+02
   1.7800000e+02   1.4300000e+02   3.9289407e+01
   1.8700000e+02   7.7000000e+01  -1.4397263e+02
   2.0500000e+02   7.6000000e+01   4.5000000e+01
   2.3800000e+02   2.4200000e+02  -1.1396249e+02
   2.7400000e+02   1.9900000e+02   4.5000000e+01
   1.3100000e+02   2.5600000e+02  -9.0000000e+01
   1.6900000e+02   1.7100000e+02  -1.5000000e+02
   2.2100000e+02   9.1000000e+01   4.7000000e+01
