   1.0100000e+02   1.9300000e+02   1.2980557e+02
   1.0900000e+02   2.9400000e+02  -3.6869898e+01
   1.2400000e+02   1.9200000e+02  -5.6309932e+01
   1.4000000e+02   2.8600000e+02  -4.5000000e+01
   1.6500000e+02   3.5300000e+02  -4.7636417e+00
   1.7400000e+02   3.1000000e+02  -2.2619865e+01
   1.8400000e+02   8.1000000e+01   1.4974356e+02
   1.8700000e+02   9.3000000e+01  -1.8434949e+01
   2.0500000e+02   3.1100000e+02  -2.2619865e+01
   2.3700000e+02   3.3500000e+02  -1.8434949e+01
   2.3800000e+02   3.5500000e+02   0.0000000e+00
   2.5700000e+02   3.0000000e+02  -3.6869898e+01
   2.5800000e+02   3.1500000e+02  -1.8434949e+01
   2.6500000e+02   2.0600000e+02   6.3434949e+01
   2.8000000e+02   3.2500000e+02   1.7053768e+02
   2.8900000e+02   2.3900000e+02   8.5236358e+01
   2.9100000e+02   1.3500000e+02  -1.4974356e+02
   2.9500000e+02   2.6800000e+02   9.0000000e+01
   1.2900000e+02   3.2000000e+02   1.5500000e+02
   1.3400000e+02   3.3100000e+02   1.6500000e+02
   1.3700000e+02   2.5500000e+02   1.2900000e+02
   1.4600000e+02   1.9500000e+02  -5.7000000e+01
   1.4900000e+02   1.4800000e+02  -7.2000000e+01
   1.5300000e+02   1.7300000e+02   1.2600000e+02
   1.5900000e+02   2.8900000e+02   1.4300000e+02
   1.6900000e+02   1.8800000e+02   1.2600000e+02
   1.7700000e+02   3.2800000e+02   1.7500000e+02
   1.8600000e+02   2.7200000e+02   1.4000000e+02
   1.8800000e+02   2.0200000e+02   1.2300000e+02
   1.9000000e+02   2.1400000e+02  -5.1000000e+01
   1.9900000e+02   2.8400000e+02   1.4000000e+02
   2.2200000e+02   1.2100000e+02   1.6500000e+02
   2.2500000e+02   2.1900000e+02   1.2300000e+02
   2.4100000e+02   1.6700000e+02   3.9000000e+01
   2.4600000e+02   2.5300000e+02   1.2600000e+02
   2.6000000e+02   2.5300000e+02   1.3200000e+02
   2.6500000e+02   2.7800000e+02   1.2300000e+02
   2.7000000e+02   1.5100000e+02  -1.5000000e+02
   2.7000000e+02   2.6500000e+02  -7.6000000e+01
