   1.6500000e+02   1.5700000e+02  -6.3434949e+01
   1.8000000e+02   1.1000000e+02   1.2980557e+02
   1.8500000e+02   1.0300000e+02  -4.7489553e+01
   1.8800000e+02   2.4900000e+02  -4.7489553e+01
   2.0800000e+02   3.5300000e+02  -9.4623222e+00
   2.1400000e+02   5.3000000e+01  -2.2619865e+01
   2.1400000e+02   3.1600000e+02  -4.7636417e+00
   2.2300000e+02   2.7300000e+02  -2.6565051e+01
   2.2900000e+02   6.7000000e+01   1.5343495e+02
   2.5400000e+02   8.1000000e+01  -4.7636417e+00
   2.5400000e+02   2.7300000e+02  -3.0256437e+01
   2.7900000e+02   3.2700000e+02   9.4623222e+00
   2.8700000e+02   2.9300000e+02  -1.4036243e+01
   3.0300000e+02   2.5900000e+02  -4.5000000e+01
   3.0600000e+02   1.6200000e+02   6.3434949e+01
   3.0700000e+02   2.7200000e+02  -2.2619865e+01
   3.0900000e+02   3.1300000e+02   1.8000000e+02
   3.2100000e+02   1.5000000e+02  -1.2928941e+02
   3.2400000e+02   1.2100000e+02  -1.4630993e+02
   3.2600000e+02   1.5700000e+02   5.9743563e+01
   3.3100000e+02   1.9400000e+02   8.0537678e+01
   1.7400000e+02   1.6900000e+02   1.2000000e+02
   1.7800000e+02   2.8300000e+02   1.5100000e+02
   1.8100000e+02   2.9500000e+02   1.6500000e+02
   1.8200000e+02   2.1900000e+02   1.2600000e+02
   1.8800000e+02   1.5800000e+02  -6.4000000e+01
   2.0700000e+02   2.5200000e+02   1.4300000e+02
   2.1000000e+02   1.5200000e+02   1.2300000e+02
   2.2500000e+02   2.9000000e+02   1.7000000e+02
   2.3300000e+02   2.3400000e+02   1.3700000e+02
   2.4700000e+02   2.4600000e+02   1.3700000e+02
   2.6800000e+02   1.7800000e+02   1.1600000e+02
   3.0300000e+02   2.1100000e+02   1.2300000e+02
   3.0400000e+02   1.0500000e+02  -1.5800000e+02
   3.1000000e+02   2.3500000e+02   1.2000000e+02
   3.1300000e+02   2.2300000e+02  -7.6000000e+01
