   1.1500000e+02   2.4100000e+02  -2.6565051e+01
   1.1700000e+02   3.0100000e+02  -4.7636417e+00
   1.3100000e+02   1.3800000e+02  -5.6309932e+01
   1.4700000e+02   2.3800000e+02  -4.5000000e+01
   1.4900000e+02   9.2000000e+01   1.3251045e+02
   1.5500000e+02   8.4000000e+01  -4.2510447e+01
   1.6200000e+02   3.3900000e+02  -4.7636417e+00
   1.7100000e+02   3.0400000e+02   0.0000000e+00
   1.8000000e+02   2.6300000e+02  -1.8434949e+01
   1.8700000e+02   3.5000000e+01  -2.2619865e+01
   2.0000000e+02   5.2000000e+01   1.5738014e+02
   2.1100000e+02   2.6400000e+02  -2.2619865e+01
   2.2200000e+02   6.9000000e+01   0.0000000e+00
   2.3500000e+02   1.6100000e+02  -1.1180141e+02
   2.4400000e+02   2.8400000e+02  -1.4036243e+01
   2.5900000e+02   5.9000000e+01  -1.6596376e+02
   2.6200000e+02   2.4900000e+02  -4.5000000e+01
   2.6400000e+02   1.2700000e+02   5.0710593e+01
   2.6400000e+02   2.6300000e+02  -2.6565051e+01
   2.6700000e+02   1.5200000e+02   5.9743563e+01
   2.9100000e+02   1.8300000e+02   8.0537678e+01
   2.9800000e+02   2.1200000e+02   8.5236358e+01
   1.0000000e+02   2.1800000e+02   1.1600000e+02
   1.3600000e+02   2.7000000e+02   1.6400000e+02
   1.3700000e+02   2.8200000e+02   1.7500000e+02
   1.4300000e+02   2.0500000e+02   1.2600000e+02
   1.5200000e+02   1.4500000e+02  -5.7000000e+01
   1.6600000e+02   2.4100000e+02   1.4300000e+02
   1.7400000e+02   1.4100000e+02   1.2300000e+02
   1.8200000e+02   2.8100000e+02   1.8000000e+02
   1.9300000e+02   2.2400000e+02   1.3700000e+02
   2.0200000e+02   1.7500000e+02  -5.8000000e+01
   2.0400000e+02   1.5500000e+02   1.2300000e+02
   2.0600000e+02   2.3800000e+02   1.4300000e+02
   2.6300000e+02   2.0300000e+02   1.2600000e+02
   2.6900000e+02   9.4000000e+01  -1.5400000e+02
   2.7000000e+02   2.2600000e+02   1.2000000e+02
   2.7200000e+02   2.1400000e+02   9.9000000e+01
