   7.6000000e+01   1.5000000e+02  -8.5236358e+01
   8.8000000e+01   1.5300000e+02   9.4763642e+01
   1.0100000e+02   2.4000000e+01  -5.3130102e+01
   1.0600000e+02   1.4200000e+02  -9.0000000e+01
   1.1700000e+02   1.2700000e+02  -8.4805571e+01
   1.4700000e+02   3.7000000e+01  -3.0256437e+01
   2.1200000e+02   2.2500000e+02  -5.6309932e+01
   2.2500000e+02   2.6600000e+02  -3.0256437e+01
   2.3800000e+02   2.1100000e+02  -5.6309932e+01
   2.5000000e+02   2.6600000e+02   1.4630993e+02
   2.6500000e+02   1.0000000e+02   5.0194429e+01
   2.7400000e+02   1.7300000e+02  -7.1565051e+01
   2.7700000e+02   2.1200000e+02  -5.3130102e+01
   2.7800000e+02   1.4100000e+02  -1.0843495e+02
   2.7900000e+02   1.4900000e+02   9.4763642e+01
   2.8300000e+02   1.8300000e+02  -5.3130102e+01
   1.1900000e+02   1.4400000e+02  -9.5000000e+01
   1.2300000e+02   2.2600000e+02  -5.2000000e+01
   1.2500000e+02   1.3400000e+02   1.3100000e+02
   1.4100000e+02   1.1900000e+02  -7.6000000e+01
   1.4900000e+02   1.8900000e+02  -1.0900000e+02
   1.5200000e+02   2.4300000e+02   1.3500000e+02
   1.7500000e+02   2.2000000e+02  -6.6000000e+01
   1.8400000e+02   6.6000000e+01   0.0000000e+00
   1.8400000e+02   1.3600000e+02   7.1000000e+01
   1.8800000e+02   2.1400000e+02   1.1200000e+02
   1.9100000e+02   8.3000000e+01   1.4300000e+02
   1.9700000e+02   3.5000000e+01   1.7000000e+02
   2.0000000e+02   1.8500000e+02  -7.1000000e+01
   2.0500000e+02   1.1500000e+02   6.5000000e+01
   2.0900000e+02   6.9000000e+01  -1.7100000e+02
   2.2000000e+02   1.9000000e+02  -6.2000000e+01
   2.2300000e+02   8.6000000e+01  -1.5000000e+02
   2.2400000e+02   2.3800000e+02   1.4600000e+02
   2.3800000e+02   1.6300000e+02   9.9000000e+01
   2.4400000e+02   1.8000000e+02   1.0800000e+02
   2.5200000e+02   1.3000000e+02   6.7000000e+01
   2.6600000e+02   1.3400000e+02  -1.1700000e+02
   2.6800000e+02   1.4700000e+02   8.5000000e+01
