   1.0100000e+02   3.4400000e+02   1.2025644e+02
   1.2300000e+02   3.4400000e+02  -5.9743563e+01
   1.7600000e+02   2.3500000e+02  -2.2619865e+01
   1.8800000e+02   2.5200000e+02   1.5738014e+02
   2.1000000e+02   2.6900000e+02   0.0000000e+00
   2.4500000e+02   3.5600000e+02  -1.0403624e+02
   2.4700000e+02   2.5900000e+02  -1.6596376e+02
   2.5400000e+02   3.2800000e+02   5.0710593e+01
   2.5700000e+02   3.5300000e+02   6.1389540e+01
   1.4400000e+02   3.4900000e+02  -6.0000000e+01
   1.6600000e+02   3.4500000e+02   1.2900000e+02
   1.6700000e+02   3.2300000e+02   1.1600000e+02
   1.8200000e+02   3.1400000e+02   1.2300000e+02
   2.3100000e+02   3.1500000e+02   3.3000000e+01
   2.5600000e+02   2.9400000e+02  -1.5400000e+02
