   1.4700000e+02   2.9800000e+02   4.7636417e+00
   1.8900000e+02   3.0500000e+02   0.0000000e+00
   2.2000000e+02   3.0100000e+02   0.0000000e+00
   2.3100000e+02   2.0000000e+01  -1.6156505e+02
   2.6400000e+02   2.6600000e+02  -1.5738014e+02
   2.7600000e+02   2.2500000e+02  -1.1656505e+02
   9.4000000e+01   1.8100000e+02   1.2600000e+02
   1.1000000e+02   1.7600000e+02   1.3100000e+02
   1.4500000e+02   1.8200000e+02   1.5700000e+02
   1.4600000e+02   1.6100000e+02   1.5900000e+02
   1.4900000e+02   2.7000000e+01   1.6100000e+02
   1.7300000e+02   2.6900000e+02  -2.3000000e+01
   1.8600000e+02   2.0300000e+02   1.1600000e+02
   1.8600000e+02   2.9100000e+02   1.6500000e+02
   2.0400000e+02   1.3900000e+02   4.9000000e+01
   2.0500000e+02   2.1200000e+02   1.2600000e+02
   2.0700000e+02   1.3100000e+02   4.2000000e+01
   2.1300000e+02   2.3400000e+02  -7.6000000e+01
   2.1800000e+02   6.9000000e+01   2.6000000e+01
   2.2700000e+02   2.9000000e+01  -1.6200000e+02
   2.4200000e+02   2.1600000e+02   1.3800000e+02
   2.5000000e+02   2.8900000e+02   1.7000000e+02
   2.6900000e+02   2.5000000e+02   3.6000000e+01
   2.9000000e+02   9.6000000e+01  -1.3300000e+02
