   1.2600000e+02   1.1900000e+02  -5.0194429e+01
   1.3400000e+02   2.1900000e+02  -4.5000000e+01
   1.5700000e+02   2.5200000e+02   1.5094540e+02
   1.6000000e+02   5.2000000e+01  -3.2471192e+01
   1.7300000e+02   2.7600000e+02  -1.4036243e+01
   1.9300000e+02   2.6400000e+02   1.6596376e+02
   2.1500000e+02   5.4000000e+01   0.0000000e+00
   2.2100000e+02   2.2100000e+02  -5.7528808e+01
   2.2500000e+02   2.7200000e+02  -3.0256437e+01
   1.4000000e+02   1.6100000e+02   1.2600000e+02
   1.7600000e+02   1.4600000e+02   1.3000000e+02
