   1.3900000e+02   1.0900000e+02  -5.6309932e+01
   1.6200000e+02   1.9700000e+02  -5.6309932e+01
   2.1400000e+02   2.2900000e+02   1.5819859e+02
   2.1500000e+02   2.6500000e+02   1.1309932e+01
   2.2300000e+02   2.1100000e+02   1.4397263e+02
   2.2500000e+02   2.3400000e+02   1.6156505e+02
   2.5100000e+02   1.4000000e+02   1.1656505e+02
   2.5400000e+02   2.3500000e+02  -3.0256437e+01
   2.6400000e+02   2.3900000e+02   1.5603751e+02
   2.6700000e+02   1.6000000e+01   1.4036243e+01
   2.9900000e+02   4.6000000e+01  -1.5138954e+02
   3.0500000e+02   1.8900000e+02  -8.0537678e+01
   1.5800000e+02   1.2900000e+02   1.1800000e+02
   1.7400000e+02   1.1600000e+02  -5.4000000e+01
   1.9600000e+02   1.1200000e+02   1.2000000e+02
   2.4800000e+02   1.9200000e+02   1.3200000e+02
