   8.8000000e+01   2.4100000e+02  -8.5236358e+01
   9.6000000e+01   7.7000000e+01  -3.9289407e+01
   1.6100000e+02   2.0800000e+02  -7.9695154e+01
   1.8000000e+02   7.8000000e+01   1.7523636e+02
   1.8800000e+02   1.8900000e+02   8.5236358e+01
   1.8900000e+02   7.9000000e+01   1.4036243e+01
   1.9600000e+02   1.3400000e+02   3.9289407e+01
   2.2000000e+02   3.0700000e+02  -9.7125016e+01
   2.4100000e+02   1.9300000e+02  -1.1656505e+02
   2.4300000e+02   2.0200000e+02   9.0000000e+01
   2.7500000e+02   2.2800000e+02   1.3500000e+02
   2.7500000e+02   2.5700000e+02  -8.5236358e+01
   2.8600000e+02   2.5000000e+02   9.5194429e+01
   2.8700000e+02   9.4000000e+01  -1.4630993e+02
   2.9400000e+02   1.5400000e+02   6.3434949e+01
   1.3300000e+02   2.8300000e+02   5.7000000e+01
   1.5100000e+02   1.9200000e+02  -6.4000000e+01
   1.5300000e+02   1.7600000e+02   1.0800000e+02
   1.6300000e+02   2.9300000e+02  -1.0500000e+02
   1.7800000e+02   2.3500000e+02  -1.0900000e+02
   1.8100000e+02   2.5200000e+02  -1.0500000e+02
   1.8400000e+02   2.6500000e+02  -1.0000000e+02
   1.8500000e+02   2.7400000e+02  -1.0000000e+02
   1.9600000e+02   1.4600000e+02   8.0000000e+01
   2.0200000e+02   2.4200000e+02  -1.0000000e+02
   2.0600000e+02   1.8900000e+02  -9.0000000e+01
   2.0700000e+02   1.8000000e+02   9.0000000e+01
   2.1600000e+02   2.3400000e+02  -7.5000000e+01
   2.4500000e+02   2.1100000e+02   7.1000000e+01
