   8.3000000e+01   2.2400000e+02  -8.4805571e+01
   9.6000000e+01   2.3800000e+02   9.9462322e+01
   1.2500000e+02   3.0100000e+02  -4.5000000e+01
   1.3600000e+02   1.5900000e+02   1.2602737e+02
   1.6000000e+02   2.7200000e+02  -9.4763642e+01
   1.8500000e+02   3.1400000e+02  -9.4763642e+01
   1.9000000e+02   1.1400000e+02  -3.7874984e+01
   2.4200000e+02   3.3900000e+02  -9.5710593e+01
   2.5000000e+02   1.3900000e+02   4.5000000e+01
   2.5600000e+02   2.9500000e+02  -7.5963757e+01
   2.6700000e+02   3.0400000e+02  -7.1565051e+01
   2.7100000e+02   1.6200000e+02   5.3130102e+01
   2.9700000e+02   8.5000000e+01  -1.5738014e+02
   3.0500000e+02   1.7900000e+02   7.5963757e+01
   3.2000000e+02   1.6600000e+02  -1.1261986e+02
   8.9000000e+01   1.7600000e+02  -5.2000000e+01
   9.4000000e+01   1.8800000e+02   1.1600000e+02
   1.2200000e+02   2.8800000e+02   4.5000000e+01
   1.3400000e+02   2.5400000e+02  -8.1000000e+01
   1.4300000e+02   2.7500000e+02   1.0400000e+02
   1.5600000e+02   2.8200000e+02  -1.0900000e+02
   1.6800000e+02   2.4200000e+02   1.0400000e+02
   1.7500000e+02   2.1500000e+02   1.0800000e+02
   1.7700000e+02   2.0600000e+02  -6.8000000e+01
   1.8300000e+02   1.9300000e+02   1.1200000e+02
   1.9600000e+02   1.9100000e+02  -6.4000000e+01
   1.9600000e+02   2.5100000e+02   9.0000000e+01
   2.0000000e+02   2.2300000e+02   1.0400000e+02
   2.0700000e+02   2.7600000e+02  -9.5000000e+01
   2.0800000e+02   2.9000000e+02  -9.5000000e+01
   2.0800000e+02   2.9900000e+02  -9.5000000e+01
   2.3000000e+02   2.7000000e+02  -1.0000000e+02
   2.3200000e+02   2.4300000e+02   1.0400000e+02
   2.3600000e+02   1.9900000e+02  -5.4000000e+01
   2.4300000e+02   1.6700000e+02   7.9000000e+01
   3.0000000e+02   1.7100000e+02   4.5000000e+01
   3.0600000e+02   2.2700000e+02  -1.0500000e+02
   3.1200000e+02   8.2000000e+01  -1.5400000e+02
