   7.2000000e+01   1.6300000e+02  -4.8814075e+01
   8.6000000e+01   2.7300000e+02  -1.5343495e+02
   9.5000000e+01   2.8600000e+02   1.2980557e+02
   1.0800000e+02   1.7200000e+02  -7.3300756e+01
   1.6600000e+02   6.9000000e+01   1.4974356e+02
   1.7300000e+02   6.5000000e+01  -3.0256437e+01
   1.7900000e+02   1.1900000e+02  -4.1633539e+01
   2.2800000e+02   1.1600000e+02  -1.7523636e+02
   2.2800000e+02   3.3900000e+02  -1.0843495e+02
   2.3600000e+02   1.1600000e+02   2.2619865e+01
   2.5000000e+02   1.5500000e+02   5.0710593e+01
   2.5300000e+02   3.3700000e+02  -9.5710593e+01
   2.6000000e+02   1.1800000e+02   3.5537678e+01
   2.6500000e+02   2.0800000e+02   8.5236358e+01
   2.6600000e+02   2.9200000e+02  -8.5236358e+01
   2.8300000e+02   7.7000000e+01  -1.7053768e+02
   2.9000000e+02   8.3000000e+01   2.6565051e+01
   2.9700000e+02   2.8500000e+02  -8.5236358e+01
   3.0300000e+02   1.9100000e+02   9.0000000e+01
   8.1000000e+01   1.6900000e+02   1.1600000e+02
   8.4000000e+01   2.0900000e+02  -6.4000000e+01
   1.2700000e+02   2.5300000e+02   9.0000000e+01
   1.3800000e+02   2.5700000e+02   9.4000000e+01
   1.3800000e+02   2.8000000e+02   4.5000000e+01
   1.3900000e+02   2.4800000e+02   9.9000000e+01
   1.4800000e+02   2.8000000e+02   9.9000000e+01
   1.5700000e+02   3.2300000e+02  -1.1200000e+02
   1.6000000e+02   2.4900000e+02   7.5000000e+01
   1.7400000e+02   2.2000000e+02   1.2000000e+02
   1.9200000e+02   1.9400000e+02   1.1600000e+02
   1.9900000e+02   2.1900000e+02   9.0000000e+01
   2.0100000e+02   2.5500000e+02  -1.0000000e+02
   2.1600000e+02   3.3300000e+02  -1.1700000e+02
   2.1700000e+02   2.9200000e+02  -1.0000000e+02
   2.2500000e+02   3.2800000e+02  -1.0900000e+02
   2.3100000e+02   1.9900000e+02  -1.1500000e+02
   2.3600000e+02   1.6700000e+02   7.4000000e+01
   2.3600000e+02   2.7100000e+02  -1.0500000e+02
   2.6200000e+02   3.0700000e+02  -9.0000000e+01
   2.6700000e+02   2.2400000e+02  -1.0500000e+02
   2.8400000e+02   1.7000000e+02  -1.2400000e+02
   2.9500000e+02   1.6600000e+02   5.9000000e+01
   3.0300000e+02   1.7500000e+02  -1.3500000e+02
   3.0600000e+02   2.1600000e+02  -1.0900000e+02
