   7.2000000e+01   7.2000000e+01   1.3881407e+02
   7.2000000e+01   2.0000000e+02   7.5963757e+01
   7.8000000e+01   1.9400000e+02  -9.4763642e+01
   8.1000000e+01   2.0200000e+02   8.0537678e+01
   9.0000000e+01   1.5500000e+02   9.0000000e+01
   9.1000000e+01   2.6500000e+02  -1.2247119e+02
   9.6000000e+01   7.7000000e+01  -3.0256437e+01
   1.2900000e+02   9.0000000e+01  -1.8434949e+01
   1.4600000e+02   1.1200000e+02   9.4623222e+00
   1.6200000e+02   3.1800000e+02  -1.3163354e+02
   1.6900000e+02   3.0000000e+01  -1.7523636e+02
   2.0000000e+02   2.5900000e+02  -1.2686990e+02
   2.0700000e+02   3.2000000e+02  -1.6869007e+02
   2.0900000e+02   5.0000000e+01  -1.7523636e+02
   2.1400000e+02   3.2500000e+02   1.4036243e+01
   2.1800000e+02   5.3000000e+01   1.1309932e+01
   2.1800000e+02   3.3500000e+02  -1.7523636e+02
   2.4300000e+02   6.3000000e+01   2.2619865e+01
   2.5500000e+02   2.5800000e+02  -1.2686990e+02
   2.6100000e+02   9.1000000e+01   2.6565051e+01
   2.7900000e+02   1.3600000e+02   6.7380135e+01
   2.9400000e+02   2.5100000e+02  -9.9462322e+01
   3.1400000e+02   2.7600000e+02  -6.5556045e+01
   3.2000000e+02   2.3600000e+02  -9.4763642e+01
   3.2500000e+02   2.1200000e+02  -1.1656505e+02
   3.3300000e+02   2.1500000e+02   0.0000000e+00
   1.1700000e+02   1.4800000e+02  -6.0000000e+01
   1.2800000e+02   9.9000000e+01  -1.9000000e+01
   1.4300000e+02   2.0000000e+02   6.7000000e+01
   1.4700000e+02   2.5300000e+02  -1.3000000e+02
   1.4900000e+02   2.1100000e+02  -1.2300000e+02
   1.5200000e+02   1.6400000e+02   1.2200000e+02
   1.5400000e+02   2.6400000e+02   5.0000000e+01
   1.5700000e+02   1.7200000e+02  -1.3900000e+02
   1.7000000e+02   1.3200000e+02   1.8000000e+01
   1.7600000e+02   2.3000000e+02  -1.2500000e+02
   1.8500000e+02   2.9400000e+02  -1.3200000e+02
   1.9100000e+02   1.4000000e+02   3.3000000e+01
   2.0000000e+02   9.0000000e+01  -1.6200000e+02
   2.0400000e+02   8.2000000e+01   1.8000000e+01
   2.1200000e+02   2.2300000e+02   4.5000000e+01
   2.1800000e+02   2.1000000e+02   6.3000000e+01
   2.2700000e+02   1.1900000e+02   7.1000000e+01
   2.3100000e+02   1.7300000e+02  -1.3500000e+02
   2.3300000e+02   9.8000000e+01  -1.4400000e+02
   2.3900000e+02   1.4100000e+02  -1.3800000e+02
   2.4500000e+02   2.2700000e+02   5.6000000e+01
   2.6000000e+02   2.3100000e+02  -1.2300000e+02
   2.8700000e+02   1.8700000e+02  -1.2700000e+02
