   2.1300000e+02   2.5900000e+02  -4.0601295e+01
   2.8100000e+02   3.5800000e+02  -9.9462322e+01
   2.8800000e+02   1.7500000e+02  -1.7523636e+02
   2.9500000e+02   1.9100000e+02   1.7523636e+02
   3.2400000e+02   2.4600000e+02  -1.5343495e+02
   1.0300000e+02   2.8400000e+02  -4.8000000e+01
   1.1200000e+02   3.4300000e+02  -6.0000000e+01
   1.7300000e+02   2.9200000e+02   1.1600000e+02
   1.9700000e+02   3.5600000e+02   1.1600000e+02
   2.0400000e+02   2.7000000e+02   1.3100000e+02
   2.2700000e+02   2.0500000e+02   1.4900000e+02
   2.3400000e+02   3.5900000e+02  -1.4800000e+02
   2.4700000e+02   3.2000000e+02   1.0000000e+01
   2.5700000e+02   3.2200000e+02  -1.6600000e+02
   2.6300000e+02   3.6000000e+02   7.1000000e+01
   2.6800000e+02   2.5400000e+02   1.8000000e+01
   2.8300000e+02   3.0300000e+02   4.7000000e+01
   2.9600000e+02   3.1900000e+02  -1.2400000e+02
   3.0900000e+02   2.4900000e+02   2.2000000e+01
   3.1600000e+02   2.3000000e+02  -1.6200000e+02
   3.1600000e+02   3.1500000e+02   7.1000000e+01
   3.2600000e+02   2.5700000e+02  -1.5400000e+02
