   1.1500000e+02   6.4000000e+01  -5.0194429e+01
   1.2100000e+02   1.0000000e+02   1.2369007e+02
   1.2600000e+02   9.3000000e+01  -5.3130102e+01
   1.2700000e+02   2.7900000e+02  -9.6340192e+01
   1.3000000e+02   2.8900000e+02   9.0000000e+01
   1.3600000e+02   2.7800000e+02  -9.4763642e+01
   1.7500000e+02   3.2300000e+02  -1.3198721e+02
   1.8300000e+02   1.3500000e+02   1.1261986e+02
   1.9000000e+02   3.2500000e+02  -1.2865981e+02
   2.1400000e+02   1.1900000e+02  -4.8366461e+01
   2.2500000e+02   9.3000000e+01  -4.5000000e+01
   2.4600000e+02   1.6300000e+02   9.4763642e+01
   2.5100000e+02   7.0000000e+01   9.4623222e+00
   2.6400000e+02   3.0600000e+02  -1.2499202e+02
   2.7100000e+02   3.0100000e+02  -9.6340192e+01
   2.7800000e+02   7.7000000e+01   3.0256437e+01
   3.0300000e+02   3.4000000e+01  -1.0843495e+02
   3.1800000e+02   1.1400000e+02  -1.3748955e+02
   3.2200000e+02   1.2100000e+02   9.7125016e+01
   3.2800000e+02   7.4000000e+01  -1.5138954e+02
   3.3100000e+02   1.5900000e+02   9.0000000e+01
   1.0200000e+02   1.4800000e+02   1.1200000e+02
   1.0700000e+02   8.6000000e+01   1.2600000e+02
   1.2000000e+02   2.2000000e+02   1.0800000e+02
   1.7200000e+02   1.9400000e+02   9.9000000e+01
   1.7600000e+02   2.4400000e+02   1.0400000e+02
   1.8800000e+02   2.4000000e+02  -1.0500000e+02
   1.8900000e+02   2.5000000e+02  -1.0500000e+02
   1.9300000e+02   2.7200000e+02  -1.0000000e+02
   2.0000000e+02   1.5900000e+02   1.0400000e+02
   2.0500000e+02   1.8100000e+02   1.1400000e+02
   2.0600000e+02   1.7300000e+02   1.0400000e+02
   2.1800000e+02   2.6000000e+02  -1.1700000e+02
   2.2300000e+02   1.5500000e+02   1.1600000e+02
   2.5900000e+02   2.3300000e+02  -9.5000000e+01
   2.6800000e+02   8.3000000e+01   1.4000000e+01
   2.7300000e+02   2.2500000e+02  -7.2000000e+01
   2.8200000e+02   2.5800000e+02  -6.6000000e+01
   2.9100000e+02   2.6900000e+02  -9.0000000e+01
   3.2600000e+02   6.3000000e+01   3.3000000e+01
