   9.7000000e+01   2.1700000e+02  -7.1565051e+01
   9.9000000e+01   2.2600000e+02   9.4763642e+01
   1.0700000e+02   2.1200000e+02  -7.1565051e+01
   1.1000000e+02   2.2100000e+02   1.0030485e+02
   1.1100000e+02   8.6000000e+01   1.2980557e+02
   1.1800000e+02   1.0600000e+02   1.2928941e+02
   1.1800000e+02   2.2000000e+02   9.4763642e+01
   1.1900000e+02   2.0700000e+02  -7.8690068e+01
   1.2600000e+02   9.5000000e+01  -4.5000000e+01
   1.2800000e+02   2.1600000e+02   9.4763642e+01
   1.2900000e+02   2.0500000e+02  -8.2874984e+01
   1.3900000e+02   2.0000000e+02  -7.1565051e+01
   1.4300000e+02   6.7000000e+01   1.3500000e+02
   1.4300000e+02   2.8500000e+02  -1.1444395e+02
   1.4500000e+02   2.9300000e+02   4.9398705e+01
   1.5200000e+02   1.9700000e+02  -7.5963757e+01
   1.5200000e+02   2.3700000e+02  -9.9462322e+01
   1.7000000e+02   1.9800000e+02   9.4763642e+01
   1.7200000e+02   1.8800000e+02  -7.5963757e+01
   1.7900000e+02   1.9900000e+02   8.5236358e+01
   1.8100000e+02   1.9000000e+02  -7.5963757e+01
   1.8900000e+02   1.9800000e+02   8.5236358e+01
   1.9100000e+02   1.8800000e+02  -8.0537678e+01
   2.0600000e+02   2.0500000e+02   9.9462322e+01
   2.0800000e+02   1.9500000e+02  -8.5236358e+01
   2.1400000e+02   2.3600000e+02   7.9695154e+01
   2.1800000e+02   6.6000000e+01   1.7523636e+02
   2.1900000e+02   1.9100000e+02  -9.4763642e+01
   2.2600000e+02   6.8000000e+01   1.4036243e+01
   2.2800000e+02   1.9100000e+02  -9.4763642e+01
   2.2800000e+02   2.0200000e+02   9.4763642e+01
   2.3600000e+02   7.9000000e+01   2.2619865e+01
   2.3600000e+02   1.9000000e+02  -9.4763642e+01
   2.3600000e+02   1.9900000e+02   9.9462322e+01
   2.5300000e+02   1.1300000e+02   3.7874984e+01
   2.5700000e+02   4.0000000e+01  -1.6747119e+02
   2.5700000e+02   2.9300000e+02  -6.7380135e+01
   2.6000000e+02   1.8700000e+02  -9.0000000e+01
   2.7300000e+02   1.8700000e+02  -1.0403624e+02
   2.7300000e+02   1.9800000e+02   9.4763642e+01
   2.7700000e+02   6.9000000e+01  -1.5738014e+02
   2.8100000e+02   2.0000000e+02   9.9462322e+01
   2.8200000e+02   1.0700000e+02   5.3130102e+01
   2.8400000e+02   7.4000000e+01   3.3690068e+01
   2.8400000e+02   1.5400000e+02  -1.0843495e+02
   2.8600000e+02   1.6200000e+02   7.5963757e+01
   2.9200000e+02   1.8800000e+02  -9.9462322e+01
   2.9200000e+02   1.9900000e+02   9.9462322e+01
   3.0300000e+02   1.4100000e+02  -1.1861046e+02
   1.2800000e+02   2.3500000e+02   4.5000000e+01
   1.5800000e+02   1.7700000e+02   1.0800000e+02
   1.6300000e+02   1.4800000e+02   1.2300000e+02
   1.7900000e+02   1.5800000e+02  -5.6000000e+01
   1.9200000e+02   2.1800000e+02  -1.0500000e+02
   2.0100000e+02   1.7900000e+02   9.5000000e+01
