   9.0000000e+01   1.1000000e+02  -5.6309932e+01
   9.7000000e+01   2.2400000e+02  -7.5963757e+01
   1.0700000e+02   2.5200000e+02  -9.0000000e+01
   1.0800000e+02   2.3000000e+02   9.4763642e+01
   1.1000000e+02   8.2000000e+01   1.2686990e+02
   1.1100000e+02   1.4200000e+02  -6.3434949e+01
   1.1500000e+02   1.0300000e+02   1.1656505e+02
   1.1600000e+02   2.2600000e+02   9.4763642e+01
   1.2300000e+02   9.3000000e+01  -5.3130102e+01
   1.2600000e+02   2.0900000e+02  -8.5236358e+01
   1.3500000e+02   2.0600000e+02  -8.5236358e+01
   1.3500000e+02   2.1800000e+02   9.0000000e+01
   1.3500000e+02   2.9500000e+02  -9.5710593e+01
   1.4500000e+02   2.0300000e+02  -8.5236358e+01
   1.5600000e+02   1.9800000e+02  -8.5236358e+01
   1.6200000e+02   8.9000000e+01   1.3836646e+02
   1.7400000e+02   1.8800000e+02  -8.5236358e+01
   1.8200000e+02   4.1000000e+01  -1.8434949e+01
   1.8200000e+02   1.9000000e+02  -8.5236358e+01
   1.8300000e+02   1.9800000e+02   9.0000000e+01
   1.9000000e+02   2.8200000e+02  -9.4763642e+01
   2.0000000e+02   1.6800000e+02   9.0000000e+01
   2.0600000e+02   1.0300000e+02   1.6869007e+02
   2.0700000e+02   2.0500000e+02   9.9462322e+01
   2.0800000e+02   1.7100000e+02   9.0000000e+01
   2.2400000e+02   3.7000000e+01   1.4036243e+01
   2.3500000e+02   7.6000000e+01   2.6565051e+01
   2.4100000e+02   1.6100000e+02   9.0000000e+01
   2.4400000e+02   5.2000000e+01  -1.5738014e+02
   2.4900000e+02   1.9400000e+02  -9.9462322e+01
   2.5200000e+02   5.6000000e+01   2.6565051e+01
   2.5400000e+02   1.3900000e+02  -1.3163354e+02
   2.5600000e+02   1.4700000e+02   6.3434949e+01
   2.6900000e+02   1.2900000e+02   6.7380135e+01
   2.7000000e+02   2.0100000e+02   9.9462322e+01
   2.8000000e+02   1.0800000e+02   5.3130102e+01
   1.3500000e+02   2.3900000e+02   4.5000000e+01
   1.6200000e+02   1.4300000e+02   1.1600000e+02
   1.7800000e+02   1.5400000e+02  -6.2000000e+01
   1.9400000e+02   2.2000000e+02  -1.0000000e+02
   2.0000000e+02   1.7600000e+02   9.0000000e+01
