   1.1200000e+02   2.6900000e+02   6.3434949e+01
   1.1400000e+02   2.4800000e+02   6.7380135e+01
   1.1900000e+02   3.0200000e+02   5.0194429e+01
   1.2500000e+02   2.5700000e+02  -1.0030485e+02
   1.2900000e+02   3.2800000e+02   1.4036243e+01
   1.3100000e+02   3.3600000e+02  -1.5738014e+02
   1.3600000e+02   2.9300000e+02  -1.2787498e+02
   1.3800000e+02   3.4000000e+02   2.2619865e+01
   1.4500000e+02   3.0300000e+02   1.4036243e+01
   1.5100000e+02   2.4200000e+02   7.1565051e+01
   1.6500000e+02   1.3200000e+02  -5.6309932e+01
   1.6600000e+02   3.5000000e+02  -1.6156505e+02
   1.6800000e+02   2.3800000e+02   6.3434949e+01
   1.7400000e+02   2.2000000e+02   6.3434949e+01
   1.8400000e+02   5.9000000e+01   1.5343495e+02
   1.9100000e+02   3.5400000e+02  -1.7053768e+02
   1.9700000e+02   2.3100000e+02  -3.9805571e+01
   2.0300000e+02   1.1200000e+02  -2.2619865e+01
   2.0600000e+02   9.7000000e+01  -3.0256437e+01
   2.1000000e+02   2.7000000e+02   4.7636417e+00
   2.2900000e+02   3.6000000e+02  -1.7523636e+02
   2.3400000e+02   1.4000000e+02   1.8434949e+01
   2.3900000e+02   2.4400000e+02  -7.1565051e+01
   2.5600000e+02   1.4500000e+02   3.9289407e+01
   2.7100000e+02   2.7200000e+02   1.0403624e+02
   2.8400000e+02   2.9000000e+02  -1.5603751e+02
   2.9600000e+02   3.2100000e+02  -1.6596376e+02
   2.9900000e+02   3.1000000e+02  -1.4397263e+02
   3.0700000e+02   2.6000000e+02  -1.1261986e+02
   1.2300000e+02   1.8900000e+02   1.1600000e+02
   1.3900000e+02   1.9400000e+02   9.0000000e+01
   1.4200000e+02   1.8400000e+02  -6.8000000e+01
   1.5200000e+02   1.2200000e+02  -5.1000000e+01
   1.6800000e+02   6.5000000e+01   1.4000000e+02
   1.7900000e+02   3.0200000e+02   1.4000000e+01
   1.8200000e+02   4.2000000e+01   1.4600000e+02
   1.8500000e+02   2.6800000e+02   1.8000000e+01
   1.8800000e+02   2.3000000e+02  -1.2400000e+02
   1.9900000e+02   2.4100000e+02  -1.3500000e+02
   2.0700000e+02   7.3000000e+01   1.4900000e+02
   2.1100000e+02   2.4400000e+02  -1.7000000e+02
   2.1200000e+02   8.3000000e+01  -1.5000000e+01
   2.2200000e+02   1.4800000e+02   4.0000000e+00
   2.2200000e+02   2.8900000e+02  -1.0000000e+01
   2.2400000e+02   2.2900000e+02   6.0000000e+01
   2.2800000e+02   1.7800000e+02   2.6000000e+01
   2.3500000e+02   2.8700000e+02   1.7000000e+02
   2.4700000e+02   6.1000000e+01   4.0000000e+00
   2.5000000e+02   2.3900000e+02   1.2900000e+02
   2.5600000e+02   2.5600000e+02   1.2300000e+02
   2.5800000e+02   2.8200000e+02   1.4300000e+02
   2.6100000e+02   2.3900000e+02   6.8000000e+01
   2.7900000e+02   1.2300000e+02  -1.5100000e+02
   2.8700000e+02   1.1700000e+02   5.0000000e+01
