   9.8000000e+01   2.1400000e+02  -1.0843495e+02
   1.0100000e+02   2.6500000e+02  -1.5343495e+02
   1.0500000e+02   2.0900000e+02  -1.0843495e+02
   1.0700000e+02   2.1700000e+02   6.3434949e+01
   1.0800000e+02   2.7900000e+02   1.8434949e+01
   1.0900000e+02   2.8700000e+02  -1.5343495e+02
   1.1700000e+02   2.9100000e+02   2.2619865e+01
   1.2900000e+02   1.9300000e+02   7.1565051e+01
   1.3000000e+02   3.5200000e+02   2.8610460e+01
   1.4400000e+02   8.0000000e+01  -5.3130102e+01
   1.4400000e+02   3.5800000e+02  -1.5555605e+02
   1.4600000e+02   1.8700000e+02   6.7380135e+01
   1.5000000e+02   2.8700000e+02  -1.6596376e+02
   1.5100000e+02   1.6900000e+02   6.3434949e+01
   1.5800000e+02   2.8900000e+02   9.4623222e+00
   1.6600000e+02   3.2100000e+02   0.0000000e+00
   1.6800000e+02   3.0500000e+02  -1.7523636e+02
   1.7100000e+02   3.3700000e+02   1.8434949e+01
   1.7400000e+02   1.8000000e+02  -4.2510447e+01
   1.8000000e+02   3.2500000e+02   1.8434949e+01
   1.8200000e+02   6.1000000e+01  -2.2619865e+01
   1.8500000e+02   4.6000000e+01  -2.6565051e+01
   1.8800000e+02   2.2000000e+02   0.0000000e+00
   1.9900000e+02   1.9100000e+02   9.0000000e+01
   2.0600000e+02   1.8600000e+02  -1.2865981e+02
   2.1100000e+02   9.0000000e+01   1.4036243e+01
   2.1500000e+02   1.9500000e+02  -6.7380135e+01
   2.3400000e+02   9.5000000e+01   3.9805571e+01
   2.4100000e+02   1.9200000e+02   9.0000000e+01
   2.4500000e+02   3.2300000e+02   1.7523636e+02
   2.4600000e+02   3.0000000e+02  -1.7053768e+02
   2.4700000e+02   2.2600000e+02   1.1180141e+02
   2.5400000e+02   3.0100000e+02   1.8434949e+01
   2.5900000e+02   2.4400000e+02  -1.4799462e+02
   2.5900000e+02   2.9200000e+02  -1.7053768e+02
   2.7200000e+02   2.5300000e+02  -1.2025644e+02
   1.0100000e+02   1.3900000e+02   1.1200000e+02
   1.3100000e+02   7.2000000e+01  -4.8000000e+01
   1.5800000e+02   2.5100000e+02   1.8000000e+01
   1.6200000e+02   2.1700000e+02   1.8000000e+01
   1.6500000e+02   1.7900000e+02  -1.2400000e+02
   1.7500000e+02   1.9000000e+02  -1.3300000e+02
   1.8700000e+02   2.3000000e+01   1.5300000e+02
   1.9900000e+02   2.3900000e+02  -5.0000000e+00
   2.0000000e+02   1.7800000e+02   5.3000000e+01
   2.0000000e+02   3.4400000e+02  -1.7100000e+02
   2.0300000e+02   1.0900000e+02   4.0000000e+00
   2.0900000e+02   1.4000000e+02  -1.7600000e+02
   2.1100000e+02   2.3800000e+02   1.7500000e+02
   2.2700000e+02   1.8800000e+02   1.2600000e+02
   2.3300000e+02   2.0700000e+02   1.2600000e+02
   2.3500000e+02   2.3400000e+02   1.4900000e+02
   2.5500000e+02   1.9000000e+02  -1.0000000e+02
