   1.0900000e+02   2.1900000e+02   7.5963757e+01
   1.2500000e+02   2.1400000e+02   6.7380135e+01
   1.2800000e+02   1.0800000e+02  -5.3130102e+01
   1.3100000e+02   1.9800000e+02   6.3434949e+01
   1.6200000e+02   2.9800000e+02   1.4036243e+01
   1.6500000e+02   9.1000000e+01  -2.2619865e+01
   1.6700000e+02   2.4900000e+02   4.7636417e+00
   1.9500000e+02   3.0500000e+02  -1.6330076e+02
   1.9600000e+02   2.2400000e+02  -7.1565051e+01
   2.0400000e+02   2.8900000e+02  -4.7636417e+00
   2.1500000e+02   1.2500000e+02   3.6869898e+01
   2.2300000e+02   7.9000000e+01  -1.6596376e+02
   2.2800000e+02   2.5300000e+02   1.0525512e+02
   2.3500000e+02   2.8200000e+02  -1.7523636e+02
   2.4100000e+02   2.7100000e+02  -1.4630993e+02
   2.5500000e+02   3.0000000e+02  -1.7053768e+02
   2.5800000e+02   2.8900000e+02  -1.4974356e+02
   2.7600000e+02   1.6800000e+02   7.1565051e+01
   2.7600000e+02   2.7800000e+02  -1.2980557e+02
   2.9700000e+02   1.5400000e+02  -1.1656505e+02
   8.5000000e+01   1.6100000e+02   1.2200000e+02
   1.0000000e+02   1.6900000e+02   9.9000000e+01
   1.0300000e+02   1.5800000e+02  -6.8000000e+01
   1.1700000e+02   9.6000000e+01  -4.8000000e+01
   1.3600000e+02   2.7800000e+02   2.2000000e+01
   1.3700000e+02   3.9000000e+01   1.4600000e+02
   1.4400000e+02   2.0800000e+02  -1.2100000e+02
   1.4500000e+02   1.8700000e+02  -8.6000000e+01
   1.4900000e+02   1.9400000e+02  -4.5000000e+01
   1.5300000e+02   3.0000000e+01  -2.3000000e+01
   1.5500000e+02   2.2100000e+02  -1.3000000e+02
   1.6800000e+02   2.2400000e+02  -1.7100000e+02
   1.7400000e+02   5.1000000e+01   1.5700000e+02
   1.7600000e+02   1.9500000e+02   1.4900000e+02
   1.7800000e+02   6.1000000e+01  -1.0000000e+01
   1.7800000e+02   2.6800000e+02  -1.0000000e+01
   1.8100000e+02   1.2800000e+02   9.0000000e+00
   1.8100000e+02   2.1000000e+02   6.3000000e+01
   1.8600000e+02   1.5900000e+02   2.6000000e+01
   1.9100000e+02   2.6600000e+02   1.7000000e+02
   2.0700000e+02   2.2000000e+02  -8.1000000e+01
   2.1400000e+02   2.3600000e+02   1.2600000e+02
   2.1600000e+02   4.2000000e+01   9.0000000e+00
   2.1600000e+02   2.6200000e+02   1.4900000e+02
   2.1900000e+02   3.2400000e+02  -1.7600000e+02
   2.3700000e+02   2.1700000e+02   5.9000000e+01
