   8.5000000e+01   1.8100000e+02   9.0000000e+01
   8.6000000e+01   1.7100000e+02  -9.0000000e+01
   1.0900000e+02   2.5100000e+02   7.5963757e+01
   1.5300000e+02   1.9400000e+02  -9.4763642e+01
   1.5900000e+02   3.4600000e+02  -1.2686990e+02
   1.6600000e+02   2.5600000e+02  -9.9462322e+01
   1.6700000e+02   3.1200000e+02  -1.2025644e+02
   1.6700000e+02   3.3400000e+02   4.2510447e+01
   1.8400000e+02   3.5600000e+02  -1.4974356e+02
   1.9900000e+02   1.3400000e+02   1.4313010e+02
   2.0400000e+02   2.9000000e+02   3.6869898e+01
   2.0600000e+02   1.2900000e+02  -2.2619865e+01
   2.0800000e+02   2.5800000e+02   2.6565051e+01
   2.1100000e+02   1.2000000e+02   1.5738014e+02
   2.1500000e+02   2.7700000e+02   2.6565051e+01
   2.3500000e+02   1.5100000e+02   9.4623222e+00
   2.4400000e+02   2.1900000e+02  -1.9983107e+01
   2.6300000e+02   2.4200000e+02  -1.5738014e+02
   2.6800000e+02   2.8000000e+02  -3.0256437e+01
   2.7600000e+02   2.4300000e+02  -1.0403624e+02
   3.0000000e+02   2.7900000e+02  -5.9743563e+01
   8.5000000e+01   1.9500000e+02  -9.0000000e+01
   1.0900000e+02   1.0500000e+02   1.4500000e+02
   1.1900000e+02   1.3700000e+02  -9.0000000e+01
   1.2200000e+02   1.2100000e+02   1.1600000e+02
   1.2600000e+02   2.2600000e+02  -1.0900000e+02
   1.3800000e+02   1.9100000e+02   1.0400000e+02
   1.5800000e+02   1.1700000e+02   1.2600000e+02
   1.6000000e+02   1.4800000e+02   1.1200000e+02
   1.6300000e+02   1.2600000e+02  -4.5000000e+01
   1.6600000e+02   2.4700000e+02  -1.1300000e+02
   2.0700000e+02   1.8600000e+02   1.1200000e+02
   2.1000000e+02   2.4000000e+02  -1.1300000e+02
   2.2500000e+02   2.5700000e+02  -1.6200000e+02
   2.4400000e+02   2.9200000e+02  -1.0000000e+01
   2.5400000e+02   2.3900000e+02   1.8000000e+01
   2.6200000e+02   3.2500000e+02  -1.9000000e+01
   2.7000000e+02   2.6800000e+02  -9.0000000e+01
   2.8400000e+02   2.3200000e+02   6.1000000e+01
   2.8800000e+02   2.9100000e+02  -3.4000000e+01
   2.9000000e+02   2.5700000e+02   1.1600000e+02
   2.9700000e+02   2.6200000e+02  -8.1000000e+01
   3.0000000e+02   2.4500000e+02   9.0000000e+01
