   1.1700000e+02   7.1000000e+01  -1.4071059e+02
   1.2500000e+02   1.2000000e+02  -1.6156505e+02
   1.3100000e+02   1.3000000e+02   1.4036243e+01
   1.4600000e+02   1.4100000e+02   1.8434949e+01
   1.6500000e+02   7.1000000e+01  -1.6001689e+02
   1.8400000e+02   1.1100000e+02  -1.7523636e+02
   1.9500000e+02   7.7000000e+01   1.4036243e+01
   2.2500000e+02   4.0000000e+01  -2.6565051e+01
   2.3100000e+02   8.0000000e+01   1.8000000e+02
   2.3200000e+02   1.4600000e+02   1.7523636e+02
   2.3900000e+02   7.9000000e+01   9.4623222e+00
   2.4200000e+02   1.1900000e+02  -1.7523636e+02
   2.5400000e+02   7.1000000e+01   1.7523636e+02
   2.5900000e+02   2.8000000e+01   1.1444395e+02
   1.0700000e+02   1.0200000e+02   3.3000000e+01
   1.1500000e+02   1.8900000e+02   7.1000000e+01
   1.6900000e+02   5.9000000e+01   9.0000000e+00
   1.7800000e+02   1.8600000e+02  -1.7100000e+02
   2.0000000e+02   1.5500000e+02   1.4000000e+01
   2.1000000e+02   1.9600000e+02   3.3000000e+01
   2.1100000e+02   4.5000000e+01  -1.0000000e+01
   2.4600000e+02   3.7000000e+01   1.4700000e+02
