   7.0000000e+01   1.9100000e+02   7.1565051e+01
   8.3000000e+01   7.8000000e+01  -5.3130102e+01
   8.4000000e+01   1.8500000e+02   5.7528808e+01
   9.6000000e+01   2.6500000e+02  -1.6596376e+02
   1.1100000e+02   1.7600000e+02  -5.0194429e+01
   1.1700000e+02   3.0900000e+02  -1.7523636e+02
   1.2600000e+02   2.7200000e+02   9.4623222e+00
   1.3000000e+02   3.2800000e+02   1.8434949e+01
   1.6800000e+02   2.6100000e+02  -4.7636417e+00
   1.9900000e+02   2.5600000e+02  -1.6596376e+02
   2.2000000e+02   2.7500000e+02  -1.6596376e+02
   2.2200000e+02   2.6300000e+02  -1.4630993e+02
   2.4100000e+02   2.5200000e+02  -1.3500000e+02
   2.4700000e+02   4.6000000e+01  -1.2686990e+02
   2.4900000e+02   1.9400000e+02  -1.2247119e+02
   2.5000000e+02   7.8000000e+01  -1.2787498e+02
   7.0000000e+01   2.4300000e+02   4.1000000e+01
   1.0100000e+02   1.5000000e+02   1.0400000e+02
   1.0200000e+02   2.5200000e+02   1.4000000e+01
   1.0300000e+02   1.7500000e+02  -1.2100000e+02
   1.1200000e+02   1.8500000e+02  -1.3300000e+02
   1.1800000e+02   4.4000000e+01   1.4300000e+02
   1.3100000e+02   2.0000000e+01   1.5700000e+02
   1.3400000e+02   3.0000000e+01  -1.5000000e+01
   1.3900000e+02   2.3700000e+02  -1.0000000e+01
   1.4000000e+02   1.2000000e+02   3.3000000e+01
   1.4600000e+02   1.1200000e+02  -1.7600000e+02
   1.6300000e+02   1.8700000e+02   1.3700000e+02
   1.6400000e+02   9.0000000e+01  -1.5400000e+02
   1.7300000e+02   2.0300000e+02   1.2300000e+02
   1.7600000e+02   1.8600000e+02   6.3000000e+01
   1.7700000e+02   5.1000000e+01   2.2000000e+01
   1.9600000e+02   1.8700000e+02   6.3000000e+01
   2.0900000e+02   3.2500000e+02  -1.7600000e+02
   2.1100000e+02   3.0200000e+02   1.8000000e+01
   2.2500000e+02   6.2000000e+01  -1.3800000e+02
   2.5100000e+02   1.7600000e+02  -1.2100000e+02
   2.5200000e+02   1.0200000e+02  -1.3200000e+02
   2.5400000e+02   1.2300000e+02  -1.2400000e+02
