   1.1200000e+02   3.3700000e+02   3.9805571e+01
   1.1600000e+02   2.7300000e+02   9.0000000e+01
   1.5300000e+02   2.6900000e+02   7.1565051e+01
   1.5400000e+02   2.3800000e+02   9.7125016e+01
   1.8200000e+02   1.2100000e+02  -2.6565051e+01
   1.8700000e+02   3.5400000e+02   3.3690068e+01
   1.8800000e+02   1.4400000e+02  -2.2619865e+01
   1.9200000e+02   2.0500000e+02   1.3881407e+02
   2.0900000e+02   3.3300000e+02   1.8000000e+02
   2.1700000e+02   3.3100000e+02   1.5255119e+01
   2.2300000e+02   1.3500000e+02   1.8000000e+02
   2.2900000e+02   1.5800000e+02  -1.7287498e+02
   2.3500000e+02   3.2300000e+02   1.7053768e+02
