   9.4000000e+01   1.9500000e+02   1.0403624e+02
   1.1200000e+02   2.1700000e+02   1.0403624e+02
   1.1500000e+02   2.7900000e+02  -1.8434949e+01
   1.1900000e+02   2.5900000e+02  -4.2273689e+01
   1.4000000e+02   3.3100000e+02  -9.4623222e+00
   1.4400000e+02   3.1300000e+02   4.7636417e+00
   1.4700000e+02   2.5100000e+02  -1.2499202e+02
   1.4900000e+02   1.5100000e+02   1.0403624e+02
   1.5000000e+02   3.4700000e+02   9.0000000e+01
   1.5300000e+02   3.2900000e+02   1.7053768e+02
   1.5700000e+02   2.3300000e+02   6.7380135e+01
   1.6300000e+02   2.5800000e+02  -1.3198721e+02
   1.6900000e+02   2.9700000e+02  -1.7523636e+02
   1.9100000e+02   2.8800000e+02  -1.4974356e+02
   2.0000000e+02   7.7000000e+01  -3.3690068e+01
   2.0000000e+02   2.5300000e+02  -1.3500000e+02
   2.0300000e+02   3.5900000e+02   1.7053768e+02
   2.0800000e+02   2.8100000e+02  -1.5343495e+02
   2.0800000e+02   3.5100000e+02   1.8000000e+02
   2.1800000e+02   2.4500000e+02  -1.2980557e+02
   2.2000000e+02   3.5100000e+02   0.0000000e+00
   2.2700000e+02   3.1000000e+02  -1.6596376e+02
   2.3200000e+02   2.6700000e+02   3.0256437e+01
   2.3500000e+02   2.8900000e+02  -1.5738014e+02
   2.3700000e+02   3.4200000e+02   1.8000000e+02
   2.3800000e+02   3.5000000e+02   1.8000000e+02
   2.4300000e+02   2.7500000e+02  -1.4500798e+02
   2.4600000e+02   3.4500000e+02   1.5255119e+01
   2.4900000e+02   3.1300000e+02   7.1250163e+00
   2.5400000e+02   3.0600000e+02  -1.7053768e+02
   2.6000000e+02   2.9300000e+02  -1.5819859e+02
   2.7800000e+02   3.0500000e+02  -1.7053768e+02
   2.8100000e+02   2.8900000e+02  -1.6156505e+02
   2.8600000e+02   2.9900000e+02  -1.6156505e+02
   2.8700000e+02   1.7300000e+02  -1.1261986e+02
   2.9000000e+02   2.9200000e+02   0.0000000e+00
   2.9300000e+02   2.6800000e+02  -1.5738014e+02
   3.0800000e+02   2.2300000e+02  -1.4630993e+02
   1.0000000e+02   2.0600000e+02  -9.0000000e+01
   1.1400000e+02   1.4300000e+02   1.1200000e+02
   1.2600000e+02   1.9300000e+02   1.1200000e+02
   1.7100000e+02   3.4400000e+02   1.7000000e+02
   2.1100000e+02   1.2400000e+02   1.0800000e+02
   2.1700000e+02   8.0000000e+01   1.4000000e+01
   2.2300000e+02   1.1700000e+02   1.0400000e+02
   2.2900000e+02   9.6000000e+01   3.0000000e+01
   2.2900000e+02   2.7900000e+02   3.0000000e+01
   2.3600000e+02   1.2600000e+02  -1.2700000e+02
   2.3900000e+02   2.2000000e+01   2.6000000e+01
   2.5200000e+02   2.4800000e+02   3.0000000e+01
   2.5800000e+02   2.1700000e+02   4.2000000e+01
   2.7800000e+02   7.8000000e+01  -1.2700000e+02
   2.8900000e+02   4.6000000e+01   5.0000000e+01
   2.9000000e+02   8.2000000e+01   5.6000000e+01
