   9.7000000e+01   2.2700000e+02  -1.1861046e+02
   1.0800000e+02   2.0900000e+02   7.1565051e+01
   1.1400000e+02   1.5300000e+02   9.0000000e+01
   1.1400000e+02   2.3400000e+02  -1.3500000e+02
   1.1900000e+02   5.6000000e+01  -7.1565051e+01
   1.2200000e+02   3.2200000e+02  -9.4623222e+00
   1.4000000e+02   2.6500000e+02  -1.5343495e+02
   1.5100000e+02   2.2900000e+02  -1.3500000e+02
   1.5400000e+02   3.3100000e+02  -1.7523636e+02
   1.5400000e+02   3.4700000e+02   1.8000000e+02
   1.5500000e+02   2.8400000e+02   1.4036243e+01
   1.6000000e+02   4.7000000e+01  -2.6565051e+01
   1.6100000e+02   7.9000000e+01  -2.6565051e+01
   1.6800000e+02   2.2000000e+02  -1.2369007e+02
   1.7200000e+02   3.5100000e+02  -4.7636417e+00
   1.7400000e+02   2.8900000e+02  -1.6156505e+02
   1.8100000e+02   2.4400000e+02   2.6565051e+01
   1.8300000e+02   2.6700000e+02  -1.5738014e+02
   1.8400000e+02   3.2300000e+02  -1.7523636e+02
   1.8400000e+02   3.3100000e+02  -1.7523636e+02
   1.9300000e+02   3.2700000e+02   1.0304846e+01
   1.9400000e+02   2.5000000e+02  -1.5738014e+02
   2.0000000e+02   1.9600000e+02  -1.2369007e+02
   2.0200000e+02   2.8600000e+02  -1.7053768e+02
   2.0500000e+02   2.0300000e+02   4.5000000e+01
   2.2900000e+02   2.6800000e+02  -1.6156505e+02
   2.3700000e+02   2.7200000e+02  -4.7636417e+00
   2.4000000e+02   2.4700000e+02  -1.4974356e+02
   2.4900000e+02   2.1700000e+02  -1.4019443e+02
   2.7100000e+02   1.9800000e+02  -1.4630993e+02
   2.7400000e+02   2.0600000e+02   2.2619865e+01
   1.3800000e+02   1.0700000e+02   1.0800000e+02
   1.6900000e+02   9.4000000e+01   1.1200000e+02
   1.7800000e+02   5.3000000e+01   1.4000000e+01
   1.8400000e+02   1.4900000e+02   6.0000000e+01
   1.8900000e+02   6.9000000e+01   3.3000000e+01
   2.0100000e+02   2.2400000e+02   3.6000000e+01
   2.1000000e+02   1.9300000e+02   4.7000000e+01
   2.3600000e+02   5.0000000e+01  -1.2100000e+02
   2.3900000e+02   2.9200000e+02  -5.0000000e+00
   2.4800000e+02   1.9000000e+01   5.6000000e+01
   2.4800000e+02   5.5000000e+01   6.3000000e+01
   2.7300000e+02   4.1000000e+01  -1.2100000e+02
