   1.3300000e+02   1.7400000e+02   1.2025644e+02
   1.3500000e+02   3.4200000e+02   0.0000000e+00
   1.3800000e+02   2.9700000e+02  -1.2686990e+02
   1.4700000e+02   1.1000000e+02   1.3500000e+02
   1.4700000e+02   2.8900000e+02  -1.1656505e+02
   1.5200000e+02   3.5400000e+02  -1.4134019e+02
   1.6700000e+02   3.3400000e+02  -1.3772631e+02
   1.7800000e+02   3.5800000e+02  -1.4974356e+02
   2.0000000e+02   3.8000000e+01   1.5738014e+02
   2.1100000e+02   3.4900000e+02  -1.4630993e+02
   2.1500000e+02   3.5600000e+02   2.2619865e+01
   2.2200000e+02   3.8000000e+01   1.7523636e+02
   2.2700000e+02   3.3500000e+02  -1.3251045e+02
   2.4300000e+02   3.6000000e+02  -1.5138954e+02
   2.7600000e+02   6.9000000e+01   5.0710593e+01
   2.8300000e+02   3.2700000e+02  -1.6596376e+02
   3.0200000e+02   1.7000000e+01  -1.4313010e+02
   3.1200000e+02   3.0300000e+02  -1.5343495e+02
   3.5900000e+02   8.4000000e+01  -9.4763642e+01
   3.6600000e+02   1.3200000e+02  -9.9462322e+01
   1.7000000e+02   1.1900000e+02   1.2300000e+02
   1.7300000e+02   1.6700000e+02  -6.0000000e+01
   1.8600000e+02   9.7000000e+01   1.3500000e+02
   1.9100000e+02   2.0000000e+02   1.0400000e+02
   1.9600000e+02   3.0200000e+02   4.7000000e+01
   2.4500000e+02   5.4000000e+01  -1.7100000e+02
   2.5700000e+02   2.5300000e+02  -1.0000000e+02
   2.5800000e+02   4.3000000e+01   4.5000000e+01
   2.6500000e+02   8.8000000e+01   4.8000000e+01
   2.6900000e+02   1.9300000e+02   9.0000000e+01
   3.0100000e+02   1.2700000e+02  -1.2500000e+02
   3.0500000e+02   5.9000000e+01  -1.3000000e+02
   3.1800000e+02   1.5500000e+02   5.7000000e+01
   3.3300000e+02   1.6000000e+02  -1.2300000e+02
