   2.7000000e+01   9.9000000e+01  -6.8198591e+01
   4.6000000e+01   5.4000000e+01   1.3500000e+02
   5.2000000e+01   2.1000000e+02   8.5236358e+01
   8.6000000e+01   5.4000000e+01   1.8000000e+02
   9.1000000e+01   3.1000000e+01   0.0000000e+00
   1.0200000e+02   1.5200000e+02   9.9462322e+01
   1.0800000e+02   4.2000000e+01   9.4623222e+00
   1.2000000e+02   2.9100000e+02  -1.4630993e+02
   1.5800000e+02   1.3400000e+02  -1.2980557e+02
   1.7000000e+02   3.1400000e+02   1.8000000e+02
   1.7100000e+02   1.4600000e+02   5.3130102e+01
   1.7300000e+02   2.6800000e+02  -1.6156505e+02
   1.7300000e+02   3.4700000e+02  -2.2619865e+01
   1.9300000e+02   3.2500000e+02   1.7053768e+02
   2.1400000e+02   2.9900000e+02   1.8000000e+02
   2.1900000e+02   2.7700000e+02  -1.7523636e+02
   2.2400000e+02   2.9900000e+02  -1.8434949e+01
   2.3300000e+02   2.2400000e+02  -1.6596376e+02
   2.4100000e+02   2.2900000e+02   0.0000000e+00
   2.6100000e+02   2.3500000e+02   1.5555605e+02
   5.5000000e+01   1.4700000e+02  -7.2000000e+01
   6.6000000e+01   1.4500000e+02   1.0400000e+02
   7.5000000e+01   5.3000000e+01   1.4900000e+02
   7.6000000e+01   3.8000000e+01  -5.0000000e+00
   8.2000000e+01   1.8100000e+02   9.9000000e+01
   1.1500000e+02   6.2000000e+01   9.0000000e+00
   1.2900000e+02   1.4400000e+02   1.6500000e+02
   1.3400000e+02   1.5800000e+02  -1.7100000e+02
   1.6400000e+02   6.9000000e+01   3.6000000e+01
   1.9100000e+02   7.9000000e+01  -1.3500000e+02
   2.0600000e+02   7.0000000e+01   3.3000000e+01
   2.3800000e+02   1.7700000e+02  -1.4700000e+02
