   7.5000000e+01   6.9000000e+01  -7.8690068e+01
   7.7000000e+01   5.9000000e+01   1.0130993e+02
   8.9000000e+01   1.4700000e+02   1.0403624e+02
   1.0300000e+02   1.6300000e+02  -1.1861046e+02
   1.0800000e+02   6.4000000e+01   9.9462322e+01
   1.0800000e+02   2.4100000e+02   1.7053768e+02
   1.1300000e+02   2.6800000e+02  -1.4036243e+01
   1.1400000e+02   1.4400000e+02   6.7380135e+01
   1.1900000e+02   1.6900000e+02  -1.3198721e+02
   1.2000000e+02   8.8000000e+01   9.0000000e+01
   1.2400000e+02   2.0900000e+02  -1.7523636e+02
   1.2700000e+02   2.8300000e+02   1.7053768e+02
   1.4700000e+02   1.9800000e+02  -1.5738014e+02
   1.5300000e+02   2.7300000e+02   1.7523636e+02
   1.6100000e+02   2.6300000e+02   1.8000000e+02
   1.6100000e+02   2.8000000e+02   1.6596376e+02
   1.6200000e+02   1.9100000e+02  -1.4752881e+02
   1.6200000e+02   2.7100000e+02   4.7636417e+00
   1.6500000e+02   3.5000000e+02  -1.0304846e+01
   1.7500000e+02   2.6100000e+02   0.0000000e+00
   1.7600000e+02   3.4800000e+02   1.6969515e+02
   1.7700000e+02   1.5200000e+02  -1.2686990e+02
   1.8100000e+02   2.2000000e+02  -1.7053768e+02
   1.8500000e+02   2.9400000e+02   9.4763642e+01
   1.9000000e+02   1.7400000e+02   3.2471192e+01
   1.9000000e+02   2.5300000e+02   1.8000000e+02
   1.9100000e+02   1.9800000e+02  -1.5738014e+02
   1.9100000e+02   2.6100000e+02   1.8000000e+02
   1.9700000e+02   3.4900000e+02   0.0000000e+00
   1.9900000e+02   2.5700000e+02   1.0304846e+01
   2.0100000e+02   1.8100000e+02  -1.4752881e+02
   2.0400000e+02   2.2300000e+02  -4.7636417e+00
   2.0700000e+02   3.5000000e+02   0.0000000e+00
   2.0900000e+02   2.1600000e+02  -1.7523636e+02
   2.1700000e+02   2.8600000e+02   1.6869007e+02
   2.2800000e+02   2.8500000e+02   4.7636417e+00
   2.4400000e+02   2.8600000e+02   1.7523636e+02
   2.4900000e+02   1.7700000e+02  -1.5343495e+02
   2.5500000e+02   1.4900000e+02  -1.2928941e+02
   2.6200000e+02   1.0100000e+02  -1.2787498e+02
   2.7600000e+02   1.3200000e+02  -1.3500000e+02
   2.8000000e+02   1.3900000e+02   2.6565051e+01
   2.9000000e+02   1.1500000e+02  -1.2025644e+02
   8.4000000e+01   1.0600000e+02   1.1800000e+02
   1.0600000e+02   4.9000000e+01   1.1200000e+02
   1.4500000e+02   4.1000000e+01   1.1200000e+02
   1.5300000e+02   1.2700000e+02  -1.1300000e+02
   1.5600000e+02   6.6000000e+01  -9.5000000e+01
   1.7300000e+02   6.3000000e+01  -1.0000000e+02
   1.9300000e+02   8.0000000e+01   6.3000000e+01
   1.9300000e+02   2.2900000e+02   1.7500000e+02
   2.0100000e+02   2.9000000e+01  -1.4800000e+02
   2.0300000e+02   2.7200000e+02  -1.7600000e+02
   2.0900000e+02   1.5600000e+02   3.0000000e+01
   2.1200000e+02   2.7300000e+02   4.0000000e+00
   2.2000000e+02   1.2400000e+02   4.7000000e+01
   2.2200000e+02   5.3000000e+01  -1.0900000e+02
   2.4200000e+02   6.3000000e+01  -1.0900000e+02
   2.4600000e+02   2.2300000e+02  -5.0000000e+00
