   6.0000000e+01   9.0000000e+01   9.4763642e+01
   6.6000000e+01   1.4400000e+02   1.0403624e+02
   7.7000000e+01   1.7200000e+02   8.5236358e+01
   8.8000000e+01   1.5000000e+01   1.2686990e+02
   1.2000000e+02   2.7600000e+02  -1.4134019e+02
   1.2300000e+02   6.9000000e+01  -3.0256437e+01
   1.3100000e+02   3.2600000e+02   0.0000000e+00
   1.3300000e+02   2.3600000e+02  -1.2980557e+02
   1.3700000e+02   2.5800000e+02  -1.4313010e+02
   1.4100000e+02   3.0400000e+02  -1.6474488e+02
   1.4900000e+02   1.1900000e+02   8.0537678e+01
   1.5000000e+02   2.8300000e+02  -1.5738014e+02
   1.5900000e+02   2.6600000e+02  -1.5738014e+02
   1.6000000e+02   3.4200000e+02   1.0304846e+01
   1.6700000e+02   2.3700000e+02  -1.4019443e+02
   1.8800000e+02   3.4700000e+02  -1.7523636e+02
   1.9600000e+02   2.8200000e+02  -1.6596376e+02
   2.0300000e+02   6.7000000e+01   5.1340192e+01
   2.0300000e+02   2.8600000e+02   0.0000000e+00
   2.0700000e+02   2.6200000e+02  -1.5343495e+02
   2.1300000e+02   2.3300000e+02  -1.3500000e+02
   2.5700000e+02   2.3400000e+02   1.7053768e+02
   2.6700000e+02   2.7000000e+02  -1.7053768e+02
   2.6800000e+02   2.8800000e+02  -1.7053768e+02
   2.7100000e+02   2.0000000e+01  -1.2602737e+02
   2.7200000e+02   5.7000000e+01   9.0000000e+01
   2.7400000e+02   6.8000000e+01  -1.2980557e+02
   2.7400000e+02   2.0100000e+02  -1.6474488e+02
   2.7500000e+02   1.8200000e+02  -1.5343495e+02
   2.7600000e+02   1.6000000e+02  -1.3500000e+02
   8.5000000e+01   8.1000000e+01  -6.0000000e+01
   1.0200000e+02   1.2500000e+02   1.0800000e+02
   1.3600000e+02   1.3100000e+02  -1.0500000e+02
   1.4000000e+02   7.3000000e+01   9.0000000e+00
   1.4900000e+02   1.6700000e+02   6.3000000e+01
   1.5300000e+02   8.6000000e+01   3.6000000e+01
   1.6600000e+02   1.8200000e+02  -1.1700000e+02
   2.0900000e+02   3.8000000e+01   5.0000000e+01
   2.0900000e+02   7.4000000e+01   5.9000000e+01
   2.3100000e+02   3.4800000e+02   4.0000000e+00
   2.3400000e+02   5.8000000e+01  -1.2100000e+02
   2.4900000e+02   5.7000000e+01   4.5000000e+01
   2.7500000e+02   2.4000000e+02  -1.7600000e+02
   2.8000000e+02   1.3400000e+02  -1.3000000e+02
