   1.0300000e+02   3.5000000e+01   1.2369007e+02
   1.1700000e+02   3.1000000e+02  -5.3972627e+01
   1.1800000e+02   1.8400000e+02   9.4763642e+01
   1.3000000e+02   3.2000000e+02  -2.6565051e+01
   1.3200000e+02   2.9900000e+02  -4.7726311e+01
   1.5800000e+02   2.8900000e+02  -1.2602737e+02
   1.5800000e+02   3.4600000e+02   1.7523636e+02
   1.6500000e+02   3.5000000e+02  -4.7636417e+00
   1.8700000e+02   3.3000000e+02   1.8000000e+02
   1.8700000e+02   3.4600000e+02   1.6596376e+02
   2.0700000e+02   3.3400000e+02   1.7053768e+02
   2.0900000e+02   3.1700000e+02  -1.6596376e+02
   2.1500000e+02   3.3100000e+02   0.0000000e+00
   2.2200000e+02   3.0800000e+02  -1.6156505e+02
   2.3000000e+02   2.7300000e+02  -1.3500000e+02
   2.5300000e+02   3.1100000e+02  -1.7053768e+02
   3.4500000e+02   2.3800000e+02  -1.3500000e+02
   3.4700000e+02   2.1800000e+02  -1.3227369e+02
   1.0000000e+02   2.3600000e+02   1.1400000e+02
   1.0600000e+02   2.4700000e+02  -6.6000000e+01
   1.1500000e+02   2.5300000e+02   1.1600000e+02
   1.3000000e+02   2.3500000e+02  -9.0000000e+01
   1.3200000e+02   1.4400000e+02   1.0400000e+02
   1.3600000e+02   2.5300000e+02   4.5000000e+01
   1.4000000e+02   1.4400000e+02  -7.1000000e+01
   1.4300000e+02   6.4000000e+01   1.2300000e+02
   1.4500000e+02   1.8700000e+02   1.0800000e+02
   1.4600000e+02   1.9000000e+01   1.4300000e+02
   1.5600000e+02   2.6900000e+02   6.3000000e+01
   1.6800000e+02   2.6400000e+02  -1.1300000e+02
   1.7200000e+02   1.4300000e+02   1.0400000e+02
   1.7500000e+02   2.2700000e+02  -1.3900000e+02
   1.7600000e+02   4.1000000e+01  -9.0000000e+01
   1.9700000e+02   4.2000000e+01   1.5700000e+02
   1.9900000e+02   1.7800000e+02   9.0000000e+01
   2.0100000e+02   9.3000000e+01   1.2900000e+02
   2.0200000e+02   2.7000000e+01   2.1000000e+01
   2.1600000e+02   1.7000000e+01   4.0000000e+00
   2.2000000e+02   3.5800000e+02   1.7000000e+02
   2.2100000e+02   7.6000000e+01   1.7000000e+02
   2.2100000e+02   2.8300000e+02   2.2000000e+01
   2.3000000e+02   9.6000000e+01   1.7500000e+02
   2.3400000e+02   5.6000000e+01   1.8000000e+01
   2.4100000e+02   2.0700000e+02  -1.0900000e+02
   2.6600000e+02   2.7100000e+02   2.2000000e+01
   2.7500000e+02   2.4100000e+02   3.9000000e+01
   2.8400000e+02   7.0000000e+01   3.9000000e+01
   3.1100000e+02   2.5800000e+02   1.8000000e+01
   3.1300000e+02   8.5000000e+01  -1.3300000e+02
   3.2600000e+02   3.3500000e+02   1.7000000e+02
   3.3200000e+02   8.1000000e+01   3.6000000e+01
