   1.0700000e+02   1.6700000e+02  -7.5963757e+01
   1.3500000e+02   5.1000000e+01   1.6156505e+02
   1.3800000e+02   2.0400000e+02   9.0000000e+01
   1.4000000e+02   1.9400000e+02  -5.7994617e+01
   1.4600000e+02   1.5600000e+02  -2.6565051e+01
   1.6000000e+02   1.7400000e+02  -2.6565051e+01
   2.0700000e+02   3.1300000e+02   3.6869898e+01
   2.1400000e+02   1.9200000e+02  -1.1261986e+02
   2.1900000e+02   1.9900000e+02   6.3434949e+01
   2.2500000e+02   1.5300000e+02   4.5000000e+01
   2.3800000e+02   3.4800000e+02  -1.5738014e+02
   2.6600000e+02   3.0900000e+02   2.6565051e+01
   2.7100000e+02   2.7500000e+02   6.1389540e+01
   2.7900000e+02   2.2400000e+02  -1.1656505e+02
   2.8000000e+02   3.1500000e+02  -1.5738014e+02
   1.6300000e+02   1.6100000e+02   9.0000000e+00
   1.9100000e+02   1.9900000e+02   6.1000000e+01
   2.3100000e+02   1.2600000e+02   4.7000000e+01
   2.3200000e+02   1.6100000e+02   5.3000000e+01
   2.7400000e+02   1.4800000e+02   4.5000000e+01
