   1.1100000e+02   1.6000000e+02  -4.5000000e+01
   1.1600000e+02   1.3400000e+02  -4.5000000e+01
   1.1600000e+02   2.0800000e+02  -6.3434949e+01
   1.2200000e+02   1.1600000e+02   1.3227369e+02
   1.3600000e+02   8.5000000e+01   1.4799462e+02
   1.3900000e+02   1.3600000e+02   1.4903624e+02
   1.4600000e+02   1.3100000e+02  -2.9054604e+01
   1.4900000e+02   2.4400000e+02   1.0669924e+02
   1.5500000e+02   1.4300000e+02   1.3801279e+02
   1.6200000e+02   1.3900000e+02  -2.2619865e+01
   1.8000000e+02   2.6000000e+02   1.1974488e+02
   1.8100000e+02   3.2000000e+02   1.0843495e+02
   1.8400000e+02   3.0900000e+02  -7.5963757e+01
   1.8800000e+02   2.4300000e+02  -5.0194429e+01
   1.9100000e+02   6.7000000e+01   4.7636417e+00
   1.9600000e+02   4.5000000e+01   1.7523636e+02
   2.0300000e+02   6.8000000e+01  -1.7523636e+02
   2.0900000e+02   3.2000000e+02  -9.0000000e+01
   2.3000000e+02   1.7400000e+02   3.6869898e+01
   2.3000000e+02   2.5900000e+02  -1.4630993e+02
   2.3600000e+02   3.2100000e+02  -1.1396249e+02
   2.3700000e+02   2.8900000e+02  -1.4071059e+02
   2.4100000e+02   3.1100000e+02  -1.2686990e+02
   2.4200000e+02   2.5700000e+02  -1.4974356e+02
   2.4200000e+02   2.6500000e+02   5.0710593e+01
   2.4500000e+02   2.9800000e+02   4.5000000e+01
   2.4600000e+02   6.9000000e+01  -1.6596376e+02
   2.5600000e+02   2.1200000e+02  -1.2369007e+02
   2.6200000e+02   1.3100000e+02   4.2510447e+01
   2.6900000e+02   2.5400000e+02  -1.2025644e+02
   2.7700000e+02   2.3800000e+02  -1.1656505e+02
   2.7900000e+02   1.7800000e+02  -1.2865981e+02
   1.9700000e+02   2.1600000e+02   0.0000000e+00
   2.0200000e+02   1.3100000e+02   4.0000000e+00
   2.2700000e+02   2.8000000e+02   4.1000000e+01
   2.3300000e+02   2.5100000e+02   3.3000000e+01
