   1.4300000e+02   1.7200000e+02   1.2980557e+02
   1.8500000e+02   2.1100000e+02  -2.2619865e+01
   1.8800000e+02   2.6800000e+02  -8.5236358e+01
   1.9600000e+02   2.6000000e+02  -8.0537678e+01
   2.2100000e+02   3.3300000e+02   8.5236358e+01
   2.2500000e+02   3.1900000e+02  -9.9462322e+01
   2.3100000e+02   3.1300000e+02  -9.9462322e+01
   2.4400000e+02   3.5500000e+02   3.0256437e+01
   2.5100000e+02   2.5600000e+02  -1.5738014e+02
   2.5700000e+02   2.6300000e+02   3.3690068e+01
   2.7000000e+02   1.6800000e+02  -1.4974356e+02
   2.7200000e+02   2.5300000e+02   3.0256437e+01
   2.7700000e+02   2.4300000e+02  -1.4630993e+02
   2.8300000e+02   2.5100000e+02   3.3690068e+01
   2.9100000e+02   2.2200000e+02   3.9805571e+01
   2.9100000e+02   2.4800000e+02   3.3690068e+01
   2.9400000e+02   3.4900000e+02  -1.5343495e+02
   3.2100000e+02   2.9900000e+02  -1.4397263e+02
   3.2900000e+02   2.9400000e+02  -1.4630993e+02
   3.2900000e+02   3.0600000e+02   3.0256437e+01
   1.6900000e+02   1.4700000e+02  -1.5000000e+01
   1.7900000e+02   2.5100000e+02   1.0400000e+02
   2.0300000e+02   1.7600000e+02   1.7500000e+02
   2.2900000e+02   2.8100000e+02   9.4000000e+01
   2.4000000e+02   2.5100000e+02   2.4000000e+01
   2.4800000e+02   2.8000000e+02   2.2000000e+01
