   1.1400000e+02   1.0000000e+02  -6.7380135e+01
   1.1700000e+02   7.7000000e+01   1.1656505e+02
   1.1800000e+02   1.8100000e+02  -4.5000000e+01
   1.2200000e+02   6.3000000e+01  -6.3434949e+01
   1.2800000e+02   7.2000000e+01   1.2247119e+02
   1.3100000e+02   6.3000000e+01  -6.3434949e+01
   1.3700000e+02   1.9400000e+02  -3.3690068e+01
   1.4900000e+02   1.5400000e+02  -6.3434949e+01
   1.5400000e+02   1.9000000e+02  -9.4623222e+00
   1.5500000e+02   1.2700000e+02   1.1656505e+02
   1.5700000e+02   1.1700000e+02  -6.3434949e+01
   1.6000000e+02   2.1000000e+01   1.3772631e+02
   1.6500000e+02   1.6900000e+02   1.5255119e+01
   1.6600000e+02   5.6000000e+01  -5.6309932e+01
   1.7000000e+02   6.4000000e+01   1.2686990e+02
   1.7700000e+02   5.3000000e+01  -4.2273689e+01
   1.8300000e+02   1.1300000e+02  -6.7380135e+01
   1.9600000e+02   1.7300000e+02  -1.2686990e+02
   2.1600000e+02   2.2100000e+02  -1.4500798e+02
   2.2200000e+02   1.7100000e+02  -1.2686990e+02
   2.2500000e+02   2.2400000e+02   2.2619865e+01
   2.3300000e+02   2.0700000e+02  -1.4974356e+02
   2.3800000e+02   7.3000000e+01  -1.2025644e+02
   2.4000000e+02   8.1000000e+01   5.9743563e+01
   2.4500000e+02   2.5700000e+02  -1.5738014e+02
   2.4800000e+02   3.0000000e+01  -1.2369007e+02
   2.4800000e+02   7.2000000e+01  -1.2247119e+02
   2.5000000e+02   8.0000000e+01   6.7380135e+01
   2.5600000e+02   1.8400000e+02   5.1340192e+01
   2.6500000e+02   7.4000000e+01  -1.1656505e+02
   2.7100000e+02   1.4100000e+02  -1.2025644e+02
   2.7300000e+02   7.7000000e+01  -1.1261986e+02
   2.7300000e+02   1.4900000e+02   5.7528808e+01
   2.7500000e+02   8.7000000e+01   5.1340192e+01
   2.7500000e+02   2.4200000e+02  -1.4397263e+02
   2.7900000e+02   5.8000000e+01   7.1565051e+01
   2.8000000e+02   2.2000000e+02   4.5000000e+01
   2.8100000e+02   1.3900000e+02  -1.2602737e+02
   2.8200000e+02   1.4900000e+02   5.3972627e+01
   2.8900000e+02   1.3900000e+02  -1.2025644e+02
   2.9400000e+02   3.8000000e+01  -1.1261986e+02
   2.9400000e+02   1.5100000e+02   5.3130102e+01
   1.3900000e+02   2.3800000e+02   1.6500000e+02
   1.6500000e+02   3.8000000e+01  -3.7000000e+01
   1.6800000e+02   2.3800000e+02  -1.6600000e+02
   1.6900000e+02   1.5200000e+02   1.2600000e+02
   1.7400000e+02   8.4000000e+01   1.2200000e+02
   1.7700000e+02   1.7700000e+02   3.6000000e+01
   1.9500000e+02   8.6000000e+01   1.1600000e+02
   1.9500000e+02   1.0700000e+02   1.1900000e+02
   2.0400000e+02   2.0100000e+02   3.3000000e+01
   2.1300000e+02   9.3000000e+01   4.7000000e+01
   2.2100000e+02   6.5000000e+01   5.9000000e+01
   2.8300000e+02   9.7000000e+01  -1.2900000e+02
