   5.6000000e+01   2.5400000e+02  -6.7380135e+01
   7.1000000e+01   1.0200000e+02  -3.3690068e+01
   8.0000000e+01   1.6500000e+02  -4.7726311e+01
   8.2000000e+01   6.8000000e+01   1.4974356e+02
   1.0300000e+02   3.3800000e+02  -6.3434949e+01
   1.2000000e+02   3.5100000e+02   9.4623222e+00
   1.3600000e+02   1.8400000e+02   0.0000000e+00
   1.9000000e+02   2.8300000e+02  -1.3163354e+02
   2.0300000e+02   3.2000000e+01   2.6565051e+01
   2.1300000e+02   3.7000000e+01  -1.5343495e+02
   2.3100000e+02   2.2900000e+02   6.7380135e+01
   2.3700000e+02   3.1300000e+02  -1.2369007e+02
   2.4100000e+02   3.2300000e+02   4.7726311e+01
   2.4700000e+02   2.0900000e+02  -1.1656505e+02
   2.6000000e+02   1.4400000e+02  -1.2025644e+02
   2.6400000e+02   1.7100000e+02  -1.2369007e+02
   2.6900000e+02   2.2600000e+02   5.6309932e+01
   5.6000000e+01   1.7500000e+02   1.2000000e+02
   7.7000000e+01   1.3400000e+02  -3.4000000e+01
   1.0000000e+02   2.0900000e+02   1.1800000e+02
   1.1400000e+02   2.1800000e+02  -4.3000000e+01
   1.2400000e+02   3.1200000e+02   1.1400000e+02
   1.2400000e+02   3.3400000e+02   1.2600000e+02
   1.3400000e+02   1.5600000e+02   1.5700000e+02
   1.4600000e+02   1.1800000e+02   4.0000000e+00
   1.5100000e+02   3.0000000e+01   9.0000000e+00
   1.8100000e+02   3.5600000e+02   3.9000000e+01
   1.9800000e+02   2.6400000e+02  -1.1700000e+02
   2.1000000e+02   3.5500000e+02   4.5000000e+01
   2.1700000e+02   2.9700000e+02  -1.2100000e+02
   2.5600000e+02   1.3600000e+02  -1.2700000e+02
