   1.2600000e+02   1.4000000e+02  -4.5000000e+01
   1.3700000e+02   9.8000000e+01  -4.5000000e+01
   1.6000000e+02   8.3000000e+01  -3.3690068e+01
   1.7000000e+02   5.0000000e+01   1.4974356e+02
   1.9500000e+02   3.1300000e+02  -5.6309932e+01
   2.1200000e+02   3.2600000e+02   4.7636417e+00
   2.4000000e+02   3.1700000e+02  -1.3163354e+02
   2.4700000e+02   3.2700000e+02  -1.3500000e+02
   3.2800000e+02   2.0400000e+02   6.7380135e+01
   3.4100000e+02   1.8300000e+02  -1.1656505e+02
   1.5600000e+02   3.0700000e+02  -5.1000000e+01
   1.6900000e+02   1.1400000e+02  -3.4000000e+01
   1.7300000e+02   1.4800000e+02   1.2300000e+02
   2.1900000e+02   3.0900000e+02   1.3500000e+02
   2.3700000e+02   9.9000000e+01   4.0000000e+00
   2.7600000e+02   3.2900000e+02   3.6000000e+01
   3.0400000e+02   3.2800000e+02   4.1000000e+01
   3.3400000e+02   2.4300000e+02   6.3000000e+01
