   1.7300000e+02   1.9300000e+02   1.3163354e+02
   1.7800000e+02   1.0300000e+02  -1.8434949e+01
   1.7800000e+02   2.1200000e+02  -5.9743563e+01
   1.8500000e+02   2.1900000e+02  -5.9036243e+01
   1.9000000e+02   9.9000000e+01   1.6156505e+02
   1.9400000e+02   1.3500000e+02   0.0000000e+00
   2.2600000e+02   2.6700000e+02   7.0016893e+01
   2.3700000e+02   2.9000000e+02   6.0945396e+01
   2.4000000e+02   1.8000000e+02  -1.2025644e+02
   2.4600000e+02   2.1000000e+02   0.0000000e+00
   2.4700000e+02   2.3100000e+02  -1.1656505e+02
   2.4900000e+02   1.7500000e+02   6.7380135e+01
   2.4900000e+02   3.3100000e+02   4.1987212e+01
   2.5000000e+02   2.2000000e+02   6.3434949e+01
   2.5500000e+02   1.3400000e+02  -1.2928941e+02
   2.7500000e+02   1.6000000e+02   9.0000000e+01
   1.9300000e+02   1.5600000e+02   4.0000000e+00
