   1.3100000e+02   1.6700000e+02  -4.9398705e+01
   1.4400000e+02   2.0700000e+02  -6.9443955e+01
   1.4700000e+02   1.9900000e+02   1.1055605e+02
   1.4800000e+02   8.3000000e+01   1.5094540e+02
   1.5100000e+02   1.9100000e+02  -2.2619865e+01
   1.5800000e+02   6.5000000e+01   0.0000000e+00
   1.6100000e+02   1.4000000e+02   2.4443955e+01
   1.6200000e+02   2.1200000e+02   2.8610460e+01
   1.7200000e+02   1.2200000e+02   3.4992020e+01
   1.7400000e+02   2.2000000e+02  -1.4134019e+02
   1.7600000e+02   8.3000000e+01   9.4623222e+00
   1.8000000e+02   2.2700000e+02   5.9743563e+01
   1.9500000e+02   1.9700000e+02   6.3434949e+01
   2.0100000e+02   1.8700000e+02  -1.1656505e+02
   2.0600000e+02   2.1800000e+02  -1.1656505e+02
   2.0900000e+02   1.8500000e+02  -1.0525512e+02
   2.2100000e+02   5.4000000e+01  -1.3939871e+02
   2.3100000e+02   4.6000000e+01   9.0000000e+01
   2.3300000e+02   1.7900000e+02   7.4744881e+01
   2.4100000e+02   6.9000000e+01   4.5000000e+01
