   9.9000000e+01   3.3800000e+02  -1.3772631e+02
   2.9700000e+02   3.4000000e+02  -1.6156505e+02
   9.5000000e+01   3.0100000e+02   1.1400000e+02
   1.1300000e+02   2.4800000e+02   1.0400000e+02
   1.4600000e+02   9.9000000e+01   1.4000000e+02
   1.5900000e+02   2.3500000e+02  -1.7600000e+02
   1.6000000e+02   3.4400000e+02  -1.3300000e+02
   1.6100000e+02   3.3000000e+02  -1.3900000e+02
   1.6900000e+02   2.3800000e+02  -9.5000000e+01
   1.7900000e+02   2.9400000e+02  -1.2000000e+01
   1.8700000e+02   3.2900000e+02  -1.3500000e+02
   2.1400000e+02   1.8500000e+02   1.0000000e+01
   2.2000000e+02   8.3000000e+01   1.4000000e+01
   2.3600000e+02   6.5000000e+01   1.0000000e+01
   2.4100000e+02   1.6600000e+02  -1.6200000e+02
   2.5100000e+02   9.3000000e+01   1.8000000e+01
   2.7100000e+02   2.5400000e+02  -1.3500000e+02
   2.7200000e+02   2.9600000e+02   0.0000000e+00
   2.9000000e+02   3.5800000e+02  -1.7100000e+02
   2.9100000e+02   3.2800000e+02  -1.5000000e+02
   3.0100000e+02   1.7400000e+02   4.5000000e+01
   3.0300000e+02   1.6300000e+02   4.5000000e+01
   3.1600000e+02   2.4200000e+02   5.9000000e+01
