   6.8000000e+01   1.4800000e+02  -6.7380135e+01
   1.7500000e+02   3.5900000e+02  -1.6596376e+02
   2.6200000e+02   3.2900000e+02  -1.7053768e+02
   8.0000000e+01   2.8800000e+02   6.1000000e+01
   8.6000000e+01   9.3000000e+01  -3.4000000e+01
   9.4000000e+01   1.9900000e+02   1.0500000e+02
   9.7000000e+01   2.5000000e+02  -9.5000000e+01
   9.9000000e+01   8.4000000e+01   1.4300000e+02
   1.0800000e+02   2.5200000e+02   6.7000000e+01
   1.1000000e+02   3.5900000e+02  -1.6200000e+02
   1.2800000e+02   1.8000000e+02   1.0800000e+02
   1.3300000e+02   6.5000000e+01   1.5700000e+02
   1.3500000e+02   2.3600000e+02  -1.0000000e+02
   1.3700000e+02   1.8400000e+02   1.1200000e+02
   1.4000000e+02   1.3700000e+02   1.4000000e+02
   1.4300000e+02   1.4800000e+02   1.5300000e+02
   1.4500000e+02   3.5300000e+02  -1.4100000e+02
   1.4700000e+02   5.4000000e+01   0.0000000e+00
   1.6100000e+02   2.0600000e+02   1.0400000e+02
   1.7300000e+02   6.9000000e+01   1.4000000e+01
   1.7800000e+02   1.6500000e+02  -1.6600000e+02
   1.8900000e+02   6.2000000e+01   1.4000000e+01
   1.9300000e+02   3.5900000e+02  -1.5800000e+02
   2.0300000e+02   7.8000000e+01  -1.5400000e+02
   2.0300000e+02   2.7700000e+02   3.3000000e+01
   2.1300000e+02   1.5800000e+02  -1.4700000e+02
   2.2700000e+02   1.8500000e+02  -1.3500000e+02
   2.3200000e+02   1.2000000e+02  -1.4400000e+02
   2.4000000e+02   2.8900000e+02   2.2000000e+01
   2.4200000e+02   1.8600000e+02  -1.3300000e+02
   2.4300000e+02   3.3600000e+02   9.0000000e+00
   2.5100000e+02   2.5400000e+02  -1.4100000e+02
   2.5800000e+02   3.4900000e+02  -1.7600000e+02
   2.5900000e+02   3.3800000e+02  -1.7600000e+02
   2.6500000e+02   2.8000000e+02   1.0000000e+01
   2.7500000e+02   2.8400000e+02  -1.6200000e+02
   2.8400000e+02   3.0300000e+02   0.0000000e+00
