   8.5000000e+01   1.3300000e+02  -6.7380135e+01
   9.5000000e+01   2.7300000e+02   7.5963757e+01
   9.8000000e+01   2.8500000e+02  -1.0403624e+02
   1.0000000e+02   2.9700000e+02  -1.3836646e+02
   1.4600000e+02   3.3800000e+02  -1.4397263e+02
   1.5100000e+02   3.6000000e+02  -1.5343495e+02
   1.5200000e+02   1.3600000e+02   0.0000000e+00
   1.5800000e+02   3.3600000e+02  -1.4630993e+02
   2.3700000e+02   3.6000000e+02   1.6330076e+02
   1.0300000e+02   1.7800000e+02  -7.2000000e+01
   1.0600000e+02   2.1500000e+02   9.0000000e+01
   1.0800000e+02   2.4800000e+02  -1.0000000e+02
   1.1500000e+02   3.1700000e+02  -1.4200000e+02
   1.1900000e+02   2.8500000e+02   5.0000000e+01
   1.2100000e+02   3.3400000e+02   3.0000000e+01
   1.3200000e+02   1.9300000e+02  -9.0000000e+01
   1.3200000e+02   3.5200000e+02   1.8000000e+01
   1.4000000e+02   2.0100000e+02  -1.0000000e+02
   1.4100000e+02   1.3400000e+02  -1.6000000e+02
   1.4100000e+02   1.4400000e+02   4.5000000e+01
   1.5300000e+02   2.1500000e+02  -9.5000000e+01
   1.5300000e+02   3.5000000e+02  -1.5800000e+02
   1.5600000e+02   1.2100000e+02   1.4000000e+02
   1.6300000e+02   2.4600000e+02  -1.1300000e+02
   1.7200000e+02   2.2300000e+02  -1.0500000e+02
   1.7600000e+02   1.7100000e+02   0.0000000e+00
   1.8800000e+02   1.9700000e+02   1.1200000e+02
   1.9000000e+02   1.8900000e+02   0.0000000e+00
   1.9700000e+02   2.0200000e+02   1.0400000e+02
   1.9700000e+02   2.3100000e+02   7.5000000e+01
   2.0200000e+02   2.3800000e+02  -1.3200000e+02
   2.0800000e+02   1.4100000e+02   2.6000000e+01
   2.2100000e+02   1.4800000e+02  -1.4700000e+02
   2.2300000e+02   2.5700000e+02   3.6000000e+01
   2.3000000e+02   1.6600000e+02  -1.5800000e+02
   2.3800000e+02   3.3600000e+02  -1.6200000e+02
   2.4700000e+02   3.4000000e+02   4.0000000e+00
   2.4900000e+02   1.0500000e+02  -1.4700000e+02
   2.5100000e+02   2.1700000e+02   9.0000000e+01
   2.6100000e+02   1.6800000e+02  -1.4100000e+02
   2.8700000e+02   2.5200000e+02   3.6000000e+01
   2.8800000e+02   1.8300000e+02   5.0000000e+01
