   6.9000000e+01   3.4700000e+02  -1.2865981e+02
   1.6900000e+02   1.3500000e+02   1.5343495e+02
   1.7800000e+02   1.3400000e+02  -3.2471192e+01
   4.8000000e+01   2.9300000e+02  -1.2100000e+02
   5.0000000e+01   3.3600000e+02  -1.3900000e+02
   7.0000000e+01   2.1700000e+02   1.4300000e+02
   7.7000000e+01   1.8800000e+02  -3.7000000e+01
   9.2000000e+01   2.4900000e+02   1.0800000e+02
   1.0900000e+02   1.8800000e+02   1.3500000e+02
   1.1100000e+02   3.4900000e+02  -1.1300000e+02
   1.1600000e+02   2.5500000e+02  -9.0000000e+01
   1.1600000e+02   3.5700000e+02   5.9000000e+01
   1.2100000e+02   2.9800000e+02  -9.0000000e+01
   1.2300000e+02   2.3800000e+02   1.3500000e+02
   1.2900000e+02   2.5200000e+02  -7.6000000e+01
   1.4100000e+02   2.2400000e+02  -9.0000000e+01
   1.5200000e+02   2.1200000e+02   1.3200000e+02
   1.6900000e+02   2.8900000e+02   1.0400000e+02
   1.8000000e+02   2.8800000e+02  -9.0000000e+01
   1.8100000e+02   3.0500000e+02  -1.0900000e+02
   1.8500000e+02   2.5300000e+02  -4.3000000e+01
   1.9600000e+02   1.7400000e+02   1.4300000e+02
   2.0100000e+02   8.8000000e+01   1.7500000e+02
   2.0800000e+02   1.1600000e+02   1.7500000e+02
   2.2000000e+02   1.6500000e+02   1.8000000e+01
   2.2000000e+02   2.4100000e+02  -1.2700000e+02
   2.3000000e+02   2.6800000e+02  -7.5000000e+01
   2.3700000e+02   2.0100000e+02  -1.2400000e+02
   2.3800000e+02   3.1600000e+02  -9.0000000e+01
   2.3900000e+02   2.7800000e+02  -8.1000000e+01
   2.4700000e+02   3.0900000e+02  -9.5000000e+01
   2.5000000e+02   2.4700000e+02   9.0000000e+01
   2.5700000e+02   2.1900000e+02  -1.1300000e+02
   2.5700000e+02   2.2700000e+02  -1.0000000e+02
   2.6100000e+02   9.7000000e+01  -1.6200000e+02
   2.6900000e+02   2.7400000e+02  -8.6000000e+01
   2.8000000e+02   2.7400000e+02   9.4000000e+01
   2.9000000e+02   1.2600000e+02   4.7000000e+01
   3.0000000e+02   1.6600000e+02   6.3000000e+01
   3.0500000e+02   2.0300000e+02   6.5000000e+01
