   5.0000000e+01   1.3200000e+02  -9.9462322e+01
   8.8000000e+01   2.2700000e+02  -1.6156505e+02
   8.9000000e+01   1.5000000e+01   1.2369007e+02
   2.2800000e+02   1.7600000e+02  -1.5555605e+02
   5.3000000e+01   1.1700000e+02   1.1900000e+02
   9.0000000e+01   4.8000000e+01  -9.0000000e+01
   9.3000000e+01   2.0200000e+02   4.1000000e+01
   9.8000000e+01   4.9000000e+01  -1.0000000e+02
   1.0500000e+02   1.6000000e+01   1.1800000e+02
   1.0800000e+02   2.1300000e+02   2.2000000e+01
   1.1700000e+02   1.0300000e+02  -1.0900000e+02
   1.1900000e+02   2.0700000e+02  -1.4400000e+02
   1.2200000e+02   2.4100000e+02  -1.6200000e+02
   1.3000000e+02   2.4300000e+02   4.0000000e+00
   1.3000000e+02   2.6500000e+02   9.0000000e+00
   1.3900000e+02   1.5000000e+01  -2.3000000e+01
   1.4300000e+02   2.0700000e+02  -1.6200000e+02
   1.4600000e+02   1.7900000e+02  -1.3800000e+02
   1.4700000e+02   7.4000000e+01  -8.6000000e+01
   1.4900000e+02   1.9400000e+02  -1.3800000e+02
   1.5700000e+02   1.9800000e+02   0.0000000e+00
   1.6100000e+02   1.1400000e+02  -1.2400000e+02
   1.6700000e+02   2.0000000e+02   1.6000000e+01
   1.7200000e+02   1.1300000e+02   3.9000000e+01
   1.9700000e+02   2.1600000e+02  -1.6600000e+02
   2.0400000e+02   5.9000000e+01  -1.3000000e+02
   2.0400000e+02   7.5000000e+01  -1.3000000e+02
   2.1200000e+02   8.6000000e+01   4.7000000e+01
   2.1800000e+02   2.3500000e+02  -5.0000000e+00
   2.2100000e+02   2.0700000e+02  -1.7100000e+02
   2.2900000e+02   2.0900000e+02   4.0000000e+00
   2.3500000e+02   1.5800000e+02  -1.5000000e+02
   2.5400000e+02   1.7800000e+02   1.4000000e+01
   2.5700000e+02   1.5100000e+02   2.3000000e+01
