   1.1800000e+02   2.2600000e+02   1.6869007e+02
   1.3100000e+02   2.2200000e+02  -5.7994617e+01
   7.4000000e+01   1.9800000e+02  -5.4000000e+01
   8.2000000e+01   3.0100000e+02  -6.8000000e+01
   1.0100000e+02   1.2000000e+02  -1.0000000e+01
   1.1100000e+02   3.1700000e+02   9.4000000e+01
   1.1500000e+02   1.6700000e+02   1.3500000e+02
   1.2300000e+02   1.7500000e+02   1.3700000e+02
   1.3400000e+02   9.9000000e+01  -1.9000000e+01
   1.3900000e+02   2.6100000e+02   1.0800000e+02
   1.4600000e+02   1.0400000e+02   0.0000000e+00
   1.4700000e+02   3.5900000e+02  -1.2700000e+02
   1.6300000e+02   2.4600000e+02   1.0400000e+02
   1.6400000e+02   2.8400000e+02   9.9000000e+01
   1.7000000e+02   7.8000000e+01   1.7500000e+02
   1.9500000e+02   3.0000000e+02   9.9000000e+01
   1.9700000e+02   1.6800000e+02   4.0000000e+00
   2.0500000e+02   3.0900000e+02   9.4000000e+01
   2.0800000e+02   2.5300000e+02   5.1000000e+01
   2.0800000e+02   3.6000000e+02   9.0000000e+01
   2.1400000e+02   3.1500000e+02   1.0800000e+02
   2.2600000e+02   3.0100000e+02   4.7000000e+01
   2.2700000e+02   2.3600000e+02   6.0000000e+01
   2.2700000e+02   3.5300000e+02   3.3000000e+01
   2.3900000e+02   1.6300000e+02  -7.0000000e+00
   2.4500000e+02   2.4700000e+02   3.6000000e+01
   2.6400000e+02   1.9000000e+02  -1.4400000e+02
   2.6400000e+02   2.3100000e+02  -1.4700000e+02
   2.6800000e+02   2.2100000e+02  -1.3800000e+02
   2.7300000e+02   1.8100000e+02  -1.5800000e+02
   2.7500000e+02   2.1400000e+02   5.3000000e+01
   2.7600000e+02   2.5900000e+02   5.9000000e+01
   2.7800000e+02   2.3100000e+02  -7.5000000e+01
   2.8200000e+02   3.0000000e+02  -1.3500000e+02
   2.8400000e+02   2.6700000e+02  -1.3500000e+02
   2.8500000e+02   2.2400000e+02   2.0000000e+01
   2.9400000e+02   1.7200000e+02   3.3000000e+01
   3.0000000e+02   2.5200000e+02  -1.3500000e+02
   3.0200000e+02   1.8900000e+02   3.8000000e+01
