   8.8000000e+01   1.8700000e+02  -7.5963757e+01
   8.9000000e+01   1.9600000e+02   1.1656505e+02
   9.6000000e+01   1.8800000e+02  -7.1565051e+01
   9.8000000e+01   1.9600000e+02   1.2025644e+02
   1.0500000e+02   1.3700000e+02  -3.0256437e+01
   1.1600000e+02   3.4100000e+02  -1.1261986e+02
   1.1900000e+02   3.4900000e+02   5.3972627e+01
   1.2000000e+02   3.2900000e+02  -1.1656505e+02
   1.6300000e+02   2.4400000e+02  -6.0945396e+01
   1.8500000e+02   2.7500000e+02   9.4763642e+01
   2.1500000e+02   1.8000000e+02  -1.4630993e+02
   2.3100000e+02   1.7300000e+02  -1.3198721e+02
   9.5000000e+01   2.5100000e+02   1.0900000e+02
   1.0600000e+02   2.9100000e+02   7.1000000e+01
   1.2300000e+02   2.5900000e+02  -9.5000000e+01
   1.2900000e+02   3.0700000e+02  -1.0500000e+02
   1.4700000e+02   3.2900000e+02  -1.1300000e+02
   1.5000000e+02   3.3800000e+02   5.9000000e+01
   1.5400000e+02   2.4800000e+02   1.0400000e+02
   1.6200000e+02   2.9100000e+02  -1.0900000e+02
   1.6600000e+02   2.6900000e+02   9.4000000e+01
   1.7800000e+02   3.0100000e+02  -1.0500000e+02
   1.8300000e+02   1.9000000e+02  -1.6200000e+02
   1.8500000e+02   2.8900000e+02  -9.0000000e+01
   1.9300000e+02   2.0100000e+02   3.0000000e+01
