   9.0000000e+01   1.3900000e+02   1.1656505e+02
   1.1800000e+02   2.7300000e+02  -1.1261986e+02
   1.2000000e+02   1.3300000e+02  -5.0710593e+01
   1.3900000e+02   2.7900000e+02  -1.2247119e+02
   1.4000000e+02   2.8900000e+02   5.5007980e+01
   1.5300000e+02   1.3900000e+02  -1.4036243e+01
   1.8100000e+02   5.2000000e+01  -1.6596376e+02
   1.8300000e+02   2.1500000e+02   9.4763642e+01
   2.3900000e+02   2.6700000e+02  -1.3227369e+02
   1.0500000e+02   2.3400000e+02   7.1000000e+01
   1.2200000e+02   2.0100000e+02  -9.5000000e+01
   1.2400000e+02   1.7900000e+02   1.0400000e+02
   1.4600000e+02   5.1000000e+01   1.6500000e+02
   1.5300000e+02   1.5000000e+02  -1.7000000e+01
   1.6100000e+02   2.3200000e+02  -1.0900000e+02
   1.6600000e+02   1.7800000e+02   1.1600000e+02
   1.7000000e+02   2.5800000e+02  -1.1300000e+02
   1.7600000e+02   2.4300000e+02  -1.0500000e+02
   1.7900000e+02   2.8300000e+02   4.7000000e+01
   1.9100000e+02   1.4100000e+02   3.3000000e+01
   2.1700000e+02   8.4000000e+01   3.3000000e+01
   2.1700000e+02   1.3300000e+02   4.5000000e+01
   2.3900000e+02   1.1200000e+02  -1.4100000e+02
   2.5300000e+02   2.7300000e+02  -1.3300000e+02
