   1.1400000e+02   2.5900000e+02  -3.6869898e+01
   1.1900000e+02   2.9700000e+02  -1.8434949e+01
   1.3100000e+02   2.1800000e+02  -5.9743563e+01
   1.3200000e+02   2.6300000e+02  -3.0256437e+01
   1.5200000e+02   2.3400000e+02  -5.3130102e+01
   1.5800000e+02   2.8300000e+02  -9.4623222e+00
   1.7100000e+02   2.4300000e+02  -5.0194429e+01
   1.7900000e+02   2.7300000e+02  -2.2619865e+01
   1.9500000e+02   1.4200000e+02   1.1656505e+02
   2.0000000e+02   3.3300000e+02   1.4036243e+01
   2.1400000e+02   2.9000000e+02  -4.7636417e+00
   2.1800000e+02   2.7200000e+02  -1.8434949e+01
   2.2300000e+02   7.2000000e+01   2.2619865e+01
   2.3400000e+02   6.5000000e+01   2.6565051e+01
   2.3400000e+02   2.5100000e+02  -4.7636417e+00
   2.4200000e+02   3.3600000e+02   1.8000000e+02
   2.4700000e+02   1.3700000e+02   8.5236358e+01
   2.5200000e+02   2.7800000e+02  -1.7053768e+02
   2.6900000e+02   2.4600000e+02  -1.0525512e+02
   2.7100000e+02   3.0000000e+02  -1.4974356e+02
   2.7900000e+02   2.8000000e+02  -1.2928941e+02
   2.8000000e+02   2.6000000e+02  -1.1261986e+02
   2.8600000e+02   1.4600000e+02   8.0537678e+01
   2.9100000e+02   1.8500000e+02   7.5963757e+01
   2.9600000e+02   1.4200000e+02  -1.0030485e+02
   1.0400000e+02   2.1000000e+02   1.3200000e+02
   1.2300000e+02   1.3200000e+02   1.2300000e+02
   1.2900000e+02   1.2300000e+02  -5.1000000e+01
   1.3900000e+02   6.9000000e+01   1.3500000e+02
   1.3900000e+02   1.1100000e+02   1.2600000e+02
   1.4300000e+02   1.9000000e+02  -5.7000000e+01
   1.6200000e+02   1.8000000e+02   1.2300000e+02
   1.6500000e+02   1.9200000e+02  -5.4000000e+01
   1.7800000e+02   6.5000000e+01   1.4900000e+02
   1.9000000e+02   2.1900000e+02   1.2600000e+02
   1.9500000e+02   3.4200000e+02   9.0000000e+00
   2.0300000e+02   1.3300000e+02   7.4000000e+01
   2.0400000e+02   2.8400000e+02   1.7000000e+02
   2.1200000e+02   2.4700000e+02   1.4000000e+02
   2.3400000e+02   1.7300000e+02   1.0800000e+02
   2.3800000e+02   1.1000000e+02  -1.3000000e+02
   2.4700000e+02   2.2000000e+02   1.0800000e+02
   2.5600000e+02   8.0000000e+01  -1.4100000e+02
   2.5600000e+02   1.8300000e+02   7.5000000e+01
