   6.3000000e+01   1.4600000e+02  -5.3130102e+01
   7.6000000e+01   1.5000000e+02   1.2686990e+02
   8.1000000e+01   2.9700000e+02   0.0000000e+00
   8.4000000e+01   1.5900000e+02  -6.3434949e+01
   9.5000000e+01   2.9000000e+02  -3.3690068e+01
   1.0000000e+02   3.2600000e+02  -4.7636417e+00
   1.0900000e+02   2.5100000e+02  -5.9743563e+01
   1.1200000e+02   2.9600000e+02  -2.6565051e+01
   1.2500000e+02   1.7100000e+02  -5.9743563e+01
   1.3100000e+02   2.6800000e+02  -5.9743563e+01
   1.4000000e+02   3.1600000e+02  -1.4036243e+01
   1.5000000e+02   2.7400000e+02  -5.0710593e+01
   1.6000000e+02   3.0400000e+02  -2.2619865e+01
   1.6900000e+02   1.7200000e+02   1.1261986e+02
   1.7800000e+02   3.2700000e+02   1.6596376e+02
   1.8800000e+02   3.2600000e+02   1.4036243e+01
   1.9500000e+02   3.2100000e+02  -1.4036243e+01
   1.9700000e+02   1.0000000e+02   2.2619865e+01
   1.9800000e+02   3.0300000e+02  -2.2619865e+01
   2.0900000e+02   9.2000000e+01   2.6565051e+01
   2.1500000e+02   2.8000000e+02  -9.4623222e+00
   2.2100000e+02   1.1900000e+02   4.7726311e+01
   2.2100000e+02   1.6400000e+02   8.0537678e+01
   2.3200000e+02   2.9800000e+02  -1.7053768e+02
   2.6200000e+02   1.6400000e+02   7.5963757e+01
   2.6700000e+02   1.4800000e+02  -1.2025644e+02
   8.4000000e+01   2.3800000e+02   1.3200000e+02
   9.9000000e+01   1.6000000e+02   1.2000000e+02
   1.1400000e+02   1.3900000e+02  -4.5000000e+01
   1.1900000e+02   9.4000000e+01   1.3700000e+02
   1.2000000e+02   2.2300000e+02  -6.0000000e+01
   1.3100000e+02   1.1700000e+02  -3.7000000e+01
   1.3800000e+02   2.1200000e+02   1.2000000e+02
   1.4200000e+02   2.2400000e+02  -6.0000000e+01
   1.5500000e+02   9.2000000e+01   1.4900000e+02
   1.6600000e+02   5.7000000e+01  -1.9000000e+01
   1.6900000e+02   2.5000000e+02   1.2600000e+02
   1.7400000e+02   1.6200000e+02   1.4300000e+02
   1.8600000e+02   3.1400000e+02   1.6500000e+02
   1.9100000e+02   2.7800000e+02   1.4000000e+02
   2.0900000e+02   1.3700000e+02  -1.2700000e+02
   2.1000000e+02   2.3100000e+02   1.0800000e+02
   2.1100000e+02   2.0100000e+02   1.0800000e+02
   2.2600000e+02   2.4800000e+02   7.5000000e+01
   2.3300000e+02   2.0900000e+02   7.1000000e+01
