   4.0000000e+01   1.6400000e+02   9.4763642e+01
   4.6000000e+01   4.5000000e+01   1.1261986e+02
   4.7000000e+01   8.7000000e+01   8.5236358e+01
   5.1000000e+01   7.8000000e+01  -6.3434949e+01
   7.5000000e+01   2.5200000e+02  -9.0000000e+01
   1.1400000e+02   2.3500000e+02  -8.5236358e+01
   1.1700000e+02   2.8000000e+02  -5.9743563e+01
   1.3100000e+02   2.9000000e+01   1.6330076e+02
   1.3600000e+02   2.7500000e+02  -5.3130102e+01
   1.4000000e+02   2.4100000e+02  -8.0537678e+01
   1.6400000e+02   2.9800000e+02   1.4974356e+02
   1.6800000e+02   2.8100000e+02  -3.9805571e+01
   1.7900000e+02   2.4400000e+02  -5.9743563e+01
   1.8200000e+02   2.6100000e+02  -5.3130102e+01
   2.0700000e+02   2.7000000e+02   1.2787498e+02
   2.1000000e+02   2.4900000e+02   1.0998311e+02
   2.1500000e+02   2.4200000e+02  -5.0710593e+01
   2.1600000e+02   2.6800000e+02  -2.2619865e+01
   2.2100000e+02   2.1300000e+02  -2.8610460e+01
   2.2100000e+02   2.5800000e+02  -4.2273689e+01
   2.4300000e+02   2.0900000e+02  -1.7053768e+02
   2.2000000e+01   1.6500000e+02  -5.7000000e+01
   4.8000000e+01   9.5000000e+01  -6.4000000e+01
   7.2000000e+01   3.8000000e+01  -4.5000000e+01
   8.6000000e+01   8.0000000e+01  -4.5000000e+01
   8.7000000e+01   2.3700000e+02  -6.0000000e+01
   9.0000000e+01   1.1800000e+02   9.9000000e+01
   1.1200000e+02   2.0600000e+02   1.0400000e+02
   1.2100000e+02   1.8600000e+02  -1.0500000e+02
   1.2900000e+02   2.0400000e+02   9.4000000e+01
   1.3100000e+02   1.9600000e+02   9.9000000e+01
   1.5200000e+02   8.9000000e+01  -1.5400000e+02
   1.6600000e+02   2.0700000e+02  -7.2000000e+01
   1.7600000e+02   1.0500000e+02  -1.3500000e+02
   1.8300000e+02   1.4700000e+02  -1.1700000e+02
   1.9600000e+02   1.7200000e+02  -1.1300000e+02
   1.9900000e+02   2.2200000e+02   1.1600000e+02
   2.0600000e+02   1.4400000e+02  -1.2400000e+02
   2.0900000e+02   2.5700000e+02   1.3500000e+02
   2.1600000e+02   1.8000000e+02  -1.2100000e+02
   2.1700000e+02   2.7800000e+02  -3.4000000e+01
   2.2900000e+02   1.2300000e+02  -1.3500000e+02
