   5.8000000e+01   3.3500000e+02  -5.9743563e+01
   7.5000000e+01   2.5500000e+02  -5.6309932e+01
   7.8000000e+01   3.5400000e+02  -5.6309932e+01
   1.5100000e+02   1.8500000e+02   2.6565051e+01
   2.1500000e+02   2.9600000e+02   7.1565051e+01
   2.4200000e+02   2.2900000e+02  -1.0843495e+02
   2.4400000e+02   2.3700000e+02   6.7380135e+01
   3.2000000e+01   3.2300000e+02   1.2900000e+02
   5.0000000e+01   2.4300000e+02   1.2300000e+02
   5.6000000e+01   2.3300000e+02  -5.1000000e+01
   6.9000000e+01   3.0800000e+02  -5.7000000e+01
   7.3000000e+01   2.8300000e+02   1.1600000e+02
   8.3000000e+01   2.0000000e+02  -3.7000000e+01
   8.4000000e+01   3.1600000e+02   1.2000000e+02
   8.8000000e+01   2.9600000e+02   1.2300000e+02
   9.1000000e+01   3.0900000e+02  -6.0000000e+01
   1.0000000e+02   3.5800000e+02  -5.4000000e+01
   1.0700000e+02   1.7500000e+02   1.4900000e+02
   1.1500000e+02   3.3600000e+02   1.2000000e+02
   1.5700000e+02   3.1700000e+02   1.1200000e+02
   1.5900000e+02   2.8700000e+02   1.1200000e+02
   1.6100000e+02   2.2100000e+02  -1.2700000e+02
   1.7100000e+02   3.3400000e+02   1.0800000e+02
   1.7400000e+02   2.4800000e+02   7.1000000e+01
   1.8000000e+02   2.9700000e+02   9.9000000e+01
   1.8800000e+02   2.2500000e+02  -1.2100000e+02
   2.3800000e+02   2.6900000e+02   7.5000000e+01
