   2.0100000e+02   2.3900000e+02  -2.6565051e+01
   2.3400000e+02   2.9500000e+02   4.7636417e+00
   1.0000000e+02   1.3200000e+02   1.1100000e+02
   1.2900000e+02   1.9400000e+02  -9.0000000e+01
   1.3100000e+02   4.1000000e+01   1.3200000e+02
   1.3600000e+02   2.0000000e+02  -6.0000000e+01
   1.5300000e+02   1.4900000e+02   1.4100000e+02
   1.6200000e+02   2.7900000e+02  -1.5000000e+01
   1.7000000e+02   2.8400000e+02   1.3500000e+02
   1.7100000e+02   2.0600000e+02  -4.0000000e+01
   1.8400000e+02   2.0800000e+02   1.4000000e+02
   1.8800000e+02   1.6800000e+02  -5.4000000e+01
   2.1000000e+02   1.8500000e+02   1.2600000e+02
   2.1300000e+02   2.6200000e+02   1.6500000e+02
   2.1500000e+02   3.0100000e+02   1.8000000e+02
   2.1700000e+02   2.8100000e+02  -2.0000000e+01
   2.2600000e+02   3.2000000e+01   1.7000000e+02
   2.3600000e+02   2.1000000e+02   1.4000000e+02
   2.4800000e+02   1.2500000e+02  -6.9000000e+01
   2.5200000e+02   1.4300000e+02   1.1600000e+02
   2.6500000e+02   2.9600000e+02   1.8000000e+02
   2.9900000e+02   2.8200000e+02  -1.7600000e+02
