   1.8300000e+02   3.1400000e+02   4.7636417e+00
   2.6400000e+02   3.0400000e+02   1.1309932e+01
   3.0400000e+02   2.0500000e+02  -1.2865981e+02
   8.8000000e+01   1.3700000e+02   1.2000000e+02
   1.0900000e+02   2.6200000e+02  -1.5000000e+01
   1.1900000e+02   2.7600000e+02  -5.0000000e+00
   1.2800000e+02   1.7900000e+02   1.2300000e+02
   1.2800000e+02   2.2600000e+02   1.4600000e+02
   1.5600000e+02   2.6400000e+02   1.6400000e+02
   1.6700000e+02   2.0600000e+02   1.2900000e+02
   1.8100000e+02   1.9100000e+02   1.2300000e+02
   1.9000000e+02   2.3400000e+02   1.4600000e+02
   2.0300000e+02   3.8000000e+01   1.7000000e+02
   2.1800000e+02   2.9000000e+02  -1.7600000e+02
   2.2600000e+02   1.2500000e+02  -1.0000000e+02
   2.2700000e+02   2.3500000e+02   3.6000000e+01
   2.3600000e+02   2.6000000e+02   2.6000000e+01
   2.4100000e+02   2.9200000e+02   1.8000000e+01
   2.4300000e+02   9.3000000e+01   5.0000000e+01
