   1.1400000e+02   9.6000000e+01  -6.3434949e+01
   1.2700000e+02   1.8100000e+02   1.2686990e+02
   1.2800000e+02   2.2300000e+02  -1.8434949e+01
   1.3400000e+02   2.1400000e+02  -2.6565051e+01
   1.7100000e+02   2.4800000e+02   6.3401917e+00
   1.8200000e+02   1.9400000e+02   1.5025512e+02
   1.9300000e+02   2.1800000e+02   1.5555605e+02
   2.2200000e+02   2.3700000e+02   1.4630993e+02
   2.6500000e+02   1.6100000e+02  -1.0403624e+02
   2.7100000e+02   4.6000000e+01   6.6037511e+01
   1.4600000e+02   1.0500000e+02   1.2000000e+02
   1.6200000e+02   1.3000000e+02   1.2000000e+02
