   9.6000000e+01   1.4700000e+02   9.0000000e+01
   1.0700000e+02   1.0500000e+02   1.3500000e+02
   1.3800000e+02   6.7000000e+01   1.7428941e+02
   1.4500000e+02   1.9500000e+02  -6.7380135e+01
   1.4600000e+02   6.6000000e+01   4.7636417e+00
   1.4800000e+02   4.1000000e+01  -4.7636417e+00
   1.6200000e+02   2.9500000e+02   4.5000000e+01
   1.6400000e+02   8.7000000e+01   1.8000000e+02
   1.6700000e+02   1.3400000e+02   1.8434949e+01
   1.6800000e+02   3.3400000e+02  -1.5738014e+02
   1.6900000e+02   3.0200000e+02  -1.3500000e+02
   1.8400000e+02   1.0700000e+02  -1.6156505e+02
   1.8600000e+02   1.9400000e+02  -1.4752881e+02
   1.8700000e+02   3.0400000e+02   3.6027373e+01
   1.9000000e+02   3.4500000e+02  -1.6156505e+02
   1.9100000e+02   1.8600000e+02   5.3972627e+01
   1.9900000e+02   6.6000000e+01  -1.5738014e+02
   2.0200000e+02   2.2500000e+02   6.3434949e+01
   2.0400000e+02   3.0900000e+02  -1.4313010e+02
   2.2700000e+02   2.5400000e+02  -1.2247119e+02
   2.3400000e+02   1.2800000e+02   5.3130102e+01
   2.4700000e+02   2.0000000e+01   3.0256437e+01
   2.7200000e+02   3.3600000e+02  -1.6596376e+02
   2.8600000e+02   1.1900000e+02   5.3130102e+01
   2.9900000e+02   1.7400000e+02  -1.3227369e+02
   3.0000000e+02   1.2400000e+02  -1.3227369e+02
   3.0300000e+02   2.2900000e+02  -1.3772631e+02
   8.5000000e+01   1.6400000e+02  -6.8000000e+01
   9.9000000e+01   7.7000000e+01   1.5700000e+02
   1.4700000e+02   1.5400000e+02   1.2000000e+02
   1.5600000e+02   1.3600000e+02   2.2000000e+01
   1.5800000e+02   2.2800000e+02  -1.0900000e+02
   1.6700000e+02   1.5100000e+02   2.6000000e+01
   1.6700000e+02   1.8600000e+02   1.4000000e+01
