   8.1000000e+01   1.6300000e+02   1.0843495e+02
   9.5000000e+01   1.4200000e+02   9.0000000e+01
   1.0700000e+02   1.0000000e+02   1.3500000e+02
   1.1400000e+02   1.8200000e+02   9.9462322e+01
   1.2800000e+02   3.4700000e+02  -1.4397263e+02
   1.4300000e+02   1.9400000e+02  -7.1565051e+01
   1.5000000e+02   1.4100000e+02   1.5343495e+02
   1.5600000e+02   1.2800000e+02   1.7523636e+02
   1.6000000e+02   2.9200000e+02   4.5000000e+01
   1.6500000e+02   8.4000000e+01  -1.7523636e+02
   1.6500000e+02   3.3400000e+02  -1.5738014e+02
   1.6700000e+02   2.9900000e+02  -1.3500000e+02
   1.7800000e+02   3.2700000e+02  -1.3772631e+02
   1.8400000e+02   1.0500000e+02  -1.5738014e+02
   1.8400000e+02   3.0400000e+02   3.6869898e+01
   1.8400000e+02   3.4600000e+02  -1.5738014e+02
   2.0000000e+02   2.2300000e+02   6.3434949e+01
   2.0100000e+02   6.4000000e+01  -1.5738014e+02
   2.0300000e+02   3.0800000e+02  -1.4630993e+02
   2.3300000e+02   1.2700000e+02   5.6309932e+01
   2.3400000e+02   3.3600000e+02  -1.7053768e+02
   2.6200000e+02   3.0200000e+02  -1.5343495e+02
   2.6400000e+02   3.4000000e+02  -1.6156505e+02
   2.8700000e+02   1.2100000e+02   5.9743563e+01
   2.9500000e+02   1.7700000e+02  -1.2369007e+02
   2.9800000e+02   1.6700000e+02  -1.2686990e+02
   1.4600000e+02   1.5200000e+02   1.2300000e+02
   1.5700000e+02   2.2600000e+02   6.7000000e+01
   1.6300000e+02   1.4900000e+02   2.2000000e+01
   1.6600000e+02   1.8400000e+02   1.8000000e+01
   2.2700000e+02   2.5000000e+02   5.0000000e+01
   2.3400000e+02   1.7500000e+02  -1.3000000e+02
   2.3500000e+02   3.1800000e+02   2.6000000e+01
   2.8600000e+02   9.7000000e+01  -1.2700000e+02
   3.0000000e+02   2.3200000e+02  -1.3900000e+02
