   7.0000000e+01   1.5300000e+02  -6.3434949e+01
   7.7000000e+01   1.3700000e+02   1.1261986e+02
   8.3000000e+01   2.6500000e+02   8.5236358e+01
   1.0500000e+02   1.0400000e+02   1.3500000e+02
   1.0600000e+02   7.8000000e+01   1.3772631e+02
   1.1400000e+02   1.2000000e+02   1.2025644e+02
   1.1800000e+02   9.5000000e+01   1.2980557e+02
   1.2500000e+02   9.0000000e+01  -2.2619865e+01
   1.4000000e+02   1.6900000e+02  -5.9743563e+01
   1.5000000e+02   1.2000000e+02   1.5738014e+02
   1.5100000e+02   3.0800000e+02  -1.5343495e+02
   1.5500000e+02   2.7400000e+02  -1.2686990e+02
   1.5600000e+02   1.0800000e+02   1.8000000e+02
   1.6400000e+02   6.4000000e+01  -1.7053768e+02
   1.6600000e+02   1.1100000e+02   2.2619865e+01
   1.6600000e+02   3.0300000e+02  -1.3227369e+02
   1.7300000e+02   2.8000000e+02   3.9805571e+01
   1.7300000e+02   3.2000000e+02  -1.6596376e+02
   1.8000000e+02   1.7200000e+02  -1.3801279e+02
   1.8500000e+02   8.5000000e+01  -1.5738014e+02
   1.8700000e+02   1.6300000e+02   5.7528808e+01
   1.9100000e+02   2.8500000e+02  -1.4313010e+02
   1.9400000e+02   2.0100000e+02   6.7380135e+01
   2.0000000e+02   4.3000000e+01  -1.5738014e+02
   2.3900000e+02   9.1000000e+01  -1.3500000e+02
   2.5200000e+02   3.1700000e+02  -1.6156505e+02
   2.6800000e+02   3.0600000e+02  -1.4903624e+02
   2.9200000e+02   2.7400000e+02  -1.5738014e+02
   2.9300000e+02   1.5700000e+02  -1.2247119e+02
   2.9300000e+02   2.5600000e+02  -1.5343495e+02
   1.0700000e+02   3.0100000e+02   4.5000000e+01
   1.1300000e+02   1.5500000e+02   1.1800000e+02
   1.4600000e+02   1.3000000e+02   1.2900000e+02
   1.6400000e+02   1.2700000e+02   3.3000000e+01
   1.9400000e+02   3.4600000e+02   9.0000000e+00
   2.1900000e+02   2.2900000e+02   5.0000000e+01
   2.2400000e+02   2.9600000e+02   2.2000000e+01
   2.3300000e+02   1.5500000e+02  -1.2700000e+02
   2.6800000e+02   2.2700000e+02   4.5000000e+01
