   4.2000000e+01   2.4500000e+02  -5.6309932e+01
   5.2000000e+01   3.2200000e+02  -1.0843495e+02
   5.5000000e+01   2.0300000e+02   1.2980557e+02
   6.1000000e+01   3.3800000e+02  -1.1261986e+02
   9.2000000e+01   3.5100000e+02  -1.2602737e+02
   1.0200000e+02   1.3000000e+02   1.4019443e+02
   1.0700000e+02   3.5000000e+02  -1.0843495e+02
   1.1100000e+02   3.2100000e+02  -1.0843495e+02
   1.2400000e+02   1.5200000e+02  -3.2471192e+01
   1.2600000e+02   3.5600000e+02  -1.1656505e+02
   1.3600000e+02   3.5600000e+02  -1.2025644e+02
   1.3700000e+02   3.4600000e+02  -1.0669924e+02
   1.4100000e+02   1.6200000e+02   1.4313010e+02
   1.5100000e+02   7.9000000e+01   1.7523636e+02
   1.5300000e+02   1.2000000e+02   1.6596376e+02
   1.6500000e+02   5.5000000e+01   1.8000000e+02
   1.7200000e+02   1.7500000e+02   1.8000000e+02
   1.7300000e+02   5.5000000e+01   4.7636417e+00
   1.7700000e+02   2.3500000e+02  -1.1261986e+02
   1.8400000e+02   4.9000000e+01   1.4036243e+01
   1.8600000e+02   3.0500000e+02  -9.4763642e+01
   1.8800000e+02   2.2800000e+02   8.5236358e+01
   1.9200000e+02   1.7300000e+02   4.7726311e+01
   1.9500000e+02   1.1500000e+02  -1.5819859e+02
   2.0300000e+02   1.1900000e+02   3.3690068e+01
   2.1000000e+02   1.2900000e+02  -1.4974356e+02
   2.1400000e+02   4.8000000e+01   2.2619865e+01
   2.1800000e+02   1.5700000e+02  -1.2686990e+02
   2.3300000e+02   3.0200000e+02  -9.9462322e+01
   2.3600000e+02   2.4000000e+02  -9.0000000e+01
   2.4600000e+02   2.8300000e+02  -9.4763642e+01
   2.4900000e+02   1.2600000e+02  -1.2369007e+02
   1.0600000e+02   1.6300000e+02  -4.3000000e+01
   1.2400000e+02   1.9400000e+02  -4.3000000e+01
   1.2600000e+02   2.8200000e+02  -9.0000000e+01
   1.6100000e+02   1.6500000e+02   1.5700000e+02
   1.6400000e+02   1.8300000e+02   1.5300000e+02
   1.6800000e+02   2.1900000e+02   5.3000000e+01
   1.8100000e+02   1.7000000e+02   5.3000000e+01
   2.4300000e+02   1.7000000e+02  -1.2100000e+02
   2.5300000e+02   1.3700000e+02  -1.3500000e+02
   2.5700000e+02   1.4600000e+02   6.3000000e+01
