   1.0900000e+02   2.6100000e+02   1.4974356e+02
   1.2700000e+02   3.0200000e+02   1.3748955e+02
   1.3100000e+02   2.8700000e+02  -2.2619865e+01
   1.3600000e+02   3.4400000e+02   1.1656505e+02
   1.4200000e+02   2.3100000e+02   1.6596376e+02
   1.4500000e+02   2.0600000e+02   1.6596376e+02
   1.5300000e+02   2.0600000e+02   0.0000000e+00
   1.7000000e+02   3.4300000e+02   1.5138954e+02
   1.8300000e+02   2.8500000e+02  -1.7523636e+02
   1.8600000e+02   3.3200000e+02   1.4036243e+01
   2.0200000e+02   3.0600000e+02  -1.5138954e+02
   2.1600000e+02   2.6400000e+02  -1.5343495e+02
   2.6100000e+02   2.1000000e+02   2.6565051e+01
   3.0300000e+02   3.1200000e+02   5.3130102e+01
   1.0400000e+02   2.5300000e+02   1.4900000e+02
   1.0500000e+02   3.6000000e+02  -6.8000000e+01
   1.1700000e+02   2.7400000e+02   1.4900000e+02
   1.5500000e+02   3.3700000e+02   1.2300000e+02
   1.6700000e+02   3.5300000e+02   1.2300000e+02
   1.7600000e+02   3.3500000e+02   2.2000000e+01
   2.2300000e+02   2.7300000e+02  -1.6200000e+02
   2.3000000e+02   3.0800000e+02  -1.4400000e+02
   2.3200000e+02   2.8000000e+02   3.3000000e+01
   2.7400000e+02   2.0600000e+02   3.3000000e+01
