   1.0000000e+02   1.8300000e+02  -6.7380135e+01
   1.0100000e+02   6.0000000e+01  -5.6309932e+01
   1.0300000e+02   2.3000000e+02  -6.3434949e+01
   1.0400000e+02   1.5600000e+02   1.1261986e+02
   1.2200000e+02   1.3400000e+02  -6.1389540e+01
   1.2900000e+02   2.6100000e+02   1.2369007e+02
   1.3400000e+02   2.4800000e+02  -6.7380135e+01
   1.4400000e+02   2.6600000e+02   1.1261986e+02
   1.4800000e+02   2.0200000e+02   9.9462322e+01
   1.5400000e+02   2.5400000e+02   1.0843495e+02
   1.5500000e+02   2.4500000e+02  -8.0537678e+01
   1.5500000e+02   2.7100000e+02   9.9462322e+01
   1.5600000e+02   9.6000000e+01   1.1974488e+02
   1.5600000e+02   3.2000000e+02   1.8000000e+02
   1.9600000e+02   1.8000000e+01   1.5738014e+02
   2.0800000e+02   1.2600000e+02   1.1861046e+02
   2.1700000e+02   3.0200000e+02  -1.2928941e+02
   2.3600000e+02   1.7200000e+02  -6.3434949e+01
   2.4700000e+02   2.8000000e+02  -1.2553768e+02
   2.5000000e+02   6.5000000e+01   1.8000000e+02
   2.5400000e+02   3.0900000e+02  -1.2865981e+02
   2.7000000e+02   8.4000000e+01  -1.5738014e+02
   2.7500000e+02   1.6900000e+02  -1.4752881e+02
   2.8300000e+02   1.6000000e+02   6.3434949e+01
   2.9900000e+02   1.0400000e+02  -1.4630993e+02
   1.0300000e+02   2.1000000e+02   1.2300000e+02
   1.3100000e+02   3.2500000e+02  -2.3000000e+01
   1.4900000e+02   2.9800000e+02   1.3900000e+02
   1.5200000e+02   3.1000000e+02   1.7200000e+02
   1.6300000e+02   3.0400000e+02   2.6000000e+01
   1.6500000e+02   4.5000000e+01   1.4000000e+02
   1.7600000e+02   1.4400000e+02   1.1800000e+02
   1.7800000e+02   3.0800000e+02   3.6000000e+01
   1.8300000e+02   5.9000000e+01   1.4000000e+02
   1.9700000e+02   3.0900000e+02   4.2000000e+01
   2.0800000e+02   1.6100000e+02   1.0800000e+02
   2.2700000e+02   1.1900000e+02   1.2300000e+02
   2.3700000e+02   3.2400000e+02   0.0000000e+00
   2.3800000e+02   1.3400000e+02   1.2300000e+02
   2.3800000e+02   1.5000000e+02   1.1200000e+02
