   1.2700000e+02   2.7200000e+02  -9.9462322e+01
   2.3100000e+02   2.9900000e+02  -1.2686990e+02
   2.3300000e+02   5.7000000e+01  -1.4446232e+02
   2.3800000e+02   8.6000000e+01  -1.4397263e+02
   2.5100000e+02   1.1600000e+02   4.9398705e+01
   2.5500000e+02   5.7000000e+01  -1.4974356e+02
   2.6600000e+02   1.5700000e+02  -1.3836646e+02
   2.7400000e+02   1.8400000e+02  -1.2686990e+02
   1.5300000e+02   1.7400000e+02   1.2000000e+02
   1.8300000e+02   1.8400000e+02   1.4000000e+01
   1.8600000e+02   2.0700000e+02   1.6500000e+02
