   8.9000000e+01   2.9200000e+02   9.4763642e+01
   1.0700000e+02   3.3900000e+02  -1.3500000e+02
   1.1200000e+02   3.5900000e+02  -1.4630993e+02
   1.7700000e+02   1.1500000e+02  -5.7105931e+00
   1.9500000e+02   2.6200000e+02   4.5000000e+01
   2.1400000e+02   2.6500000e+02   3.4992020e+01
   1.0600000e+02   2.2600000e+02  -5.4000000e+01
   1.2500000e+02   2.1300000e+02  -4.3000000e+01
   1.3700000e+02   2.5700000e+02   9.4000000e+01
   1.4700000e+02   3.2600000e+02  -1.2400000e+02
   1.5100000e+02   2.5700000e+02   5.0000000e+00
   1.5500000e+02   2.2800000e+02  -6.4000000e+01
   1.6400000e+02   2.3800000e+02   9.4000000e+01
   1.6700000e+02   3.3100000e+02   2.6000000e+01
   1.7100000e+02   1.7100000e+02  -1.0000000e+01
   1.7300000e+02   1.9000000e+02  -1.0000000e+01
   1.7700000e+02   1.5100000e+02   1.6400000e+02
   1.8000000e+02   3.2600000e+02  -1.9000000e+01
   1.9300000e+02   2.9900000e+02   3.7000000e+01
   1.9800000e+02   3.0600000e+02  -1.3900000e+02
   2.0800000e+02   2.2900000e+02   2.2000000e+01
   2.2300000e+02   2.7100000e+02  -1.4700000e+02
   2.3000000e+02   3.0100000e+02   0.0000000e+00
   2.3500000e+02   2.0400000e+02   4.7000000e+01
   2.3500000e+02   2.5800000e+02   1.6400000e+02
   2.3600000e+02   2.3200000e+02   7.1000000e+01
   2.4100000e+02   3.0200000e+02  -1.7100000e+02
   2.5000000e+02   2.0400000e+02  -1.3800000e+02
   2.5400000e+02   2.1100000e+02   5.9000000e+01
   2.5600000e+02   3.0800000e+02   1.6100000e+02
