   1.9000000e+02   3.2700000e+02   5.1944289e+00
   1.9100000e+02   6.3000000e+01  -1.5343495e+02
   2.0000000e+02   6.5000000e+01   2.6565051e+01
   2.4100000e+02   1.7300000e+02   5.7528808e+01
   2.8800000e+02   3.1500000e+02   1.7523636e+02
   2.9100000e+02   1.6300000e+02  -1.3772631e+02
   9.4000000e+01   1.9500000e+02  -7.5000000e+01
   9.5000000e+01   2.2300000e+02   9.0000000e+01
   9.7000000e+01   1.8400000e+02  -4.5000000e+01
   9.7000000e+01   2.0600000e+02  -6.0000000e+01
   9.8000000e+01   2.7400000e+02  -1.0500000e+02
   1.0000000e+02   2.8200000e+02   6.3000000e+01
   1.0100000e+02   1.5300000e+02  -1.0000000e+01
   1.0400000e+02   1.4500000e+02  -2.7000000e+01
   1.0500000e+02   2.2900000e+02   9.9000000e+01
   1.0800000e+02   2.1500000e+02   9.9000000e+01
   1.1000000e+02   2.0500000e+02  -5.4000000e+01
   1.1700000e+02   2.3400000e+02  -8.1000000e+01
   1.2000000e+02   2.1200000e+02   9.9000000e+01
   1.2500000e+02   2.0500000e+02   1.1800000e+02
   1.2700000e+02   1.9700000e+02  -5.1000000e+01
   1.2900000e+02   3.0600000e+02  -1.3000000e+02
   1.3500000e+02   2.6500000e+02   7.5000000e+01
   1.4000000e+02   1.8200000e+02   1.3500000e+02
   1.4200000e+02   2.3600000e+02  -9.5000000e+01
   1.4800000e+02   1.7800000e+02  -3.1000000e+01
   1.5100000e+02   1.2500000e+02   1.7500000e+02
   1.7000000e+02   1.9800000e+02   3.0000000e+01
   1.7000000e+02   2.9500000e+02  -1.3300000e+02
   1.7500000e+02   1.7900000e+02  -1.6600000e+02
   1.7800000e+02   1.6900000e+02   3.4000000e+01
   1.8700000e+02   2.9300000e+02  -1.5400000e+02
   1.9100000e+02   2.3700000e+02  -2.3000000e+01
   1.9200000e+02   1.1200000e+02  -1.6200000e+02
   2.0200000e+02   2.8800000e+02  -5.0000000e+00
   2.0300000e+02   2.4200000e+02  -7.2000000e+01
   2.1400000e+02   2.8700000e+02   1.7500000e+02
   2.1800000e+02   2.3800000e+02   1.0900000e+02
   2.2000000e+02   2.9600000e+02   1.6500000e+02
   2.3400000e+02   2.0800000e+02   7.1000000e+01
   2.3500000e+02   3.4900000e+02   1.6500000e+02
   2.3900000e+02   2.2200000e+02  -1.0900000e+02
   2.4100000e+02   2.3300000e+02   8.4000000e+01
   2.4100000e+02   3.3600000e+02   1.7000000e+02
   2.5300000e+02   2.7800000e+02   1.0800000e+02
   2.5700000e+02   3.0800000e+02   1.6100000e+02
   2.6100000e+02   2.9400000e+02   1.4100000e+02
   2.6300000e+02   3.6000000e+02   1.5500000e+02
   2.6800000e+02   2.0500000e+02  -1.1700000e+02
   2.7000000e+02   1.5800000e+02  -1.3000000e+02
   2.8700000e+02   2.8400000e+02  -1.0500000e+02
   2.9300000e+02   1.7400000e+02  -1.3900000e+02
   2.9600000e+02   2.8300000e+02   6.1000000e+01
