   5.8000000e+01   1.0100000e+02   0.0000000e+00
   6.6000000e+01   8.7000000e+01   8.4289407e+01
   7.4000000e+01   8.9000000e+01  -5.6309932e+01
   1.1100000e+02   2.8300000e+02   6.3434949e+01
   1.8300000e+02   3.1500000e+02  -1.6156505e+02
   2.0100000e+02   3.2900000e+02   1.8000000e+02
   2.1500000e+02   2.9700000e+02  -1.7053768e+02
   2.3400000e+02   3.4900000e+02   1.6596376e+02
   2.8700000e+02   3.1600000e+02   1.4019443e+02
   1.1200000e+02   1.4200000e+02   1.2000000e+02
   1.1400000e+02   1.8900000e+02  -9.0000000e+01
   1.1500000e+02   1.1300000e+02   1.2900000e+02
   1.2100000e+02   1.3500000e+02  -3.7000000e+01
   1.2500000e+02   2.0800000e+02   7.3000000e+01
   1.2700000e+02   1.0800000e+02   1.5100000e+02
   1.3500000e+02   1.9900000e+02  -9.5000000e+01
   1.3600000e+02   1.5200000e+02  -5.1000000e+01
   1.4600000e+02   1.9900000e+02  -1.0000000e+02
   1.5300000e+02   2.6800000e+02  -1.3800000e+02
   1.5400000e+02   1.8100000e+02  -9.0000000e+01
   1.5500000e+02   1.4600000e+02  -2.7000000e+01
   1.6500000e+02   1.3100000e+02  -1.5000000e+01
   1.6700000e+02   1.4000000e+02  -5.0000000e+00
   1.8000000e+02   1.3900000e+02   1.7000000e+02
   1.8800000e+02   1.4000000e+02   1.4000000e+01
   2.0900000e+02   2.7700000e+02   9.0000000e+00
   2.1100000e+02   1.5300000e+02   4.5000000e+01
   2.3200000e+02   1.1400000e+02   3.3000000e+01
   2.4000000e+02   2.1600000e+02  -1.9000000e+01
   2.4600000e+02   2.2600000e+02   1.6100000e+02
   2.4700000e+02   1.8500000e+02  -7.1000000e+01
   2.4900000e+02   2.6400000e+02  -1.1000000e+01
   2.6000000e+02   1.4900000e+02  -1.3500000e+02
   2.6700000e+02   2.3900000e+02   1.4000000e+02
   2.6800000e+02   2.8300000e+02  -3.4000000e+01
   2.7000000e+02   1.8700000e+02   9.6000000e+01
