   1.7000000e+02   3.4600000e+02   1.4036243e+01
   2.1900000e+02   1.2500000e+02  -1.4630993e+02
   7.0000000e+01   2.2900000e+02  -1.9000000e+01
   8.2000000e+01   3.5600000e+02  -1.0500000e+02
   9.1000000e+01   3.2500000e+02   9.4000000e+01
   9.5000000e+01   1.8200000e+02   1.6400000e+02
   1.1600000e+02   1.3000000e+02   1.6100000e+02
   1.2000000e+02   2.8000000e+02   1.4300000e+02
   1.4200000e+02   2.9100000e+02   1.5300000e+02
   1.9400000e+02   3.1500000e+02   6.7000000e+01
   2.0400000e+02   2.6600000e+02  -1.4700000e+02
   2.0600000e+02   1.1700000e+02   1.8000000e+01
   2.1200000e+02   3.3300000e+02  -9.0000000e+01
   2.1400000e+02   2.5200000e+02   3.6000000e+01
   2.1800000e+02   1.3600000e+02  -1.5000000e+02
   2.2600000e+02   1.3800000e+02   2.6000000e+01
   2.3000000e+02   3.5400000e+02   1.2200000e+02
   2.3800000e+02   3.2100000e+02   8.4000000e+01
   2.5300000e+02   1.9100000e+02  -1.5400000e+02
   2.5700000e+02   2.5800000e+02  -1.5000000e+02
   2.6100000e+02   3.5700000e+02   1.1200000e+02
   2.6500000e+02   3.3800000e+02   6.3000000e+01
