   7.3000000e+01   3.1100000e+02  -7.8690068e+01
   1.9400000e+02   3.2000000e+02   2.2619865e+01
   8.5000000e+01   2.2600000e+02  -7.5000000e+01
   9.1000000e+01   1.5000000e+02  -1.5000000e+01
   9.1000000e+01   2.9700000e+02   1.4100000e+02
   9.7000000e+01   3.3500000e+02  -1.0000000e+02
   1.1100000e+02   2.7300000e+02  -5.7000000e+01
   1.1500000e+02   1.4100000e+02  -1.9000000e+01
   1.2000000e+02   1.8300000e+02  -2.3000000e+01
   1.2200000e+02   1.9100000e+02  -1.5000000e+01
   1.2400000e+02   2.7200000e+02  -5.4000000e+01
   1.2500000e+02   1.0000000e+02  -5.0000000e+00
   1.3000000e+02   3.0700000e+02  -9.0000000e+01
   1.5400000e+02   2.5300000e+02   1.3700000e+02
   1.6200000e+02   2.4700000e+02  -4.2000000e+01
   1.6400000e+02   1.2000000e+02  -5.0000000e+00
   1.6400000e+02   1.2900000e+02   9.0000000e+00
   1.7600000e+02   1.0100000e+02  -1.7100000e+02
   1.7800000e+02   1.1100000e+02   4.1000000e+01
   1.8500000e+02   1.2000000e+02   9.0000000e+00
   1.9900000e+02   1.8400000e+02  -1.6200000e+02
   2.0000000e+02   9.9000000e+01  -1.5800000e+02
   2.0500000e+02   9.1000000e+01   3.0000000e+01
   2.0500000e+02   3.2500000e+02  -1.5600000e+02
   2.1200000e+02   3.5400000e+02  -5.0000000e+00
   2.1500000e+02   2.8400000e+02  -1.5800000e+02
   2.1600000e+02   1.0800000e+02   1.8000000e+01
   2.2200000e+02   1.3300000e+02   3.0000000e+01
   2.2500000e+02   3.5300000e+02   1.7500000e+02
   2.2600000e+02   2.5000000e+02   5.6000000e+01
   2.3400000e+02   3.5100000e+02  -4.9000000e+01
   2.5400000e+02   2.8500000e+02  -1.2800000e+02
   2.5700000e+02   3.0900000e+02   1.0400000e+02
   2.6100000e+02   1.6900000e+02   4.1000000e+01
   2.7100000e+02   3.2800000e+02   9.9000000e+01
