   3.7000000e+01   2.0300000e+02  -1.5000000e+01
   3.7000000e+01   2.1400000e+02  -1.9000000e+01
   3.8000000e+01   2.2400000e+02  -2.3000000e+01
   4.5000000e+01   2.7300000e+02  -4.8000000e+01
   5.2000000e+01   2.2700000e+02  -1.0000000e+01
   5.4000000e+01   1.5800000e+02  -1.0000000e+01
   5.5000000e+01   1.9800000e+02   1.6100000e+02
   5.5000000e+01   2.1900000e+02  -2.3000000e+01
   5.7000000e+01   2.7500000e+02  -4.5000000e+01
   6.2000000e+01   2.9100000e+02  -5.4000000e+01
   6.9000000e+01   1.6600000e+02   0.0000000e+00
   7.5000000e+01   3.5900000e+02  -1.1300000e+02
   7.8000000e+01   2.5600000e+02   1.4000000e+02
   8.0000000e+01   2.3600000e+02   1.5700000e+02
   8.6000000e+01   3.1200000e+02   8.5000000e+01
   9.7000000e+01   2.9400000e+02   1.6500000e+02
   1.0100000e+02   3.2700000e+02  -9.0000000e+01
   1.0500000e+02   3.4000000e+02   6.1000000e+01
   1.0700000e+02   2.2400000e+02   9.0000000e+00
   1.1200000e+02   3.5200000e+02  -1.1700000e+02
   1.3000000e+02   2.5200000e+02   3.3000000e+01
   1.3100000e+02   1.3300000e+02   1.8000000e+01
   1.3800000e+02   3.3400000e+02  -1.0000000e+01
   1.4500000e+02   1.1100000e+02  -1.6600000e+02
   1.4700000e+02   3.6000000e+02  -5.0000000e+00
   1.4900000e+02   2.9500000e+02   7.1000000e+01
   1.5300000e+02   8.6000000e+01  -1.5800000e+02
   1.5300000e+02   3.3200000e+02   1.7500000e+02
   1.6700000e+02   1.4900000e+02   3.0000000e+01
   1.7100000e+02   1.6400000e+02  -1.5000000e+02
   1.7800000e+02   3.2200000e+02   1.2900000e+02
   1.8000000e+02   1.6900000e+02   4.1000000e+01
   1.8100000e+02   1.0100000e+02  -1.5600000e+02
   1.8400000e+02   1.8300000e+02  -1.5000000e+02
   1.9000000e+02   1.7500000e+02   5.9000000e+01
   1.9200000e+02   1.3800000e+02   2.6000000e+01
   1.9200000e+02   1.8900000e+02  -1.4700000e+02
   1.9500000e+02   2.2900000e+02   4.2000000e+01
   2.0000000e+02   1.5300000e+02  -1.5800000e+02
   2.0400000e+02   1.4400000e+02   2.6000000e+01
   2.0600000e+02   3.1300000e+02  -1.0900000e+02
   2.1700000e+02   2.6600000e+02  -1.3900000e+02
   2.3400000e+02   1.8100000e+02   3.0000000e+01
