   8.4000000e+01   2.5400000e+02   1.0403624e+02
   1.0700000e+02   1.7100000e+02  -2.2619865e+01
   1.2700000e+02   2.5000000e+02  -6.1389540e+01
   1.3900000e+02   1.2900000e+02  -1.4036243e+01
   1.6500000e+02   2.8900000e+02   4.1633539e+01
   1.7800000e+02   3.3800000e+02  -1.8434949e+01
   1.9100000e+02   3.5400000e+02   9.0000000e+01
   1.9300000e+02   2.4400000e+02   8.0537678e+01
   1.9300000e+02   3.4400000e+02   1.7053768e+02
   2.0100000e+02   3.4300000e+02  -2.6565051e+01
   1.0300000e+02   3.5400000e+02  -1.2100000e+02
   1.1400000e+02   1.5100000e+02   1.6100000e+02
   1.3500000e+02   1.5700000e+02   1.7500000e+02
   1.5500000e+02   2.9700000e+02  -9.5000000e+01
   1.6500000e+02   3.0500000e+02  -1.4100000e+02
   1.6800000e+02   3.4500000e+02  -1.5400000e+02
   1.7800000e+02   2.6400000e+02   0.0000000e+00
   1.8500000e+02   2.5300000e+02   8.5000000e+01
   2.1000000e+02   2.8000000e+02   1.2000000e+02
   2.1200000e+02   2.6900000e+02   4.5000000e+01
