   8.9000000e+01   2.6900000e+02  -9.5710593e+01
   9.7000000e+01   2.8900000e+02  -9.0000000e+01
   1.0600000e+02   1.6000000e+02  -1.8434949e+01
   1.1500000e+02   2.7300000e+02  -1.5343495e+02
   1.9200000e+02   2.0300000e+02  -1.3500000e+02
   1.9200000e+02   2.5100000e+02  -9.0000000e+01
   2.1800000e+02   2.5000000e+02   7.1565051e+01
   1.1100000e+02   2.5100000e+02   9.0000000e+01
   1.1200000e+02   2.4300000e+02   9.4000000e+01
   1.2500000e+02   3.0300000e+02  -1.3500000e+02
   1.9900000e+02   2.5500000e+02   9.0000000e+01
