   9.4000000e+01   2.2700000e+02   9.0000000e+01
   9.8000000e+01   2.5300000e+02   8.5236358e+01
   1.1200000e+02   1.2800000e+02  -4.2510447e+01
   1.1700000e+02   3.0700000e+02  -1.0403624e+02
   1.1900000e+02   2.0500000e+02  -7.1565051e+01
   1.2200000e+02   2.5200000e+02   3.9805571e+01
   1.2800000e+02   2.7400000e+02   6.6037511e+01
   1.3400000e+02   2.5600000e+02   9.0000000e+01
   1.4100000e+02   1.3900000e+02   1.3500000e+02
   1.4700000e+02   3.1800000e+02   5.0194429e+01
   1.5900000e+02   3.5700000e+02  -1.3500000e+02
   1.6400000e+02   3.2800000e+02  -1.2980557e+02
   1.7000000e+02   2.7600000e+02   6.7380135e+01
   1.7300000e+02   1.8200000e+02   1.2928941e+02
   2.1000000e+02   2.0000000e+02  -1.6156505e+02
   2.2400000e+02   2.3300000e+02  -1.3227369e+02
   2.2800000e+02   9.2000000e+01   2.2619865e+01
   2.2800000e+02   2.4000000e+02   5.6309932e+01
   2.3300000e+02   6.2000000e+01  -1.5343495e+02
   2.3800000e+02   2.7200000e+02  -1.2369007e+02
   2.4100000e+02   3.5600000e+02  -1.4974356e+02
   2.4600000e+02   2.8200000e+02   5.3130102e+01
   2.7300000e+02   3.3400000e+02  -1.5603751e+02
   2.7300000e+02   3.5200000e+02  -1.6596376e+02
   3.0100000e+02   1.2800000e+02  -1.3251045e+02
   3.0400000e+02   1.3600000e+02   4.7726311e+01
   3.0900000e+02   2.0100000e+02  -1.2025644e+02
   3.1300000e+02   2.1000000e+02   6.7380135e+01
   1.7200000e+02   7.8000000e+01  -1.5000000e+01
   1.9300000e+02   2.6600000e+02  -1.0900000e+02
   1.9900000e+02   6.2000000e+01   9.0000000e+00
   2.0500000e+02   2.6800000e+02   6.3000000e+01
   2.1400000e+02   2.5400000e+02  -1.2300000e+02
   2.4500000e+02   1.6600000e+02   5.0000000e+01
   2.5800000e+02   1.0500000e+02   3.9000000e+01
   2.8900000e+02   1.0000000e+02  -1.3300000e+02
