   1.1000000e+02   1.8500000e+02   1.0130993e+02
   1.2700000e+02   2.1500000e+02  -1.1656505e+02
   1.3000000e+02   2.6000000e+02  -1.2602737e+02
   1.3200000e+02   2.2200000e+02   6.3434949e+01
   1.3500000e+02   1.3000000e+02   1.0669924e+02
   1.3700000e+02   2.6800000e+02   3.6869898e+01
   1.5700000e+02   1.2300000e+02  -7.1565051e+01
   1.6200000e+02   1.6900000e+02   8.0537678e+01
   1.6800000e+02   1.9000000e+02   7.5963757e+01
   1.7400000e+02   1.7300000e+02   9.0000000e+01
   1.7600000e+02   2.8700000e+02  -1.4019443e+02
   1.8600000e+02   1.7400000e+02  -9.4763642e+01
   1.8600000e+02   2.8400000e+02  -1.3772631e+02
   1.9800000e+02   1.2000000e+02  -5.9743563e+01
   2.0100000e+02   3.1200000e+02   2.2619865e+01
   2.0400000e+02   2.4600000e+02  -1.2686990e+02
   2.1100000e+02   1.9400000e+02   7.1565051e+01
   2.1200000e+02   2.8300000e+02  -1.4630993e+02
   2.3100000e+02   2.3700000e+02  -1.3500000e+02
   2.3100000e+02   2.5300000e+02   0.0000000e+00
   2.5000000e+02   1.1800000e+02  -1.6596376e+02
   2.6400000e+02   2.0500000e+02   6.3434949e+01
   2.6800000e+02   2.1300000e+02  -1.1656505e+02
   2.8200000e+02   2.7200000e+02  -1.5343495e+02
   2.8400000e+02   1.1100000e+02  -1.3500000e+02
   2.8600000e+02   2.4000000e+02  -1.3227369e+02
   3.0400000e+02   2.7500000e+02  -1.7053768e+02
   3.0400000e+02   2.9600000e+02  -1.4036243e+01
   3.0700000e+02   1.0400000e+02   5.6309932e+01
   3.1300000e+02   2.4900000e+02  -1.5738014e+02
   3.2500000e+02   2.0800000e+02   3.3690068e+01
   3.3700000e+02   1.6700000e+02  -1.2369007e+02
   1.2900000e+02   6.7000000e+01   1.1200000e+02
   1.4400000e+02   1.5600000e+02  -1.0000000e+02
   2.0700000e+02   1.4700000e+02  -9.0000000e+01
   2.3300000e+02   1.2600000e+02   1.3200000e+02
   2.3300000e+02   1.8400000e+02  -1.0500000e+02
   2.4200000e+02   2.0500000e+02   6.3000000e+01
   2.4300000e+02   2.2600000e+02   4.8000000e+01
   2.4500000e+02   1.6100000e+02  -1.7600000e+02
   2.4600000e+02   1.8700000e+02   6.3000000e+01
   2.5300000e+02   1.5300000e+02   5.3000000e+01
   2.5500000e+02   1.7300000e+02  -1.3000000e+02
   2.7000000e+02   6.5000000e+01  -1.4700000e+02
   2.8400000e+02   8.2000000e+01   5.3000000e+01
   2.9100000e+02   1.7000000e+02   5.6000000e+01
   2.9200000e+02   1.9000000e+01   3.6000000e+01
