   6.4000000e+01   3.1700000e+02   1.1319859e+02
   7.1000000e+01   3.1000000e+02   1.0403624e+02
   7.8000000e+01   2.9000000e+02   8.2874984e+01
   8.4000000e+01   2.6000000e+02  -5.6309932e+01
   8.5000000e+01   3.0000000e+02   1.1656505e+02
   9.6000000e+01   3.0600000e+02  -6.3434949e+01
   1.0200000e+02   2.4600000e+02  -3.6869898e+01
   1.0300000e+02   2.6200000e+02   1.2928941e+02
   1.1300000e+02   2.8600000e+02  -4.7489553e+01
   1.2300000e+02   2.3200000e+02   1.4974356e+02
   1.3000000e+02   2.2800000e+02  -1.8434949e+01
   2.0800000e+02   3.1200000e+02  -9.9462322e+01
   2.2000000e+02   1.5300000e+02   2.8610460e+01
   2.3000000e+02   3.1300000e+02   9.5194429e+01
   2.3700000e+02   3.4200000e+02  -8.4805571e+01
   2.5700000e+02   2.1500000e+02   5.9743563e+01
   2.5900000e+02   1.9200000e+02   4.5000000e+01
   2.6500000e+02   3.2200000e+02   9.0000000e+01
   2.6900000e+02   1.6300000e+02   4.1987212e+01
   2.7900000e+02   1.9500000e+02  -1.1261986e+02
   2.8600000e+02   1.5300000e+02  -1.2686990e+02
   2.9500000e+02   1.8000000e+02   7.0016893e+01
   9.4000000e+01   2.7500000e+02   1.2300000e+02
   1.2300000e+02   2.9400000e+02   1.2600000e+02
   1.2500000e+02   3.3900000e+02   1.0400000e+02
   1.3600000e+02   3.5100000e+02  -5.5000000e+01
   1.4900000e+02   3.3500000e+02   7.0000000e+01
   1.6800000e+02   3.2200000e+02  -1.0500000e+02
   1.7900000e+02   1.5300000e+02   4.0000000e+00
   2.0200000e+02   2.7000000e+02  -1.1300000e+02
   2.0400000e+02   1.4200000e+02  -1.7600000e+02
   2.2400000e+02   1.7100000e+02   2.6000000e+01
   2.5800000e+02   1.4500000e+02   3.3000000e+01
   2.7200000e+02   2.4300000e+02  -1.2500000e+02
   2.8100000e+02   1.7200000e+02   6.3000000e+01
   3.2900000e+02   2.1700000e+02  -1.0000000e+02
