   1.9800000e+02   3.1400000e+02   6.8198591e+01
   2.0000000e+02   2.8500000e+02  -9.9462322e+01
   2.1600000e+02   2.3900000e+02  -7.1565051e+01
   2.2500000e+02   1.4300000e+02   1.5343495e+02
   2.3000000e+02   1.6900000e+02   1.6156505e+02
   2.3300000e+02   1.4000000e+02  -6.3401917e+00
   2.4100000e+02   1.6500000e+02   1.4036243e+01
   2.4800000e+02   1.7600000e+02   2.2619865e+01
   2.5200000e+02   1.0100000e+02  -1.5944395e+02
   2.5500000e+02   3.3300000e+02   7.5963757e+01
   2.5700000e+02   1.7000000e+02  -1.5738014e+02
   2.6300000e+02   1.0400000e+02   3.0256437e+01
   2.6500000e+02   1.7700000e+02   4.5000000e+01
   2.6900000e+02   2.9400000e+02  -1.1974488e+02
   2.7000000e+02   1.1700000e+02  -1.6596376e+02
   2.7100000e+02   1.2900000e+02   3.3690068e+01
   2.7200000e+02   9.4000000e+01  -1.6156505e+02
   2.7700000e+02   6.7000000e+01   2.2619865e+01
   2.7900000e+02   1.2200000e+02   3.7874984e+01
   2.8000000e+02   1.0100000e+02   3.2005383e+01
   2.8500000e+02   3.0800000e+02  -1.2602737e+02
   2.8700000e+02   9.5000000e+01   3.2005383e+01
   2.8700000e+02   1.1600000e+02  -1.5738014e+02
   2.8800000e+02   1.0600000e+02  -1.4799462e+02
   2.8800000e+02   3.1600000e+02   7.5963757e+01
   3.0000000e+02   2.4200000e+02   5.9036243e+01
   3.1000000e+02   2.4300000e+02  -1.1444395e+02
   3.1700000e+02   2.5500000e+02   7.1565051e+01
   3.3500000e+02   1.9400000e+02  -1.1656505e+02
   2.9400000e+02   1.6800000e+02   5.9000000e+01
