   3.2000000e+01   2.5700000e+02  -9.9462322e+01
   3.8000000e+01   2.1400000e+02   9.0000000e+01
   3.9000000e+01   1.6600000e+02   1.0843495e+02
   3.9000000e+01   2.8200000e+02   6.1389540e+01
   6.1000000e+01   1.6800000e+02  -1.0252881e+02
   6.2000000e+01   2.8900000e+02  -1.1656505e+02
   6.6000000e+01   2.6400000e+02   6.7380135e+01
   7.0000000e+01   1.8000000e+02   9.0000000e+01
   8.2000000e+01   3.3300000e+02  -1.3500000e+02
   8.6000000e+01   1.0500000e+02   1.4134019e+02
   9.2000000e+01   1.9500000e+02  -7.5963757e+01
   9.5000000e+01   3.6000000e+02   1.6474488e+02
   1.0800000e+02   2.4200000e+02   7.1565051e+01
   1.5800000e+02   3.3300000e+02  -1.4974356e+02
   1.6100000e+02   3.0700000e+02   3.9805571e+01
   1.6700000e+02   4.2000000e+01   0.0000000e+00
   1.7500000e+02   3.2600000e+02  -1.4630993e+02
   1.7800000e+02   6.3000000e+01   3.0256437e+01
   1.8300000e+02   2.7800000e+02  -1.4071059e+02
   1.9500000e+02   1.5000000e+01   3.6869898e+01
   2.1000000e+02   1.5900000e+02   6.3434949e+01
   2.2600000e+02   3.5900000e+02  -1.6596376e+02
   2.5000000e+02   2.0100000e+02  -1.1261986e+02
   2.6200000e+02   3.4400000e+02  -1.5343495e+02
   2.8900000e+02   2.0000000e+02  -1.0403624e+02
   4.0000000e+01   2.4000000e+02  -1.0000000e+02
   5.3000000e+01   3.4800000e+02   2.2000000e+01
   6.8000000e+01   2.0700000e+02   9.0000000e+01
   7.1000000e+01   1.9300000e+02  -6.8000000e+01
   1.1100000e+02   6.1000000e+01   1.6100000e+02
   1.1800000e+02   1.4200000e+02  -2.3000000e+01
   1.2600000e+02   4.3000000e+01  -1.0000000e+01
   1.3500000e+02   1.9700000e+02   1.1200000e+02
   1.7400000e+02   2.8300000e+02  -1.4400000e+02
   1.7900000e+02   5.4000000e+01  -1.6200000e+02
   1.8000000e+02   1.9500000e+02  -1.2700000e+02
   1.8200000e+02   3.1000000e+01  -1.5400000e+02
   1.9000000e+02   2.4400000e+02  -1.3500000e+02
   1.9400000e+02   1.4500000e+02   5.6000000e+01
   1.9400000e+02   2.5100000e+02   6.3000000e+01
   2.0000000e+02   1.5200000e+02  -1.3300000e+02
   2.1500000e+02   2.0900000e+02  -1.2300000e+02
   2.2100000e+02   9.5000000e+01   4.7000000e+01
   2.2600000e+02   8.1000000e+01   5.0000000e+01
   2.5600000e+02   2.8700000e+02   3.0000000e+01
   2.6500000e+02   3.1500000e+02  -1.4700000e+02
   2.7300000e+02   1.8400000e+02  -1.2100000e+02
   2.7600000e+02   2.1400000e+02  -1.1700000e+02
