   1.3500000e+02   2.5900000e+02  -1.0403624e+02
   1.4100000e+02   2.6600000e+02   5.3130102e+01
   1.7300000e+02   2.7400000e+02  -1.2686990e+02
   1.7500000e+02   2.0500000e+02   3.6027373e+01
   1.8600000e+02   2.9300000e+02  -1.3500000e+02
   1.9000000e+02   1.4200000e+02   4.1185925e+01
   1.9900000e+02   2.5100000e+02   5.4462322e+01
   2.0000000e+02   5.7000000e+01   2.9054604e+01
   2.0400000e+02   2.5800000e+02  -1.2553768e+02
   2.1700000e+02   3.4900000e+02   9.4623222e+00
   2.2600000e+02   9.6000000e+01  -1.4630993e+02
   2.3300000e+02   1.0300000e+02   4.2273689e+01
   2.3300000e+02   1.4300000e+02   4.5000000e+01
   2.5300000e+02   2.2200000e+02  -1.2928941e+02
   2.5300000e+02   2.7600000e+02   2.6565051e+01
   2.8200000e+02   1.6800000e+02  -1.2787498e+02
   2.2600000e+02   3.1500000e+02   2.4000000e+01
