   3.6000000e+01   2.1100000e+02  -1.0594540e+02
   5.9000000e+01   2.5800000e+02  -6.7380135e+01
   7.0000000e+01   2.1500000e+02   1.0403624e+02
   7.1000000e+01   3.1900000e+02  -9.0000000e+01
   1.0300000e+02   1.4300000e+02   1.2369007e+02
   1.1900000e+02   3.5900000e+02   7.9695154e+01
   1.3800000e+02   1.1900000e+02   1.5025512e+02
   1.8300000e+02   3.5500000e+02  -9.9462322e+01
   1.9000000e+02   1.3600000e+02   3.6869898e+01
   1.9200000e+02   5.7000000e+01  -1.6596376e+02
   1.9700000e+02   1.2700000e+02   4.5000000e+01
   2.0000000e+02   5.8000000e+01   1.8434949e+01
   2.0000000e+02   1.9900000e+02  -1.7480557e+02
   2.0300000e+02   2.0700000e+02   5.9743563e+01
   2.2100000e+02   2.0600000e+02  -1.1656505e+02
   2.4200000e+02   2.9100000e+02   8.0537678e+01
   2.5100000e+02   6.5000000e+01  -1.2499202e+02
   2.5100000e+02   2.7500000e+02  -1.0525512e+02
   2.6600000e+02   1.7200000e+02  -1.2602737e+02
   2.7100000e+02   1.8100000e+02   6.7380135e+01
   2.8200000e+02   2.9200000e+02   8.4805571e+01
   2.9900000e+02   2.1700000e+02  -1.1261986e+02
   9.0000000e+01   1.7200000e+02   1.1200000e+02
   1.2700000e+02   1.5600000e+02   1.3500000e+02
   1.3400000e+02   2.6700000e+02   7.1000000e+01
   1.5000000e+02   1.8300000e+02   1.4000000e+02
   1.5400000e+02   3.0800000e+02  -9.5000000e+01
   1.5600000e+02   2.4000000e+02   1.0400000e+02
   1.5900000e+02   3.2800000e+02  -1.0900000e+02
   1.6400000e+02   3.0200000e+02  -1.1900000e+02
   1.6600000e+02   1.7900000e+02   5.7000000e+01
   1.7700000e+02   3.0800000e+02  -1.1300000e+02
   2.0800000e+02   2.4800000e+02  -1.3100000e+02
   2.0900000e+02   3.5600000e+02  -6.8000000e+01
   2.1000000e+02   2.7600000e+02  -9.0000000e+01
   2.5900000e+02   2.1700000e+02  -1.2100000e+02
   2.6100000e+02   3.5000000e+02  -7.2000000e+01
   2.8700000e+02   3.3700000e+02   7.5000000e+01
