   7.3000000e+01   2.0200000e+02  -8.0537678e+01
   9.0000000e+01   1.9400000e+02   1.0843495e+02
   9.1000000e+01   1.7500000e+02   1.1180141e+02
   1.0500000e+02   7.5000000e+01  -5.0194429e+01
   1.1000000e+02   5.2000000e+01  -3.6869898e+01
   1.2300000e+02   1.9800000e+02  -7.1565051e+01
   1.5500000e+02   1.1600000e+02   9.0000000e+01
   1.5900000e+02   2.0700000e+02   9.4763642e+01
   1.7900000e+02   1.3000000e+02   1.2980557e+02
   1.7900000e+02   1.9000000e+02  -7.1565051e+01
   1.8400000e+02   2.9600000e+02   8.0537678e+01
   2.0500000e+02   1.2000000e+02   0.0000000e+00
   2.0800000e+02   3.0000000e+01   1.5738014e+02
   2.1200000e+02   1.9700000e+02  -9.5194429e+01
   2.2400000e+02   8.4000000e+01   1.5343495e+02
   2.2800000e+02   3.0800000e+02  -9.4763642e+01
   2.3600000e+02   3.0800000e+02  -9.9462322e+01
   2.4100000e+02   3.3100000e+02  -9.9462322e+01
   2.5800000e+02   1.9400000e+02  -1.2096376e+02
   2.6700000e+02   1.9400000e+02  -1.0403624e+02
   2.7700000e+02   2.1300000e+02   1.0998311e+02
   2.8300000e+02   1.5500000e+02   1.7480557e+02
   2.8700000e+02   2.1200000e+02   1.0403624e+02
   2.8800000e+02   1.6200000e+02   6.6037511e+01
   2.9200000e+02   3.1400000e+02  -7.5963757e+01
   3.0800000e+02   2.1300000e+02   8.5236358e+01
   3.0900000e+02   2.0200000e+02  -9.0000000e+01
   3.2700000e+02   1.3300000e+02   6.3434949e+01
   9.3000000e+01   2.2400000e+02   9.4000000e+01
   1.0400000e+02   1.6700000e+02   1.1200000e+02
   1.2600000e+02   2.5000000e+02  -9.5000000e+01
   1.3400000e+02   2.4300000e+02  -1.4400000e+02
   1.6800000e+02   1.2700000e+02   1.4200000e+02
   2.0600000e+02   2.5100000e+02  -1.1700000e+02
   2.3100000e+02   2.4200000e+02  -1.2100000e+02
   2.5100000e+02   2.2700000e+02   9.9000000e+01
   2.7500000e+02   2.9800000e+02  -6.2000000e+01
   2.8400000e+02   2.2600000e+02   1.0800000e+02
   2.9900000e+02   2.1200000e+02  -9.0000000e+01
   3.2900000e+02   1.6100000e+02  -1.0700000e+02
