   5.7000000e+01   1.9500000e+02  -7.5963757e+01
   7.5000000e+01   1.8600000e+02   1.1261986e+02
   7.6000000e+01   1.6600000e+02   1.1180141e+02
   8.9000000e+01   4.4000000e+01  -5.0194429e+01
   9.4000000e+01   2.6400000e+02  -8.4805571e+01
   1.0200000e+02   2.9000000e+01   1.2928941e+02
   1.0800000e+02   2.8100000e+02  -8.5236358e+01
   1.1000000e+02   1.8900000e+02  -8.0537678e+01
   1.2100000e+02   1.3700000e+02   1.0843495e+02
   1.2800000e+02   2.2700000e+02   9.0000000e+01
   1.4600000e+02   3.1100000e+02  -1.0403624e+02
   1.6300000e+02   2.8700000e+02   8.0537678e+01
   1.8100000e+02   9.8000000e+01  -4.7726311e+01
   1.9800000e+02   4.6000000e+01   1.5025512e+02
   2.0300000e+02   5.7000000e+01   0.0000000e+00
   2.0500000e+02   1.0400000e+02   1.2928941e+02
   2.0800000e+02   1.9000000e+01   1.6596376e+02
   2.1200000e+02   4.3000000e+01   0.0000000e+00
   2.2000000e+02   1.5400000e+02   9.9462322e+01
   2.3100000e+02   1.8700000e+02   9.0000000e+01
   2.3200000e+02   1.7900000e+02  -1.0403624e+02
   2.5600000e+02   1.2600000e+02  -1.7365981e+02
   2.6100000e+02   1.3300000e+02   7.1565051e+01
   2.6700000e+02   1.7100000e+02   4.5000000e+01
   2.9500000e+02   5.0000000e+01  -1.4630993e+02
   1.0000000e+02   2.2800000e+02  -1.2000000e+01
   1.5200000e+02   2.3600000e+02  -9.0000000e+01
   1.6200000e+02   1.7300000e+02   9.9000000e+01
   1.7200000e+02   1.3000000e+02   1.0800000e+02
   1.7200000e+02   1.6900000e+02   1.0400000e+02
   1.7700000e+02   1.4500000e+02   1.0400000e+02
   1.8300000e+02   1.9000000e+02   7.1000000e+01
   1.8800000e+02   2.3700000e+02  -1.1300000e+02
   2.0400000e+02   2.9800000e+02  -1.1300000e+02
   2.0800000e+02   1.1200000e+02   1.3500000e+02
   2.1100000e+02   2.2700000e+02  -1.0900000e+02
   2.1600000e+02   3.0100000e+02  -1.0900000e+02
   2.5200000e+02   2.8300000e+02  -6.4000000e+01
   2.6100000e+02   2.1100000e+02   1.0800000e+02
   2.6700000e+02   9.6000000e+01  -1.3500000e+02
   3.0400000e+02   2.8000000e+02  -6.2000000e+01
