   7.9000000e+01   1.2300000e+02  -7.9695154e+01
   9.0000000e+01   2.2200000e+02   8.5236358e+01
   9.1000000e+01   4.0000000e+01   1.1656505e+02
   9.6000000e+01   5.5000000e+01   1.1261986e+02
   9.8000000e+01   4.7000000e+01  -5.3972627e+01
   1.1600000e+02   1.6300000e+02   8.0537678e+01
   1.2100000e+02   2.0700000e+02  -9.4763642e+01
   1.2700000e+02   7.3000000e+01  -4.5000000e+01
   1.3000000e+02   1.0900000e+02   9.4763642e+01
   1.3600000e+02   1.4700000e+02  -9.5710593e+01
   1.3600000e+02   3.2300000e+02   7.1565051e+01
   1.3800000e+02   1.5600000e+02   8.2874984e+01
   1.4300000e+02   2.3000000e+01   0.0000000e+00
   1.5100000e+02   2.5700000e+02  -1.2200538e+02
   1.7100000e+02   3.7000000e+01   1.5343495e+02
   2.2700000e+02   6.3000000e+01   3.2005383e+01
   2.6800000e+02   3.5100000e+02  -1.6869007e+02
   3.0800000e+02   8.9000000e+01  -1.3198721e+02
   3.2200000e+02   1.4900000e+02  -1.1905460e+02
   3.3400000e+02   1.8400000e+02  -1.1261986e+02
   3.4700000e+02   1.6900000e+02   4.8814075e+01
   8.4000000e+01   2.5400000e+02   1.6100000e+02
   1.5500000e+02   2.6900000e+02  -1.1900000e+02
   1.6500000e+02   2.8800000e+02   5.5000000e+01
   1.8700000e+02   1.1100000e+02   5.0000000e+00
   1.8700000e+02   1.8000000e+02  -1.1300000e+02
   2.0300000e+02   2.1700000e+02   5.3000000e+01
   2.2100000e+02   2.0200000e+02   5.7000000e+01
   2.3600000e+02   2.0400000e+02  -1.2700000e+02
   2.4000000e+02   1.3700000e+02  -1.2100000e+02
   2.4600000e+02   1.3100000e+02   6.7000000e+01
   2.5000000e+02   2.6500000e+02   5.7000000e+01
   2.5800000e+02   1.6200000e+02  -1.0500000e+02
   2.5800000e+02   2.4200000e+02   6.7000000e+01
   2.7600000e+02   1.8600000e+02   8.4000000e+01
   2.7600000e+02   2.4000000e+02  -1.1300000e+02
   3.2000000e+02   2.2100000e+02  -1.2100000e+02
