   3.9000000e+01   3.2600000e+02  -7.0016893e+01
   3.9000000e+01   3.3500000e+02   9.9462322e+01
   4.5000000e+01   3.5100000e+02  -7.5963757e+01
   4.8000000e+01   3.2600000e+02  -6.8198591e+01
   5.3000000e+01   2.4600000e+02  -6.7380135e+01
   8.2000000e+01   2.9500000e+02  -7.1565051e+01
   9.5000000e+01   3.3100000e+02   9.0000000e+01
   1.0400000e+02   2.1100000e+02   9.0000000e+01
   1.4100000e+02   2.8600000e+02   1.0403624e+02
   1.4200000e+02   2.7800000e+02  -7.5963757e+01
   1.4800000e+02   2.2300000e+02   1.2247119e+02
   1.8300000e+02   1.3700000e+02   0.0000000e+00
   1.8900000e+02   2.6600000e+02   1.0403624e+02
   2.2100000e+02   1.4700000e+02  -1.6156505e+02
   2.3000000e+02   1.8700000e+02  -1.4500798e+02
   2.4200000e+02   2.1200000e+02   6.0255119e+01
   2.8900000e+02   2.4700000e+02  -1.0843495e+02
   3.0400000e+02   2.7600000e+02  -9.9462322e+01
   6.6000000e+01   2.6300000e+02   1.0800000e+02
   1.0200000e+02   3.3900000e+02  -1.0600000e+02
   1.2000000e+02   2.9200000e+02   9.4000000e+01
   1.2700000e+02   3.0500000e+02   9.0000000e+01
   1.4900000e+02   2.9900000e+02   1.0800000e+02
   1.4900000e+02   3.4100000e+02  -1.0900000e+02
   1.5200000e+02   2.7700000e+02   9.9000000e+01
   1.6000000e+02   3.2900000e+02   9.0000000e+01
   1.6200000e+02   2.8400000e+02  -9.0000000e+01
   2.0100000e+02   3.6000000e+02   9.9000000e+01
   2.1700000e+02   2.8300000e+02  -3.5000000e+01
   2.2100000e+02   3.1600000e+02  -8.1000000e+01
   2.2300000e+02   3.0400000e+02  -7.2000000e+01
   2.2700000e+02   2.9000000e+02  -3.8000000e+01
