   6.3000000e+01   2.2700000e+02   9.4763642e+01
   6.4000000e+01   1.8600000e+02   1.1261986e+02
   7.6000000e+01   2.0000000e+02  -7.0016893e+01
   8.0000000e+01   9.5000000e+01   4.5000000e+01
   8.3000000e+01   1.3200000e+02  -6.7380135e+01
   8.8000000e+01   2.7500000e+02  -1.0030485e+02
   8.8000000e+01   3.1700000e+02  -1.1656505e+02
   9.0000000e+01   1.3800000e+02   1.1656505e+02
   9.1000000e+01   2.1800000e+02  -5.5007980e+01
   9.3000000e+01   2.4000000e+02   8.5236358e+01
   9.4000000e+01   1.3000000e+02  -6.7380135e+01
   9.5000000e+01   2.3200000e+02  -9.0000000e+01
   9.7000000e+01   1.9100000e+02  -7.1565051e+01
   1.1300000e+02   1.4300000e+02   1.0843495e+02
   1.1900000e+02   1.0900000e+02   0.0000000e+00
   1.2000000e+02   3.1100000e+02  -1.1861046e+02
   1.3100000e+02   1.9400000e+02   1.0403624e+02
   1.4700000e+02   2.8400000e+02   7.1565051e+01
   1.5100000e+02   9.6000000e+01   1.4071059e+02
   1.5300000e+02   1.2400000e+02   1.1656505e+02
   1.7900000e+02   1.7800000e+02  -7.5963757e+01
   1.9800000e+02   6.6000000e+01  -4.5000000e+01
   2.0000000e+02   7.6000000e+01  -1.8434949e+01
   2.1700000e+02   3.0000000e+01   7.1250163e+00
   2.2100000e+02   8.6000000e+01   1.6156505e+02
   2.5100000e+02   2.6100000e+02  -8.5236358e+01
   2.6700000e+02   4.5000000e+01  -1.7523636e+02
   2.7000000e+02   3.5400000e+02  -5.9743563e+01
   2.7400000e+02   4.9000000e+01   3.3690068e+01
   2.8200000e+02   4.4000000e+01  -1.4630993e+02
   2.8900000e+02   4.8000000e+01   4.2273689e+01
   3.0700000e+02   2.7800000e+02   9.9462322e+01
   3.1200000e+02   9.8000000e+01  -1.2602737e+02
   3.1500000e+02   2.2100000e+02  -9.4763642e+01
   3.1900000e+02   1.6700000e+02   7.5963757e+01
   3.2000000e+02   1.1100000e+02   7.1565051e+01
   1.0500000e+02   1.8800000e+02   1.1200000e+02
   1.2200000e+02   1.3500000e+02   1.0800000e+02
   1.2200000e+02   1.8500000e+02   1.0800000e+02
   1.3400000e+02   2.2400000e+02   1.1300000e+02
   1.5700000e+02   2.8800000e+02  -1.1700000e+02
   1.6700000e+02   1.9300000e+02   1.0400000e+02
   1.7000000e+02   2.3600000e+02  -1.0900000e+02
   1.7300000e+02   1.6400000e+02   1.0400000e+02
   1.8700000e+02   2.9100000e+02  -1.1700000e+02
   1.9300000e+02   2.2700000e+02  -1.0900000e+02
   1.9500000e+02   2.3500000e+02  -1.1300000e+02
   2.0000000e+02   2.9800000e+02  -1.0900000e+02
   2.0200000e+02   1.5500000e+02   1.1200000e+02
   2.0600000e+02   2.3300000e+02  -1.0000000e+02
   2.0600000e+02   2.4200000e+02  -1.0000000e+02
   2.2100000e+02   2.2400000e+02   1.0400000e+02
   2.3500000e+02   1.5300000e+02  -1.1300000e+02
   2.3500000e+02   2.8600000e+02  -6.8000000e+01
   2.3900000e+02   1.7600000e+02  -3.8000000e+01
   2.8600000e+02   2.8500000e+02  -6.4000000e+01
   2.9300000e+02   1.4800000e+02  -1.0900000e+02
   3.0700000e+02   9.0000000e+01   5.7000000e+01
