   1.2000000e+02   1.8400000e+02   1.0525512e+02
   1.2100000e+02   1.7400000e+02  -7.1565051e+01
   1.2600000e+02   2.0700000e+02   1.0403624e+02
   1.2700000e+02   1.9900000e+02  -8.4289407e+01
   1.3300000e+02   2.2100000e+02   9.4763642e+01
   1.3400000e+02   2.1300000e+02  -8.0537678e+01
   1.4300000e+02   2.2900000e+02  -8.5236358e+01
   1.4400000e+02   2.3700000e+02   9.4763642e+01
   1.4900000e+02   8.4000000e+01  -6.0255119e+01
   1.5300000e+02   7.7000000e+01   1.1974488e+02
   1.5700000e+02   7.0000000e+01  -5.7528808e+01
   1.7600000e+02   2.4600000e+02   8.5236358e+01
   1.7700000e+02   5.8000000e+01  -4.5000000e+01
   1.8500000e+02   2.2500000e+02  -9.9462322e+01
   1.9600000e+02   1.9000000e+02  -8.5236358e+01
   2.0000000e+02   1.6100000e+02   1.0403624e+02
   2.0200000e+02   1.5200000e+02  -7.1565051e+01
   2.0600000e+02   2.1300000e+02  -9.4763642e+01
   2.4200000e+02   1.8100000e+02   9.4763642e+01
   2.4400000e+02   1.1200000e+02   1.2980557e+02
   2.4400000e+02   1.7300000e+02  -8.5236358e+01
   2.5000000e+02   1.4100000e+02   1.0843495e+02
   2.5300000e+02   1.7900000e+02   9.9462322e+01
   2.6500000e+02   1.6700000e+02  -8.0537678e+01
   2.8400000e+02   1.8100000e+02   1.0403624e+02
   2.8600000e+02   8.1000000e+01   5.3130102e+01
   2.9600000e+02   1.4900000e+02   9.0000000e+01
   3.0000000e+02   1.1600000e+02  -1.0403624e+02
   3.0200000e+02   1.2400000e+02   9.0000000e+01
   3.1200000e+02   1.4500000e+02  -4.5000000e+01
   3.1300000e+02   1.5700000e+02  -7.5963757e+01
   2.2100000e+02   2.2800000e+02  -1.0000000e+02
