   6.5000000e+01   1.6500000e+02  -8.2874984e+01
   7.0000000e+01   1.8800000e+02   1.0998311e+02
   8.7000000e+01   9.8000000e+01   1.2096376e+02
   1.2900000e+02   2.2500000e+02   9.0000000e+01
   1.3100000e+02   2.9500000e+02   7.0016893e+01
   1.3600000e+02   4.6000000e+01   1.2025644e+02
   1.4000000e+02   1.5700000e+02  -7.0016893e+01
   1.6000000e+02   5.8000000e+01  -4.5000000e+01
   1.6700000e+02   5.1000000e+01   1.3500000e+02
   1.7500000e+02   1.4500000e+02   9.9462322e+01
   1.8300000e+02   1.0400000e+02  -4.5000000e+01
   1.9500000e+02   1.6200000e+02   9.4763642e+01
   1.9700000e+02   1.5400000e+02  -8.0537678e+01
   2.0400000e+02   1.2200000e+02   1.0843495e+02
   2.0600000e+02   1.6100000e+02   9.9462322e+01
   2.1900000e+02   1.8800000e+02   1.0403624e+02
   2.2100000e+02   4.6000000e+01   4.5000000e+01
   2.2100000e+02   1.7900000e+02  -7.5963757e+01
   2.3700000e+02   6.9000000e+01   4.8366461e+01
   2.3700000e+02   1.6200000e+02   1.0843495e+02
   2.4200000e+02   6.2000000e+01   5.0710593e+01
   2.6200000e+02   1.9100000e+02   9.9462322e+01
   2.6500000e+02   1.7100000e+02  -7.1565051e+01
   2.7000000e+02   1.8700000e+02   9.0000000e+01
   2.7300000e+02   1.7600000e+02  -8.3659808e+01
   2.8300000e+02   1.0900000e+02  -9.0000000e+01
   1.5700000e+02   2.4400000e+02   7.0000000e+01
   1.6200000e+02   1.9600000e+02  -1.0500000e+02
   1.8200000e+02   2.6000000e+02  -7.6000000e+01
