   1.7600000e+02   3.1200000e+02  -6.7380135e+01
   1.9000000e+02   3.1100000e+02  -7.1565051e+01
   2.3200000e+02   1.0400000e+02   1.6596376e+02
   2.6400000e+02   2.3900000e+02   8.4805571e+01
   2.6600000e+02   2.3100000e+02  -8.4805571e+01
   2.9400000e+02   1.1300000e+02   0.0000000e+00
   2.9900000e+02   1.7100000e+02   8.0537678e+01
   3.1400000e+02   1.8900000e+02   7.5963757e+01
   1.9500000e+02   2.8100000e+02   1.0800000e+02
   2.1200000e+02   1.8000000e+02  -6.0000000e+01
   2.1300000e+02   3.1100000e+02   1.1200000e+02
   2.2300000e+02   9.7000000e+01   1.4300000e+02
   2.3400000e+02   3.5100000e+02   1.2300000e+02
   2.3900000e+02   1.0800000e+02   9.0000000e+00
   2.4000000e+02   1.0000000e+02   9.0000000e+00
   2.4200000e+02   2.0200000e+02   9.0000000e+01
   2.4700000e+02   1.8600000e+02  -1.3500000e+02
   2.4800000e+02   1.5800000e+02   5.3000000e+01
   2.5000000e+02   1.3100000e+02  -1.6600000e+02
   2.5200000e+02   1.9700000e+02  -1.1700000e+02
   2.5500000e+02   7.9000000e+01   2.6000000e+01
   2.5600000e+02   1.2400000e+02   3.2000000e+01
   2.5700000e+02   9.9000000e+01   3.3000000e+01
   2.6500000e+02   1.1700000e+02  -1.5000000e+02
   2.6800000e+02   1.8800000e+02   1.0500000e+02
   2.7100000e+02   1.0900000e+02   6.5000000e+01
   2.8000000e+02   1.9000000e+02  -1.0900000e+02
