   1.0300000e+02   3.1500000e+02  -1.4036243e+01
   1.4600000e+02   2.5400000e+02  -4.2510447e+01
   1.7500000e+02   2.7300000e+02  -4.2510447e+01
   1.7700000e+02   1.6800000e+02   1.1261986e+02
   1.7900000e+02   1.6000000e+02  -7.5963757e+01
   1.8100000e+02   6.7000000e+01   1.2369007e+02
   1.8500000e+02   2.9600000e+02  -2.2619865e+01
   2.0100000e+02   1.1400000e+02   1.0843495e+02
   2.2000000e+02   3.1700000e+02  -2.2619865e+01
   2.2300000e+02   3.2000000e+01  -4.5000000e+01
   2.3300000e+02   9.2000000e+01   9.0000000e+01
   2.3800000e+02   1.4000000e+02   9.9462322e+01
   2.3900000e+02   1.3200000e+02  -8.5236358e+01
   2.4500000e+02   1.8900000e+02  -8.0537678e+01
   2.4700000e+02   2.6300000e+02  -6.3434949e+01
   2.4900000e+02   7.5000000e+01   8.0537678e+01
   2.5000000e+02   2.9400000e+02  -3.9289407e+01
   2.5500000e+02   1.4200000e+02  -9.0000000e+01
   2.6300000e+02   1.0800000e+02  -9.0000000e+01
   2.6300000e+02   2.1300000e+02   9.4763642e+01
   2.6500000e+02   2.0500000e+02  -8.5236358e+01
   2.7400000e+02   1.8300000e+02   9.0000000e+01
   9.9000000e+01   2.6500000e+02   1.4900000e+02
   1.1100000e+02   3.0200000e+02  -1.9000000e+01
   1.3000000e+02   2.9500000e+02   1.5700000e+02
   1.3500000e+02   3.4700000e+02   1.5700000e+02
   1.4900000e+02   2.8200000e+02   1.4900000e+02
   1.5000000e+02   2.0600000e+02   1.4500000e+02
   1.5100000e+02   3.5000000e+02   1.6100000e+02
   2.0100000e+02   8.1000000e+01   1.4300000e+02
   2.1800000e+02   6.7000000e+01   5.3000000e+01
   2.3500000e+02   1.9000000e+01  -1.5400000e+02
   2.4300000e+02   2.8000000e+01  -1.3500000e+02
   2.4800000e+02   9.2000000e+01  -1.0900000e+02
   2.6800000e+02   2.6600000e+02   1.4300000e+02
