   1.3400000e+02   2.8900000e+02  -3.9805571e+01
   1.6700000e+02   2.0200000e+02   1.1261986e+02
   1.6900000e+02   1.9400000e+02  -7.1565051e+01
   1.7000000e+02   3.3300000e+02  -2.6565051e+01
   1.9200000e+02   1.4500000e+02   1.0403624e+02
   1.9300000e+02   1.3600000e+02   1.2928941e+02
   1.9400000e+02   3.5700000e+02   1.5343495e+02
   2.0200000e+02   3.5300000e+02  -2.2619865e+01
   2.1100000e+02   1.7600000e+02   1.0403624e+02
   2.1200000e+02   3.0200000e+02  -5.3972627e+01
   2.1400000e+02   8.1000000e+01  -1.5343495e+02
   2.2900000e+02   8.2000000e+01  -1.2686990e+02
   2.4100000e+02   1.0800000e+02   8.5236358e+01
   2.5200000e+02   2.3000000e+02   9.4763642e+01
   2.5300000e+02   2.2200000e+02  -8.5236358e+01
   7.6000000e+01   3.0000000e+02  -1.7200000e+02
   7.7000000e+01   2.2600000e+02  -5.4000000e+01
   8.2000000e+01   3.0800000e+02  -1.0000000e+01
   8.5000000e+01   2.9600000e+02   1.6100000e+02
   1.0000000e+02   2.4100000e+02   1.3700000e+02
   1.1900000e+02   3.4100000e+02   1.6000000e+02
   1.4500000e+02   2.1200000e+02   1.2400000e+02
   1.6500000e+02   2.2700000e+02   1.1200000e+02
   1.9100000e+02   1.2400000e+02   4.5000000e+01
   2.0900000e+02   1.3000000e+02  -1.2100000e+02
   2.1000000e+02   9.5000000e+01   5.9000000e+01
   2.3800000e+02   1.2700000e+02  -1.0500000e+02
