   1.4000000e+02   1.4800000e+02  -5.9743563e+01
   1.5300000e+02   1.4700000e+02  -6.3434949e+01
   1.6500000e+02   1.2000000e+02   1.1261986e+02
   1.9800000e+02   1.4500000e+02   1.0843495e+02
   2.0700000e+02   4.0000000e+01   1.2686990e+02
   2.2400000e+02   2.3000000e+01  -1.1656505e+02
   2.3700000e+02   3.2000000e+01   9.0000000e+01
   2.4300000e+02   1.3300000e+02  -8.0537678e+01
   2.4300000e+02   1.4100000e+02   1.0525512e+02
   2.4800000e+02   1.6000000e+01   8.0537678e+01
   2.5200000e+02   4.8000000e+01  -9.0000000e+01
   1.3500000e+02   1.0600000e+02   1.1200000e+02
   1.4300000e+02   2.5300000e+02   1.6100000e+02
   1.4500000e+02   1.0200000e+02   1.0800000e+02
   1.5000000e+02   1.5700000e+02   1.2300000e+02
   1.6600000e+02   2.1000000e+02   1.4300000e+02
   1.9600000e+02   2.4000000e+01   1.1800000e+02
