   1.4100000e+02   1.1400000e+02   1.4446232e+02
   1.4800000e+02   1.0900000e+02  -1.4036243e+01
   1.5800000e+02   1.2100000e+02  -1.4036243e+01
   1.5900000e+02   1.3600000e+02   1.4974356e+02
   1.6900000e+02   1.3200000e+02   1.0843495e+02
   1.7000000e+02   1.4300000e+02   1.7523636e+02
   1.7800000e+02   1.3300000e+02   1.0304846e+01
   1.8400000e+02   8.2000000e+01   4.7636417e+00
   2.1100000e+02   8.6000000e+01   2.2619865e+01
   2.4800000e+02   3.4900000e+02  -9.4763642e+01
   2.4900000e+02   3.2900000e+02  -1.0525512e+02
   4.8000000e+01   3.2000000e+02   1.3500000e+02
   5.1000000e+01   2.3200000e+02  -4.5000000e+01
   5.7000000e+01   3.1000000e+02   1.3100000e+02
   1.3900000e+02   1.9400000e+02   1.3100000e+02
   1.4200000e+02   1.3400000e+02  -3.1000000e+01
   1.7600000e+02   1.4900000e+02   1.8000000e+01
   1.7900000e+02   1.4100000e+02   1.4000000e+01
   1.8100000e+02   1.7400000e+02  -1.6200000e+02
   1.8700000e+02   2.9100000e+02   7.7000000e+01
   1.9000000e+02   1.6700000e+02   5.0000000e+01
   2.0000000e+02   1.6000000e+02  -1.5000000e+02
   2.0000000e+02   3.2300000e+02   1.0400000e+02
   2.0600000e+02   1.6900000e+02  -1.3000000e+02
   2.1200000e+02   1.6200000e+02   6.1000000e+01
   2.1300000e+02   3.0000000e+02   1.1400000e+02
   2.3700000e+02   2.3300000e+02   4.5000000e+01
