   8.6000000e+01   2.7200000e+02  -5.0710593e+01
   1.5100000e+02   3.3500000e+02   1.4313010e+02
   1.8300000e+02   7.3000000e+01  -1.5738014e+02
   2.2100000e+02   2.4000000e+01  -1.3500000e+02
   2.4700000e+02   1.3200000e+02  -1.2865981e+02
   2.5800000e+02   2.6500000e+02  -1.2096376e+02
   2.8800000e+02   1.2500000e+02  -1.0843495e+02
   5.7000000e+01   2.2500000e+02   1.2600000e+02
   1.0600000e+02   2.3700000e+02  -6.2000000e+01
   1.1500000e+02   9.8000000e+01  -4.2000000e+01
   1.2400000e+02   2.2200000e+02   1.1200000e+02
   1.2800000e+02   3.2900000e+02  -7.2000000e+01
   1.4600000e+02   2.8000000e+02   1.2200000e+02
   1.5100000e+02   2.9000000e+02   1.1600000e+02
   1.6000000e+02   2.6600000e+02   1.1600000e+02
   1.6500000e+02   8.7000000e+01   2.9000000e+01
   1.6700000e+02   1.2000000e+02  -1.5800000e+02
   1.7200000e+02   3.1000000e+02   1.1200000e+02
   1.7300000e+02   2.5100000e+02   1.0800000e+02
   1.8400000e+02   1.9400000e+02   1.0400000e+02
   1.8600000e+02   2.8700000e+02   1.0800000e+02
   2.0600000e+02   2.6800000e+02   9.0000000e+01
   2.1300000e+02   5.8000000e+01  -1.4400000e+02
   2.1400000e+02   2.4800000e+02   4.5000000e+01
   2.2200000e+02   2.9600000e+02   9.9000000e+01
   2.2300000e+02   2.2400000e+02  -9.0000000e+01
   2.3600000e+02   8.8000000e+01  -1.2100000e+02
   2.8700000e+02   2.1900000e+02  -1.0900000e+02
