   6.0000000e+01   2.0900000e+02   1.2928941e+02
   6.3000000e+01   2.0000000e+02  -5.6309932e+01
   8.7000000e+01   1.2100000e+02   1.1656505e+02
   9.2000000e+01   1.1300000e+02  -5.2125016e+01
   9.5000000e+01   3.4600000e+02   1.4500798e+02
   9.7000000e+01   3.5600000e+02   1.4134019e+02
   1.5100000e+02   8.5000000e+01  -4.5000000e+01
   1.5100000e+02   3.2200000e+02   1.2928941e+02
   1.7200000e+02   1.1400000e+02   0.0000000e+00
   1.7600000e+02   1.8400000e+02  -1.1656505e+02
   1.8800000e+02   2.8000000e+02  -6.7380135e+01
   1.9600000e+02   3.3200000e+02  -6.1389540e+01
   1.9700000e+02   2.8300000e+02  -7.5963757e+01
   1.9800000e+02   1.8000000e+02   9.4763642e+01
   2.0500000e+02   3.0600000e+02   9.9462322e+01
   2.1300000e+02   2.3500000e+02  -7.7471192e+01
   2.1300000e+02   2.7900000e+02  -7.5963757e+01
   2.3100000e+02   2.2800000e+02  -8.5236358e+01
   7.6000000e+01   3.5800000e+02   1.6000000e+02
   1.7400000e+02   1.4500000e+02   1.7500000e+02
   1.9300000e+02   1.5400000e+02   8.0000000e+01
