   6.3000000e+01   2.3100000e+02  -6.0945396e+01
   6.7000000e+01   3.2000000e+02  -3.9289407e+01
   8.2000000e+01   1.1900000e+02   1.2369007e+02
   1.0300000e+02   3.3500000e+02  -2.8610460e+01
   1.0700000e+02   1.0900000e+02  -6.1389540e+01
   1.2000000e+02   2.7600000e+02   1.2499202e+02
   1.2300000e+02   2.3300000e+02  -6.7380135e+01
   1.3300000e+02   1.7700000e+02   1.2787498e+02
   1.4000000e+02   3.1400000e+02   1.2499202e+02
   1.6400000e+02   2.8200000e+02   1.1656505e+02
   1.6600000e+02   2.7300000e+02  -6.7380135e+01
   1.7000000e+02   3.1200000e+02  -6.3434949e+01
   1.7600000e+02   2.7300000e+02  -7.1565051e+01
   1.8300000e+02   1.8000000e+02   9.4763642e+01
   1.8400000e+02   2.7400000e+02  -7.1565051e+01
   2.0100000e+02   2.2800000e+02  -8.3659808e+01
   1.1600000e+02   2.2800000e+02   1.1600000e+02
   1.5700000e+02   1.4200000e+02   1.7000000e+02
   1.6700000e+02   1.9100000e+02   0.0000000e+00
   1.9200000e+02   8.7000000e+01   3.9000000e+01
