   9.3000000e+01   2.2100000e+02   1.3500000e+02
   9.6000000e+01   2.1300000e+02  -4.7726311e+01
   9.8000000e+01   3.1200000e+02  -4.9398705e+01
   1.0000000e+02   2.8700000e+02   1.4630993e+02
   1.0500000e+02   1.4700000e+02   9.0000000e+01
   1.0800000e+02   2.7700000e+02  -5.0710593e+01
   1.0900000e+02   1.3500000e+02   1.3801279e+02
   1.1300000e+02   1.2800000e+02  -5.6309932e+01
   1.1600000e+02   3.4100000e+02   1.4974356e+02
   1.1800000e+02   9.6000000e+01   1.3500000e+02
   1.2300000e+02   8.8000000e+01  -4.5000000e+01
   1.2400000e+02   7.4000000e+01  -4.8012788e+01
   1.5000000e+02   2.9300000e+02   1.2686990e+02
   1.5400000e+02   2.8400000e+02  -6.1389540e+01
   1.6700000e+02   9.7000000e+01  -3.0256437e+01
   1.7300000e+02   3.5700000e+02  -5.0194429e+01
   2.0200000e+02   3.5800000e+02  -4.7726311e+01
   2.2900000e+02   2.4700000e+02  -9.9462322e+01
   2.3000000e+02   1.0900000e+02   3.0256437e+01
   2.3300000e+02   8.5000000e+01  -1.5738014e+02
   2.3800000e+02   5.9000000e+01  -1.6596376e+02
   2.3900000e+02   2.5100000e+02  -1.0403624e+02
   2.4600000e+02   3.2100000e+02   1.4313010e+02
   2.5700000e+02   2.0800000e+02   7.1565051e+01
   2.6700000e+02   2.5300000e+02  -1.2025644e+02
   1.3100000e+02   2.0900000e+02   1.1200000e+02
   1.3700000e+02   3.2400000e+02   1.2900000e+02
   1.7800000e+02   1.7800000e+02   1.4000000e+02
