   1.2300000e+02   3.2500000e+02  -4.1185925e+01
   1.2400000e+02   2.8200000e+02  -5.0710593e+01
   1.2900000e+02   3.0000000e+02   1.4974356e+02
   1.3000000e+02   3.5000000e+02  -2.2619865e+01
   1.3700000e+02   2.9100000e+02  -4.2273689e+01
   1.9800000e+02   3.1400000e+02   1.2602737e+02
   2.0300000e+02   7.3000000e+01   1.4974356e+02
   2.0300000e+02   3.0400000e+02  -6.3434949e+01
   2.1800000e+02   9.4000000e+01   1.5738014e+02
   2.4000000e+02   1.9500000e+02   4.7726311e+01
   2.4800000e+02   3.1900000e+02   1.1261986e+02
   2.6100000e+02   2.7100000e+02  -9.0000000e+01
   2.7000000e+02   2.7500000e+02  -9.9462322e+01
   2.8200000e+02   1.9600000e+02  -1.0669924e+02
   2.8900000e+02   1.7700000e+02   8.1869898e+01
   2.1800000e+02   1.9900000e+02   1.4600000e+02
