   1.2400000e+02   1.2100000e+02   1.2025644e+02
   1.2900000e+02   2.4500000e+02  -4.5000000e+01
   1.4500000e+02   1.2400000e+02  -5.0194429e+01
   1.4500000e+02   1.8200000e+02  -6.7380135e+01
   1.5000000e+02   2.7700000e+02  -8.5236358e+01
   1.5400000e+02   1.2800000e+02  -4.2273689e+01
   1.6900000e+02   1.9300000e+02   1.1261986e+02
   1.7300000e+02   2.2100000e+02  -7.5963757e+01
   1.7600000e+02   1.0100000e+02   1.5738014e+02
   1.9700000e+02   2.7500000e+02  -8.0537678e+01
   2.0200000e+02   3.5600000e+02  -7.1565051e+01
   2.0800000e+02   1.4600000e+02   4.7636417e+00
   2.2200000e+02   1.0000000e+02  -1.7053768e+02
   2.2400000e+02   2.0200000e+02   9.4623222e+00
   2.9300000e+02   3.2600000e+02  -1.0843495e+02
   2.9400000e+02   2.4000000e+02   4.5000000e+01
   2.9500000e+02   3.3400000e+02   8.0537678e+01
   3.0400000e+02   2.8500000e+02  -1.2980557e+02
   3.1300000e+02   2.8200000e+02  -1.3500000e+02
   3.2000000e+02   2.9100000e+02   3.5537678e+01
   3.2200000e+02   2.8100000e+02  -1.3500000e+02
   3.2800000e+02   2.8800000e+02   3.3690068e+01
   1.7900000e+02   1.1400000e+02  -1.9000000e+01
   1.8500000e+02   1.9100000e+02   1.2200000e+02
   1.9800000e+02   2.3700000e+02  -9.0000000e+01
   2.1400000e+02   2.2000000e+02  -1.5000000e+01
   2.2400000e+02   2.8700000e+02   9.9000000e+01
   2.3200000e+02   2.8300000e+02   3.3000000e+01
   2.3700000e+02   3.5600000e+02   9.9000000e+01
   2.5900000e+02   1.6500000e+02   2.2000000e+01
   3.4000000e+02   3.4300000e+02   1.4700000e+02
