   8.9000000e+01   2.3000000e+01  -5.3972627e+01
   1.0200000e+02   8.4000000e+01  -4.8012788e+01
   1.0600000e+02   9.5000000e+01   1.4313010e+02
   1.0800000e+02   1.6900000e+02  -1.8434949e+01
   1.1100000e+02   8.8000000e+01  -5.0194429e+01
   1.3000000e+02   1.3400000e+02  -5.0710593e+01
   1.3600000e+02   1.4200000e+02   1.3227369e+02
   1.4500000e+02   1.9000000e+01  -5.6309932e+01
   1.4500000e+02   1.9600000e+02   1.7523636e+02
   1.5300000e+02   1.8500000e+02  -2.6565051e+01
   1.8200000e+02   1.7300000e+02  -5.3130102e+01
   1.9700000e+02   1.6500000e+02  -4.5000000e+01
   2.0700000e+02   1.4600000e+02  -5.9743563e+01
   2.0900000e+02   1.9000000e+02   1.6596376e+02
   2.1900000e+02   1.7900000e+02  -1.4036243e+01
   2.2600000e+02   1.4200000e+02  -4.7489553e+01
   2.3200000e+02   1.6600000e+02  -1.8434949e+01
   2.4000000e+02   1.0800000e+02   1.0843495e+02
   2.4300000e+02   1.0000000e+02  -1.0403624e+02
   2.4500000e+02   1.1600000e+02  -6.9443955e+01
   2.5000000e+02   1.5000000e+01   6.7380135e+01
   2.5200000e+02   6.0000000e+01  -1.1656505e+02
   2.5500000e+02   6.8000000e+01   6.9443955e+01
   2.5900000e+02   9.1000000e+01  -1.2369007e+02
   2.5900000e+02   1.0400000e+02  -1.2369007e+02
   2.6000000e+02   5.9000000e+01  -1.2025644e+02
   8.7000000e+01   7.1000000e+01  -4.3000000e+01
   1.5100000e+02   1.2400000e+02   1.2300000e+02
   1.6100000e+02   1.2700000e+02   1.2400000e+02
   1.6200000e+02   1.4300000e+02   1.3200000e+02
   1.6400000e+02   2.8000000e+01   1.2300000e+02
   2.1900000e+02   1.9400000e+02   1.5500000e+02
