   1.3100000e+02   1.4000000e+02  -4.2273689e+01
   1.4000000e+02   1.6500000e+02  -5.4462322e+01
   1.4500000e+02   1.5800000e+02   1.2553768e+02
   1.4500000e+02   2.0200000e+02  -5.9743563e+01
   2.1500000e+02   3.2500000e+02   1.1656505e+02
   2.1900000e+02   3.1800000e+02  -7.1565051e+01
   2.5600000e+02   4.3000000e+01   9.4623222e+00
   2.6900000e+02   2.8000000e+02   8.5236358e+01
   2.8000000e+02   3.1500000e+02  -9.0000000e+01
   2.9000000e+02   2.7700000e+02  -1.0403624e+02
   2.9300000e+02   2.3000000e+02   7.5963757e+01
   2.9500000e+02   3.2500000e+02  -1.2369007e+02
   3.0000000e+02   2.8200000e+02  -1.1656505e+02
   3.0200000e+02   2.9000000e+02   5.9743563e+01
   3.1100000e+02   2.8400000e+02  -1.2247119e+02
   3.1300000e+02   2.9300000e+02   6.3434949e+01
   1.2900000e+02   3.4200000e+02  -2.3000000e+01
   1.5400000e+02   3.1500000e+02   1.4000000e+02
   1.6900000e+02   8.4000000e+01   1.3500000e+02
   1.9000000e+02   3.4700000e+02   1.3800000e+02
   2.1000000e+02   1.3100000e+02   1.3500000e+02
   2.1400000e+02   2.4000000e+02   3.9000000e+01
   2.2500000e+02   2.1800000e+02  -1.5900000e+02
   2.3900000e+02   6.8000000e+01   4.0000000e+00
   2.5300000e+02   1.1400000e+02  -1.6200000e+02
   2.8400000e+02   4.7000000e+01   2.6000000e+01
