   7.5000000e+01   3.1500000e+02  -2.8610460e+01
   8.1000000e+01   1.5600000e+02  -5.3130102e+01
   8.4000000e+01   1.0800000e+02   1.1656505e+02
   1.1200000e+02   9.7000000e+01   1.3500000e+02
   1.4900000e+02   3.3400000e+02   1.3500000e+02
   1.5300000e+02   3.4200000e+02  -5.0194429e+01
   1.5600000e+02   3.5900000e+02   1.1180141e+02
   1.6800000e+02   3.3600000e+02  -4.2273689e+01
   1.8000000e+02   3.5600000e+02  -1.8434949e+01
   2.0400000e+02   3.0200000e+02  -5.6309932e+01
   2.0500000e+02   3.4100000e+02  -4.7636417e+00
   2.1100000e+02   3.6000000e+02  -4.7636417e+00
   2.2000000e+02   2.3700000e+02  -1.0843495e+02
   2.4800000e+02   3.5600000e+02   1.7365981e+02
   2.5000000e+02   3.0300000e+02  -1.3227369e+02
   2.7000000e+02   2.8000000e+02  -1.2686990e+02
   2.8700000e+02   1.7000000e+02  -1.1261986e+02
   7.8000000e+01   1.2000000e+02   1.3500000e+02
   9.6000000e+01   1.2500000e+02   1.2600000e+02
   9.7000000e+01   2.7600000e+02   1.3500000e+02
   9.8000000e+01   2.8700000e+02   1.3100000e+02
   1.2200000e+02   2.9000000e+02  -5.8000000e+01
   1.3300000e+02   1.2700000e+02   1.2900000e+02
   1.3400000e+02   3.0800000e+02   1.3200000e+02
   1.3600000e+02   9.3000000e+01  -3.4000000e+01
   1.4100000e+02   1.1000000e+02  -3.5000000e+01
   1.5800000e+02   6.0000000e+01   1.4900000e+02
   1.5900000e+02   3.3500000e+02   1.3000000e+02
   1.7400000e+02   3.1800000e+02   1.3500000e+02
   1.8000000e+02   3.3600000e+02   1.4900000e+02
   1.8200000e+02   1.2600000e+02  -1.7100000e+02
   1.8900000e+02   1.9000000e+01   4.0000000e+00
   1.9100000e+02   2.7000000e+01   1.4000000e+01
   1.9400000e+02   7.5000000e+01  -1.6600000e+02
   1.9400000e+02   2.4700000e+02   4.5000000e+01
   2.1500000e+02   3.5100000e+02  -1.5000000e+01
   2.3800000e+02   3.5800000e+02   1.7400000e+02
   2.8000000e+02   1.1700000e+02   5.9000000e+01
