   1.3000000e+02   1.8800000e+02  -4.7726311e+01
   1.3100000e+02   1.7200000e+02  -4.8366461e+01
   1.5900000e+02   1.6800000e+02   1.2865981e+02
   1.5900000e+02   2.5200000e+02   1.3500000e+02
   1.6900000e+02   1.0400000e+02   1.2499202e+02
   1.6900000e+02   1.2500000e+02   1.2686990e+02
   1.9800000e+02   8.9000000e+01   1.3500000e+02
   2.3000000e+02   2.6700000e+02   1.1261986e+02
   2.3800000e+02   8.3000000e+01   0.0000000e+00
   2.5100000e+02   3.1000000e+02  -4.2510447e+01
   2.5800000e+02   2.8200000e+02  -7.1565051e+01
   2.8600000e+02   2.3200000e+02  -1.1656505e+02
   2.8800000e+02   3.0000000e+01  -1.4134019e+02
   2.9000000e+02   1.8400000e+02   8.0537678e+01
   1.2200000e+02   1.3800000e+02  -4.8000000e+01
