   1.2800000e+02   1.2700000e+02  -4.8814075e+01
   1.2900000e+02   2.0600000e+02  -5.1340192e+01
   1.3700000e+02   1.4900000e+02  -5.4462322e+01
   1.4000000e+02   1.8600000e+02  -5.6309932e+01
   1.4000000e+02   3.2200000e+02   6.3434949e+01
   1.4200000e+02   1.4200000e+02   1.2553768e+02
   1.8300000e+02   2.4600000e+02  -6.3434949e+01
   1.8400000e+02   4.0000000e+01   1.4974356e+02
   1.8500000e+02   3.0800000e+02   1.1861046e+02
   2.0200000e+02   5.0000000e+01  -2.2619865e+01
   2.2000000e+02   2.9900000e+02   1.1261986e+02
   2.5400000e+02   9.8000000e+01   2.6565051e+01
   2.6500000e+02   3.4300000e+02   1.4630993e+02
   2.8500000e+02   6.1000000e+01  -1.4974356e+02
   2.8700000e+02   2.1900000e+02   7.5963757e+01
   2.9400000e+02   1.2100000e+02  -1.3198721e+02
   1.1000000e+02   1.6800000e+02  -4.8000000e+01
   1.4600000e+02   3.0900000e+02  -9.0000000e+01
   2.1100000e+02   1.9300000e+02   1.5000000e+01
   2.1100000e+02   2.0500000e+02   1.6000000e+02
   2.5200000e+02   3.5100000e+02   1.4500000e+02
   2.9100000e+02   1.3900000e+02   5.0000000e+01
