   1.2000000e+02   2.2900000e+02   1.5819859e+02
   1.5600000e+02   1.2400000e+02   1.4630993e+02
   1.5700000e+02   3.5100000e+02   1.1656505e+02
   1.8700000e+02   2.3500000e+02   1.4630993e+02
   2.0300000e+02   3.0900000e+02   2.6565051e+01
   2.3300000e+02   2.3700000e+02   4.5000000e+01
   2.3400000e+02   2.4800000e+02   5.0710593e+01
   2.8500000e+02   3.5500000e+02  -1.0403624e+02
   2.9000000e+02   3.4800000e+02   6.7380135e+01
   3.0200000e+02   2.6800000e+02   5.0710593e+01
   3.1100000e+02   2.4200000e+02  -1.3227369e+02
   3.2400000e+02   2.0200000e+02  -1.4313010e+02
   1.3200000e+02   2.6600000e+02   1.2000000e+02
   1.5600000e+02   2.7900000e+02   1.2000000e+02
   1.6800000e+02   1.3900000e+02   1.4300000e+02
   1.8700000e+02   2.6900000e+02  -2.0000000e+01
   1.8900000e+02   1.3200000e+02   1.6100000e+02
   1.9400000e+02   2.5500000e+02   1.4600000e+02
   1.9800000e+02   1.3200000e+02  -2.2000000e+01
   2.0100000e+02   1.8600000e+02   1.8000000e+01
   2.0700000e+02   1.3100000e+02  -1.7600000e+02
   2.0800000e+02   3.5700000e+02  -9.0000000e+01
   2.0900000e+02   3.4900000e+02   9.0000000e+01
   2.1600000e+02   2.8000000e+02   1.7500000e+02
   2.2200000e+02   2.5800000e+02  -1.7600000e+02
   2.3700000e+02   8.7000000e+01  -1.6200000e+02
   2.4400000e+02   3.3500000e+02  -1.0900000e+02
   2.4900000e+02   1.2900000e+02  -1.0000000e+01
   2.6800000e+02   1.6100000e+02  -1.7600000e+02
   2.8200000e+02   2.2200000e+02  -1.5000000e+02
   3.2000000e+02   2.8600000e+02   5.9000000e+01
   3.2300000e+02   2.6300000e+02  -1.3300000e+02
