   1.0600000e+02   2.2700000e+02  -5.3972627e+01
   1.1400000e+02   2.4500000e+02  -5.1340192e+01
   1.1800000e+02   1.8400000e+02  -5.9743563e+01
   1.4200000e+02   1.3900000e+02   1.2980557e+02
   1.4900000e+02   3.3600000e+02   1.1656505e+02
   1.5000000e+02   1.2800000e+02  -4.2273689e+01
   1.5700000e+02   3.3700000e+02  -5.3130102e+01
   1.5800000e+02   2.4900000e+02   1.2499202e+02
   1.6700000e+02   3.3500000e+02  -6.3434949e+01
   1.7600000e+02   9.0000000e+01  -2.6565051e+01
   1.8000000e+02   1.1500000e+02   1.4752881e+02
   2.1000000e+02   3.4700000e+02   1.0403624e+02
   2.1200000e+02   2.1900000e+02   1.4630993e+02
   2.2600000e+02   2.9200000e+02   2.2619865e+01
   2.5200000e+02   2.3200000e+02   1.7523636e+02
   2.5800000e+02   2.2500000e+02   4.2273689e+01
   2.5900000e+02   2.3600000e+02   4.7726311e+01
   2.6300000e+02   3.3600000e+02  -9.9462322e+01
   2.6700000e+02   2.6400000e+02   5.0194429e+01
   2.6900000e+02   1.2600000e+02  -1.6156505e+02
   2.7100000e+02   1.3500000e+02   1.8000000e+02
   2.7700000e+02   1.2900000e+02  -4.7636417e+00
   2.9100000e+02   2.4700000e+02  -1.2980557e+02
   3.0500000e+02   2.4400000e+02   3.9289407e+01
   1.8900000e+02   3.0900000e+02   1.2000000e+02
   1.9300000e+02   2.2700000e+02   1.2600000e+02
   2.0200000e+02   1.2200000e+02  -9.0000000e+01
   2.0800000e+02   3.3400000e+02   1.0800000e+02
   2.1300000e+02   1.1900000e+02   1.7000000e+02
   2.2000000e+02   2.8000000e+02  -2.3000000e+01
   2.2300000e+02   3.2100000e+02   7.5000000e+01
   2.3800000e+02   1.0700000e+02   1.8000000e+02
   2.7900000e+02   2.4500000e+02  -1.3500000e+02
