   6.3000000e+01   1.4800000e+02  -1.0403624e+02
   9.8000000e+01   6.1000000e+01   1.3801279e+02
   9.8000000e+01   2.3700000e+02   8.0537678e+01
   1.1000000e+02   8.1000000e+01   1.2602737e+02
   1.1200000e+02   2.6500000e+02  -1.0843495e+02
   1.2800000e+02   5.4000000e+01   1.5738014e+02
   1.3000000e+02   1.0600000e+02   1.1261986e+02
   1.4800000e+02   1.0000000e+02  -4.1633539e+01
   1.5700000e+02   9.2000000e+01   1.3836646e+02
   1.6500000e+02   2.6800000e+02   8.0537678e+01
   1.7100000e+02   2.3100000e+02  -1.0843495e+02
   1.7300000e+02   2.9800000e+02  -9.0000000e+01
   1.7400000e+02   2.3900000e+02   7.1565051e+01
   1.7600000e+02   3.3100000e+02  -6.9443955e+01
   1.7800000e+02   1.7800000e+02   9.9462322e+01
   1.8000000e+02   1.7000000e+02  -6.3434949e+01
   1.9200000e+02   1.6100000e+02  -9.4623222e+00
   2.0300000e+02   2.8500000e+02  -9.9462322e+01
   2.0400000e+02   2.9300000e+02   9.0000000e+01
   2.0600000e+02   3.5500000e+02  -8.5236358e+01
   2.1500000e+02   2.1800000e+02   6.7380135e+01
   2.3200000e+02   2.5100000e+02  -9.4763642e+01
   2.4200000e+02   3.3200000e+02  -5.9743563e+01
   2.5100000e+02   2.9300000e+02  -5.7994617e+01
   2.5600000e+02   2.8300000e+02  -5.9743563e+01
   2.7200000e+02   3.4900000e+02   4.5000000e+01
   2.7300000e+02   3.0800000e+02  -6.3434949e+01
   2.7900000e+02   1.8800000e+02  -1.4212502e+02
   2.9300000e+02   3.2400000e+02  -3.6869898e+01
   2.9700000e+02   2.2900000e+02  -1.3772631e+02
   3.0700000e+02   2.6900000e+02   1.4630993e+02
   3.1000000e+02   2.8300000e+02   1.5819859e+02
   1.2000000e+02   1.2400000e+02  -9.0000000e+01
   1.9300000e+02   2.4300000e+02  -1.1300000e+02
   2.0900000e+02   1.9000000e+02   1.6800000e+02
   2.3000000e+02   2.9900000e+02  -1.0500000e+02
   2.4800000e+02   2.2400000e+02  -1.3000000e+02
   2.7200000e+02   2.3300000e+02   9.9000000e+01
   2.8300000e+02   1.9500000e+02   2.6000000e+01
