   1.3000000e+02   1.6300000e+02  -4.7726311e+01
   1.3500000e+02   8.0000000e+01   1.2369007e+02
   1.4300000e+02   2.7400000e+02  -1.8434949e+01
   1.4900000e+02   1.6000000e+01   1.1905460e+02
   1.5000000e+02   2.0300000e+02  -4.2273689e+01
   1.5900000e+02   1.2100000e+02   1.2096376e+02
   1.6200000e+02   1.1300000e+02  -6.1389540e+01
   1.6700000e+02   1.5700000e+02  -5.0710593e+01
   1.6900000e+02   1.1800000e+02   1.1656505e+02
   1.7100000e+02   2.2700000e+02  -3.6027373e+01
   1.7200000e+02   1.1000000e+02  -6.7380135e+01
   1.7800000e+02   2.6400000e+02   0.0000000e+00
   1.7900000e+02   1.1500000e+02   1.1656505e+02
   1.8100000e+02   1.0700000e+02  -6.7380135e+01
   1.8300000e+02   3.2200000e+02  -7.5963757e+01
   1.8600000e+02   1.4400000e+02  -6.5556045e+01
   1.8600000e+02   2.4400000e+02   4.5000000e+01
   1.9800000e+02   1.6700000e+02   1.2980557e+02
   2.0300000e+02   1.5900000e+02  -5.9743563e+01
   2.0400000e+02   2.1700000e+02  -2.2619865e+01
   2.2000000e+02   1.5500000e+02  -6.3434949e+01
   2.3100000e+02   2.2100000e+02  -1.4036243e+01
   2.4600000e+02   1.4600000e+02  -6.3434949e+01
   2.6500000e+02   5.5000000e+01   2.6565051e+01
   2.6700000e+02   2.1000000e+02   1.6156505e+02
   2.7700000e+02   6.3000000e+01  -1.4500798e+02
   2.8300000e+02   7.0000000e+01   7.5963757e+01
   2.9300000e+02   1.1900000e+02  -9.7125016e+01
   3.0000000e+02   3.8000000e+01  -1.3198721e+02
   1.5900000e+02   2.7000000e+02   1.7500000e+02
   2.1500000e+02   1.8500000e+02   1.2900000e+02
   2.3400000e+02   2.0900000e+02   1.4700000e+02
   2.6300000e+02   8.5000000e+01   7.5000000e+01
   2.7000000e+02   1.3600000e+02   1.2000000e+02
