   1.5100000e+02   3.0000000e+02  -5.3972627e+01
   1.5300000e+02   2.0300000e+02  -5.3972627e+01
   1.5700000e+02   1.3900000e+02  -5.4462322e+01
   1.5900000e+02   2.8700000e+02  -5.6309932e+01
   1.6100000e+02   1.9200000e+02   1.2602737e+02
   1.7800000e+02   3.0800000e+02   1.2025644e+02
   1.8400000e+02   1.5000000e+02  -4.5000000e+01
   1.9400000e+02   1.1700000e+02  -4.7726311e+01
   1.9400000e+02   3.5300000e+02  -5.0710593e+01
   1.9800000e+02   1.0000000e+02   1.2602737e+02
   2.0400000e+02   9.3000000e+01  -3.9805571e+01
   2.0800000e+02   1.4200000e+02   1.3227369e+02
   2.1000000e+02   2.4800000e+02   1.2025644e+02
   2.1500000e+02   2.3700000e+02  -5.6309932e+01
   2.1700000e+02   2.9000000e+02   1.2096376e+02
   2.1900000e+02   1.1700000e+02  -3.9289407e+01
   2.2900000e+02   1.9400000e+02   1.2928941e+02
   2.5300000e+02   1.7900000e+02   1.4071059e+02
   2.5300000e+02   3.0000000e+02   1.1180141e+02
   2.5400000e+02   3.1600000e+02   9.4763642e+01
   2.6700000e+02   2.5700000e+02   1.4036243e+01
   2.7800000e+02   2.8800000e+02  -1.2787498e+02
   2.8600000e+02   2.4100000e+02   5.3130102e+01
   2.9500000e+02   9.6000000e+01   4.5000000e+01
   3.0000000e+02   3.5300000e+02  -1.0998311e+02
   3.1500000e+02   2.9600000e+02  -9.4763642e+01
   3.2000000e+02   3.1900000e+02  -9.9462322e+01
   3.2200000e+02   2.9200000e+02  -1.3198721e+02
   3.2500000e+02   3.0100000e+02   6.7380135e+01
   3.3100000e+02   2.9300000e+02  -1.2247119e+02
   3.3200000e+02   2.1100000e+02  -1.2602737e+02
   3.3900000e+02   2.6800000e+02  -1.2686990e+02
   3.4700000e+02   2.0600000e+02   2.6565051e+01
   3.5200000e+02   1.6600000e+02  -1.4974356e+02
   3.5200000e+02   1.7400000e+02   3.0256437e+01
   2.3300000e+02   3.3300000e+02   1.1200000e+02
   2.4800000e+02   2.1800000e+02   1.2900000e+02
   2.6600000e+02   2.8800000e+02   7.1000000e+01
   2.7600000e+02   3.3500000e+02   1.2200000e+02
   2.8300000e+02   2.0500000e+02   1.7500000e+02
   2.9100000e+02   2.7600000e+02  -1.2000000e+02
   2.9700000e+02   2.2500000e+02   5.3000000e+01
   3.1500000e+02   2.8600000e+02  -1.1300000e+02
