   8.4000000e+01   1.4000000e+02   1.3060129e+02
   8.5000000e+01   1.3000000e+02   1.3500000e+02
   8.5000000e+01   2.1800000e+02  -6.7380135e+01
   1.0800000e+02   7.3000000e+01  -1.3500000e+02
   1.3200000e+02   3.0300000e+02  -7.1565051e+01
   1.3800000e+02   1.8700000e+02  -5.6309932e+01
   1.6800000e+02   3.3500000e+02  -2.9744881e+01
   1.7900000e+02   2.5900000e+02   9.9462322e+01
   1.7900000e+02   3.4700000e+02  -3.0963757e+01
   1.8800000e+02   1.0300000e+02   0.0000000e+00
   2.2900000e+02   2.9600000e+02  -1.3118593e+02
   2.3100000e+02   2.5900000e+02   8.5236358e+01
   2.3200000e+02   1.7600000e+02   4.5000000e+01
   2.3500000e+02   2.5200000e+02   6.7380135e+01
   2.3900000e+02   5.2000000e+01   1.0252881e+02
   2.5700000e+02   1.5700000e+02  -1.3251045e+02
   2.6100000e+02   8.4000000e+01  -1.4212502e+02
   2.6600000e+02   2.7000000e+02  -1.2928941e+02
   2.7600000e+02   1.2100000e+02   3.0256437e+01
   2.7600000e+02   2.2800000e+02  -1.2602737e+02
   2.7800000e+02   2.3700000e+02   3.0963757e+01
   1.2400000e+02   1.7000000e+02   1.2600000e+02
   1.4300000e+02   1.5600000e+02   1.2000000e+02
   1.4500000e+02   8.1000000e+01  -2.5000000e+01
   1.5400000e+02   7.6000000e+01   1.4200000e+02
   1.6300000e+02   3.4500000e+02  -2.7000000e+01
   1.8700000e+02   7.8000000e+01   1.6100000e+02
   1.9500000e+02   2.5100000e+02  -1.0500000e+02
   2.4100000e+02   2.3100000e+02   5.3000000e+01
   2.5700000e+02   2.5900000e+02  -1.1300000e+02
