   9.6000000e+01   2.1900000e+02  -5.9743563e+01
   1.1200000e+02   2.9100000e+02  -7.1565051e+01
   1.1300000e+02   2.5800000e+02  -6.7380135e+01
   1.2400000e+02   1.6800000e+02  -4.5000000e+01
   1.2700000e+02   2.7400000e+02  -6.3434949e+01
   1.3700000e+02   3.6000000e+02  -3.0256437e+01
   1.5500000e+02   3.1800000e+02  -5.6309932e+01
   1.5900000e+02   3.5500000e+02  -3.0256437e+01
   1.6200000e+02   2.8800000e+02   1.0403624e+02
   1.7500000e+02   1.5400000e+02   1.5343495e+02
   2.0600000e+02   8.5000000e+01  -1.7523636e+02
   2.1400000e+02   3.3700000e+02  -9.4763642e+01
   2.2000000e+02   1.7600000e+02   6.0945396e+01
   2.3000000e+02   2.6900000e+02   6.5556045e+01
   2.3300000e+02   3.2900000e+02  -1.0403624e+02
   2.5200000e+02   1.4200000e+02   3.9805571e+01
   2.6200000e+02   1.2800000e+02   4.1987212e+01
   2.8300000e+02   1.7800000e+02  -1.3227369e+02
   1.2100000e+02   3.6000000e+02   1.2900000e+02
   1.6400000e+02   2.5500000e+02   1.2000000e+02
   1.7900000e+02   2.6100000e+02   7.5000000e+01
   1.8100000e+02   3.1000000e+02   1.2600000e+02
   1.8500000e+02   3.5400000e+02   1.6500000e+02
   1.8600000e+02   3.2000000e+02   1.2900000e+02
   2.0100000e+02   2.7600000e+02  -1.0000000e+02
   2.6900000e+02   1.2200000e+02   3.9000000e+01
