   1.1100000e+02   2.7000000e+02  -5.6309932e+01
   1.2200000e+02   1.7600000e+02   1.2369007e+02
   1.2600000e+02   1.5600000e+02   1.2369007e+02
   1.2600000e+02   1.6900000e+02  -5.6309932e+01
   1.3700000e+02   3.1600000e+02   1.5603751e+02
   1.3800000e+02   3.3500000e+02  -1.6474488e+02
   1.5500000e+02   3.5000000e+02   5.1944289e+00
   1.5700000e+02   2.6200000e+02  -5.6309932e+01
   1.7600000e+02   9.7000000e+01   1.5603751e+02
   1.8400000e+02   6.4000000e+01   4.5000000e+01
   1.8700000e+02   8.8000000e+01   1.6596376e+02
   1.9700000e+02   1.1600000e+02   1.8000000e+02
   2.0300000e+02   1.9000000e+02   8.3659808e+01
   2.2000000e+02   2.2100000e+02  -9.9462322e+01
   2.2000000e+02   2.2900000e+02   7.5963757e+01
   2.2600000e+02   2.6900000e+02  -1.0403624e+02
   2.2700000e+02   2.7800000e+02   6.7380135e+01
   2.3000000e+02   2.2900000e+02   8.5236358e+01
   2.3600000e+02   2.0400000e+02   4.5000000e+01
   2.5300000e+02   1.4100000e+02   5.6309932e+01
   1.0300000e+02   1.5200000e+02   1.2000000e+02
   1.9200000e+02   2.1600000e+02   8.0000000e+01
   2.1600000e+02   1.9600000e+02  -1.2100000e+02
   2.4200000e+02   1.9000000e+02  -1.1700000e+02
