   5.8000000e+01   2.7000000e+02  -7.1565051e+01
   7.3000000e+01   2.9800000e+02  -4.7636417e+00
   8.7000000e+01   1.2900000e+02   1.6596376e+02
   8.9000000e+01   2.7900000e+02  -1.3836646e+02
   9.7000000e+01   2.5400000e+02   6.3434949e+01
   1.0500000e+02   2.3600000e+02   7.1565051e+01
   1.1200000e+02   2.9600000e+02  -1.5738014e+02
   1.1400000e+02   1.9800000e+02   1.1261986e+02
   1.2400000e+02   2.0200000e+02   1.1261986e+02
   1.2600000e+02   1.2200000e+02   1.6156505e+02
   1.2700000e+02   1.3000000e+02   1.6156505e+02
   1.2800000e+02   1.1400000e+02   1.6596376e+02
   1.3600000e+02   1.2800000e+02  -1.8434949e+01
   1.3700000e+02   1.1100000e+02   1.8434949e+01
   1.4300000e+02   3.3900000e+02  -1.7523636e+02
   1.5300000e+02   1.9200000e+02   2.6565051e+01
   1.7100000e+02   2.9500000e+02   9.4623222e+00
   1.8700000e+02   2.6000000e+02  -1.4019443e+02
   1.8900000e+02   3.5400000e+02   1.8000000e+02
   1.9100000e+02   1.1100000e+02  -1.6156505e+02
   1.9300000e+02   3.1300000e+02  -1.7053768e+02
   1.9500000e+02   2.8600000e+02  -1.4974356e+02
   1.9600000e+02   2.7000000e+02   3.0256437e+01
   2.0400000e+02   2.7000000e+02  -1.3198721e+02
   2.0600000e+02   3.0300000e+02  -1.6156505e+02
   2.1600000e+02   2.9300000e+02  -1.4397263e+02
   2.1800000e+02   1.4900000e+02   5.0194429e+01
   2.1900000e+02   2.6500000e+02  -1.2602737e+02
   2.4100000e+02   3.2700000e+02   1.8000000e+02
   2.4500000e+02   2.6700000e+02  -1.2369007e+02
   2.4600000e+02   2.9200000e+02  -1.5343495e+02
   2.4900000e+02   3.2700000e+02   4.7636417e+00
   2.5100000e+02   3.5200000e+02   1.6156505e+02
   2.7600000e+02   2.5600000e+02  -1.2025644e+02
   7.0000000e+01   2.7900000e+02   1.3200000e+02
   7.3000000e+01   2.5000000e+02   1.1200000e+02
   8.1000000e+01   2.2400000e+02   1.1600000e+02
   9.8000000e+01   1.9600000e+02  -5.4000000e+01
   1.0900000e+02   2.6700000e+02   3.3000000e+01
   1.4500000e+02   1.1100000e+02   1.8000000e+02
   1.6300000e+02   3.2500000e+02   9.0000000e+00
   1.6400000e+02   2.3600000e+02  -1.3000000e+02
   1.6600000e+02   1.6200000e+02  -1.7100000e+02
   1.7300000e+02   2.8600000e+02   1.8000000e+01
   1.7800000e+02   2.4000000e+02   5.0000000e+01
   1.9400000e+02   1.5800000e+02   3.6000000e+01
   2.0600000e+02   1.0500000e+02  -1.5100000e+02
   2.4300000e+02   2.3400000e+02   5.7000000e+01
   2.5200000e+02   1.9000000e+02  -1.3000000e+02
