   7.4000000e+01   3.3000000e+02  -1.7053768e+02
   8.4000000e+01   3.0500000e+02   7.5963757e+01
   9.0000000e+01   3.2000000e+02  -1.1861046e+02
   9.1000000e+01   2.9000000e+02   7.5963757e+01
   9.8000000e+01   3.5100000e+02  -1.5343495e+02
   1.1100000e+02   2.2100000e+02   1.4019443e+02
   1.1500000e+02   1.6900000e+02   1.6156505e+02
   1.1700000e+02   1.6000000e+02   1.6596376e+02
   1.2700000e+02   1.5800000e+02   0.0000000e+00
   1.3500000e+02   1.6300000e+02   9.4623222e+00
   1.3800000e+02   2.4900000e+02   2.6565051e+01
   1.5600000e+02   3.5400000e+02   9.4623222e+00
   1.6900000e+02   3.2000000e+02  -1.2980557e+02
   1.7800000e+02   1.6200000e+02  -1.5738014e+02
   1.7800000e+02   3.4600000e+02  -1.4752881e+02
   1.7900000e+02   3.2800000e+02   3.0256437e+01
   2.0100000e+02   3.5100000e+02  -1.4752881e+02
   2.0200000e+02   3.2300000e+02  -1.2369007e+02
   2.0300000e+02   2.0400000e+02   4.7726311e+01
   2.1600000e+02   3.5300000e+02  -1.4500798e+02
   2.2100000e+02   1.6100000e+02  -1.4630993e+02
   2.2900000e+02   1.6400000e+02   3.6869898e+01
   2.3000000e+02   3.2200000e+02  -1.2686990e+02
   2.3100000e+02   3.4800000e+02  -1.5555605e+02
   2.4900000e+02   3.5200000e+02  -1.4903624e+02
   2.5300000e+02   1.8500000e+02  -1.3500000e+02
   2.6000000e+02   1.9100000e+02   3.5537678e+01
   2.6100000e+02   3.0900000e+02  -1.2025644e+02
   2.6100000e+02   3.4800000e+02  -1.4974356e+02
   6.0000000e+01   2.9900000e+02   1.1200000e+02
   6.9000000e+01   2.7300000e+02   1.1600000e+02
   8.6000000e+01   2.4500000e+02  -5.1000000e+01
   1.0200000e+02   2.0900000e+02  -2.3000000e+01
   1.4900000e+02   2.9500000e+02  -1.2700000e+02
   1.5200000e+02   2.1800000e+02  -1.6600000e+02
   1.6100000e+02   2.9900000e+02   4.7000000e+01
   1.9400000e+02   1.5500000e+02  -1.4700000e+02
   2.1400000e+02   3.2800000e+02  -1.2700000e+02
   2.2800000e+02   2.9000000e+02   5.3000000e+01
   2.3700000e+02   2.4400000e+02  -1.3000000e+02
