   4.7000000e+01   2.6300000e+02  -1.1656505e+02
   5.0000000e+01   1.6000000e+02  -3.8659808e+01
   5.4000000e+01   2.9200000e+02  -1.5738014e+02
   6.4000000e+01   1.7900000e+02   1.3500000e+02
   6.7000000e+01   3.2100000e+02   9.4623222e+00
   9.4000000e+01   1.0700000e+02   9.4623222e+00
   9.6000000e+01   1.9300000e+02   3.0256437e+01
   1.1200000e+02   2.9700000e+02   9.4623222e+00
   1.2700000e+02   2.6400000e+02  -1.2980557e+02
   1.3500000e+02   3.1400000e+02  -1.7053768e+02
   1.3600000e+02   2.8800000e+02  -1.5343495e+02
   1.3800000e+02   1.0600000e+02  -1.5738014e+02
   1.3800000e+02   2.7300000e+02   2.6565051e+01
   1.4200000e+02   1.5500000e+02  -1.4019443e+02
   1.4700000e+02   2.7100000e+02  -1.3748955e+02
   1.4900000e+02   3.0400000e+02  -1.6596376e+02
   1.5900000e+02   2.9300000e+02  -1.5343495e+02
   1.6000000e+02   1.4900000e+02   4.5000000e+01
   1.6100000e+02   2.6700000e+02  -1.2686990e+02
   1.7000000e+02   3.1900000e+02  -1.7523636e+02
   1.8700000e+02   2.6600000e+02  -1.2369007e+02
   1.8800000e+02   2.9100000e+02  -1.5343495e+02
   2.0900000e+02   3.1700000e+02   1.8000000e+02
   2.1800000e+02   2.5100000e+02  -1.2369007e+02
   2.1800000e+02   2.9200000e+02  -1.4630993e+02
   2.2200000e+02   3.3100000e+02   1.8000000e+02
   2.3200000e+02   3.1200000e+02  -1.5738014e+02
   2.3600000e+02   2.7700000e+02  -1.3251045e+02
   2.4000000e+02   2.2200000e+02   5.0710593e+01
   1.0500000e+02   3.2500000e+02   9.0000000e+00
   1.0700000e+02   2.3800000e+02  -1.2700000e+02
   1.1000000e+02   1.6200000e+02  -1.7100000e+02
   1.1900000e+02   2.4200000e+02   4.7000000e+01
   1.5200000e+02   9.9000000e+01  -1.4700000e+02
   1.8600000e+02   2.3400000e+02   5.6000000e+01
   1.9500000e+02   1.8900000e+02  -1.2700000e+02
   2.3400000e+02   1.4600000e+02   3.9000000e+01
