   2.7000000e+01   9.8000000e+01  -7.5963757e+01
   3.7000000e+01   4.5000000e+01   1.4071059e+02
   4.2000000e+01   1.3000000e+02  -8.0537678e+01
   4.2000000e+01   2.0400000e+02  -9.4763642e+01
   4.5000000e+01   9.1000000e+01   1.1261986e+02
   5.8000000e+01   1.6200000e+02   4.7726311e+01
   5.8000000e+01   1.8100000e+02   4.2273689e+01
   6.0000000e+01   1.2400000e+02   8.0537678e+01
   6.1000000e+01   2.0700000e+02   1.8000000e+02
   7.2000000e+01   1.9100000e+02  -1.4630993e+02
   9.0000000e+01   2.1500000e+02   1.8000000e+02
   1.0700000e+02   6.7000000e+01   1.8000000e+02
   1.2000000e+02   3.6000000e+01   2.6565051e+01
   1.3700000e+02   2.4400000e+02   1.6596376e+02
   1.4200000e+02   1.9100000e+02  -1.4036243e+01
   1.6100000e+02   1.5400000e+02  -1.5738014e+02
   1.6100000e+02   1.7400000e+02   1.8000000e+02
   1.7000000e+02   1.9900000e+02   1.6596376e+02
   1.7300000e+02   1.4400000e+02  -1.5343495e+02
   1.8100000e+02   1.7000000e+02  -1.7523636e+02
   1.8600000e+02   2.3800000e+02   1.5738014e+02
   2.0300000e+02   1.9200000e+02   1.6596376e+02
   2.0800000e+02   1.5800000e+02  -1.7523636e+02
   2.1800000e+02   1.0900000e+02  -1.4397263e+02
   2.3300000e+02   1.4500000e+02  -1.7523636e+02
   3.0000000e+01   8.6000000e+01  -4.8000000e+01
   3.5000000e+01   1.8300000e+02  -1.0900000e+02
   5.2000000e+01   1.2200000e+02   9.9000000e+01
   1.0600000e+02   5.3000000e+01   2.2000000e+01
   1.1100000e+02   1.3900000e+02  -1.5400000e+02
   1.2500000e+02   1.3800000e+02   2.6000000e+01
   1.3900000e+02   1.8200000e+02  -5.0000000e+00
   1.4800000e+02   2.2300000e+02  -1.9000000e+01
   1.6600000e+02   5.8000000e+01  -1.5000000e+02
   1.9800000e+02   1.2800000e+02   2.2000000e+01
   2.1400000e+02   2.6400000e+02   1.5100000e+02
