   7.3000000e+01   1.8000000e+02  -6.7380135e+01
   8.7000000e+01   2.1100000e+02   4.7636417e+00
   1.1200000e+02   1.6900000e+02   7.5963757e+01
   1.1800000e+02   3.0900000e+02   0.0000000e+00
   1.2500000e+02   2.1500000e+02  -1.5738014e+02
   1.4300000e+02   8.8000000e+01   1.4630993e+02
   2.1000000e+02   3.1000000e+01  -1.5343495e+02
   2.3300000e+02   1.9100000e+02  -1.2369007e+02
   2.3700000e+02   3.2600000e+02   1.7523636e+02
   2.4200000e+02   2.4300000e+02  -1.7523636e+02
   2.6200000e+02   2.1500000e+02  -1.5343495e+02
   2.7800000e+02   2.7100000e+02  -1.3939871e+02
   2.8300000e+02   2.4300000e+02  -1.7523636e+02
   2.9400000e+02   2.1800000e+02  -1.4974356e+02
   2.9500000e+02   1.7800000e+02  -1.2025644e+02
   6.9000000e+01   1.6000000e+02  -6.6000000e+01
   7.3000000e+01   1.1300000e+02  -5.1000000e+01
   7.7000000e+01   2.6400000e+02  -1.7600000e+02
   8.3000000e+01   1.9100000e+02   1.3500000e+02
   8.6000000e+01   2.3100000e+02   1.8000000e+02
   8.9000000e+01   1.6300000e+02   1.1600000e+02
   9.2000000e+01   9.1000000e+01   1.2900000e+02
   9.9000000e+01   1.3700000e+02   1.2200000e+02
   1.0600000e+02   1.9600000e+02   3.0000000e+01
   1.1600000e+02   1.5300000e+02  -9.0000000e+01
   1.1700000e+02   3.1700000e+02   1.7000000e+02
   1.2100000e+02   1.8600000e+02   3.9000000e+01
   1.2300000e+02   2.7300000e+02   1.8000000e+02
   1.3100000e+02   3.1300000e+02   1.6100000e+02
   1.6300000e+02   2.7400000e+02  -1.7100000e+02
   1.7200000e+02   3.3100000e+02   1.7000000e+02
   1.7500000e+02   2.4700000e+02   1.5000000e+01
   1.8500000e+02   8.6000000e+01  -1.6600000e+02
   1.8500000e+02   2.1000000e+02   1.8000000e+01
   1.9100000e+02   2.5900000e+02  -1.7600000e+02
   2.0700000e+02   2.4200000e+02   0.0000000e+00
   2.1200000e+02   8.2000000e+01   3.9000000e+01
   2.1400000e+02   1.9800000e+02   3.0000000e+01
   2.2700000e+02   2.6000000e+02   1.8000000e+02
   2.2800000e+02   2.5000000e+01  -1.4700000e+02
   2.4000000e+02   2.9000000e+02   1.8000000e+02
   2.6000000e+02   1.5800000e+02   5.3000000e+01
   2.6000000e+02   1.9500000e+02   3.6000000e+01
   2.7200000e+02   1.1300000e+02  -1.2700000e+02
