   1.0600000e+02   2.3900000e+02  -7.1565051e+01
   1.2000000e+02   2.6800000e+02   0.0000000e+00
   1.4500000e+02   2.2500000e+02   7.5963757e+01
   1.6100000e+02   2.6900000e+02  -1.6156505e+02
   2.4100000e+02   3.2200000e+02   1.7523636e+02
   2.6900000e+02   2.3600000e+02  -1.2980557e+02
   2.7200000e+02   4.8000000e+01  -1.4500798e+02
   2.7900000e+02   2.8700000e+02   1.8000000e+02
   2.8000000e+02   6.7000000e+01   3.3690068e+01
   2.9800000e+02   2.5800000e+02  -1.5343495e+02
   9.6000000e+01   2.7600000e+02   1.6500000e+02
   1.0200000e+02   2.1800000e+02  -6.4000000e+01
   1.0500000e+02   1.7000000e+02  -4.8000000e+01
   1.0900000e+02   1.1600000e+02   1.2900000e+02
   1.1200000e+02   3.1700000e+02   4.0000000e+00
   1.1700000e+02   2.4800000e+02   1.3700000e+02
   1.2000000e+02   9.7000000e+01   1.3700000e+02
   1.4000000e+02   1.0200000e+02  -2.7000000e+01
   1.4100000e+02   2.5100000e+02   3.0000000e+01
   1.5500000e+02   2.4000000e+02   3.6000000e+01
   1.6800000e+02   2.0100000e+02  -1.0000000e+02
   1.7700000e+02   1.4400000e+02  -3.1000000e+01
   1.8100000e+02   1.6500000e+02   1.0800000e+02
   1.8700000e+02   1.7700000e+02   9.4000000e+01
   1.9100000e+02   2.0100000e+02  -1.3200000e+02
   1.9100000e+02   3.1500000e+02  -5.0000000e+00
   1.9800000e+02   1.7200000e+02   1.0400000e+02
   2.1400000e+02   1.3600000e+02  -1.7100000e+02
   2.2100000e+02   2.5900000e+02   1.4000000e+01
   2.2500000e+02   1.7600000e+02  -1.3300000e+02
   2.4300000e+02   2.8800000e+02   0.0000000e+00
   2.4500000e+02   6.6000000e+01  -1.5400000e+02
   2.4600000e+02   2.6300000e+02   2.8000000e+01
   2.5200000e+02   3.2500000e+02   1.6100000e+02
   2.7100000e+02   2.5700000e+02   1.8000000e+01
   2.9400000e+02   1.9800000e+02   5.0000000e+01
   2.9500000e+02   2.3600000e+02   3.6000000e+01
   3.0200000e+02   1.5100000e+02  -1.3300000e+02
