   1.3300000e+02   1.4500000e+02   1.0403624e+02
   1.4200000e+02   8.4000000e+01  -9.4623222e+00
   1.4300000e+02   9.4000000e+01  -2.2619865e+01
   1.5100000e+02   1.4100000e+02   1.0403624e+02
   1.5800000e+02   9.7000000e+01   1.6156505e+02
   1.6100000e+02   2.7200000e+02  -7.1565051e+01
   1.6500000e+02   8.9000000e+01   1.7523636e+02
   1.6800000e+02   2.8000000e+02   1.0304846e+01
   1.8100000e+02   2.5700000e+02   1.4036243e+01
   1.8100000e+02   2.8200000e+02   1.8000000e+02
   1.8200000e+02   8.4000000e+01   3.0256437e+01
   2.5400000e+02   1.2800000e+02  -1.2686990e+02
   2.6800000e+02   1.0500000e+02  -1.3500000e+02
   2.7200000e+02   2.0000000e+02   4.5000000e+01
   2.7300000e+02   1.2400000e+02  -1.2865981e+02
