   1.2800000e+02   2.4500000e+02  -9.4623222e+00
   1.3400000e+02   1.8500000e+02   1.3500000e+02
   1.3500000e+02   9.3000000e+01   1.4019443e+02
   1.3500000e+02   1.7500000e+02  -5.3130102e+01
   1.3800000e+02   2.7400000e+02  -4.7636417e+00
   1.4400000e+02   1.1800000e+02  -2.6565051e+01
   1.4800000e+02   1.7500000e+02  -5.6309932e+01
   1.5200000e+02   2.8400000e+02   1.6596376e+02
   1.5700000e+02   1.4300000e+02   8.0537678e+01
   1.6000000e+02   2.8600000e+02   0.0000000e+00
   1.7000000e+02   1.7200000e+02  -4.7726311e+01
   1.7400000e+02   1.1600000e+02   2.2619865e+01
   1.7900000e+02   2.7700000e+02  -4.5000000e+01
   1.8700000e+02   2.9900000e+02   0.0000000e+00
   1.9000000e+02   1.2900000e+02  -1.3801279e+02
   1.9000000e+02   2.9100000e+02   1.5343495e+02
   1.9200000e+02   1.5100000e+02   1.4019443e+02
   1.9300000e+02   2.6200000e+02   1.5343495e+02
   1.9400000e+02   1.6300000e+02   1.4630993e+02
   1.9500000e+02   2.5200000e+02   1.5738014e+02
   1.9700000e+02   7.7000000e+01  -1.4071059e+02
   2.0100000e+02   2.6000000e+02  -2.4443955e+01
   2.0400000e+02   1.8900000e+02   1.4071059e+02
   2.0400000e+02   2.4900000e+02  -1.8434949e+01
   2.0800000e+02   1.3300000e+02   1.1261986e+02
   2.1300000e+02   2.0000000e+02  -4.7726311e+01
   2.1500000e+02   2.2900000e+02  -3.0256437e+01
   2.2000000e+02   9.1000000e+01   6.3434949e+01
   2.2300000e+02   1.9000000e+01  -1.5138954e+02
   2.3000000e+02   2.3000000e+01   3.6869898e+01
   2.3500000e+02   6.1000000e+01   5.0710593e+01
   2.3800000e+02   1.6500000e+02   9.4763642e+01
   2.4000000e+02   1.3400000e+02   8.5236358e+01
   2.4100000e+02   1.8700000e+02   1.0403624e+02
   2.5600000e+02   2.2600000e+02   1.7523636e+02
   2.6600000e+02   2.4600000e+02   1.7523636e+02
   2.8500000e+02   1.5100000e+02   6.3434949e+01
   2.8700000e+02   9.9000000e+01  -1.1656505e+02
   2.9000000e+02   2.2600000e+02  -1.4630993e+02
   2.9400000e+02   2.5600000e+02   1.8000000e+02
   1.6300000e+02   1.0600000e+02   1.4000000e+01
   1.8500000e+02   1.2200000e+02   5.4000000e+01
   1.9400000e+02   1.3700000e+02   1.4000000e+02
   2.4500000e+02   2.0500000e+02   1.3500000e+02
   2.7700000e+02   2.1800000e+02   3.0000000e+01
   2.8600000e+02   3.1900000e+02   1.8000000e+02
   2.9500000e+02   2.8900000e+02   1.7500000e+02
