   1.0600000e+02   1.7400000e+02   1.2369007e+02
   1.0600000e+02   2.2700000e+02   1.4071059e+02
   1.0700000e+02   2.1800000e+02  -4.7489553e+01
   1.1600000e+02   1.6400000e+02  -1.4036243e+01
   1.2000000e+02   2.2000000e+02  -5.3130102e+01
   1.2300000e+02   1.9500000e+02   1.1656505e+02
   1.2300000e+02   2.8600000e+02   0.0000000e+00
   1.3100000e+02   1.8900000e+02   8.5236358e+01
   1.4300000e+02   2.1900000e+02  -4.5000000e+01
   1.4800000e+02   1.6200000e+02   3.6027373e+01
   1.6700000e+02   1.9800000e+02   1.4313010e+02
   1.6700000e+02   2.9700000e+02   1.6156505e+02
   1.7100000e+02   1.2500000e+02  -1.4397263e+02
   1.7500000e+02   3.0400000e+02  -2.4443955e+01
   1.7600000e+02   2.9400000e+02  -2.2619865e+01
   1.7900000e+02   2.3500000e+02   1.4071059e+02
   1.8300000e+02   1.7900000e+02   1.1261986e+02
   1.8700000e+02   2.4700000e+02  -4.7726311e+01
   1.8700000e+02   2.7400000e+02  -2.6565051e+01
   1.8800000e+02   2.9000000e+01  -1.6156505e+02
   1.9300000e+02   1.3800000e+02   5.7528808e+01
   1.9300000e+02   1.6600000e+02   8.0537678e+01
   2.0200000e+02   2.0400000e+02  -8.2874984e+01
   2.0400000e+02   5.3000000e+01  -1.5343495e+02
   2.0800000e+02   1.0800000e+02   5.0710593e+01
   2.1500000e+02   1.8000000e+02   8.0537678e+01
   2.1600000e+02   2.3200000e+02   1.0403624e+02
   2.2600000e+02   5.6000000e+01   3.9805571e+01
   2.3000000e+02   2.7100000e+02   1.7523636e+02
   2.4200000e+02   2.8900000e+02   1.7053768e+02
   2.5800000e+02   1.9500000e+02   5.3972627e+01
   2.5900000e+02   7.6000000e+01  -1.3251045e+02
   1.1100000e+02   2.4100000e+02   1.5300000e+02
   1.3400000e+02   1.8000000e+02   1.7000000e+02
   1.6700000e+02   9.5000000e+01   2.2000000e+01
   1.6900000e+02   1.8400000e+02   1.4000000e+02
   2.1900000e+02   2.5000000e+02   1.3100000e+02
   2.5200000e+02   2.6200000e+02   1.8000000e+01
