   1.1700000e+02   1.8200000e+02  -3.6869898e+01
   1.2700000e+02   2.3800000e+02   0.0000000e+00
   1.2900000e+02   2.2300000e+02  -3.0256437e+01
   1.3200000e+02   1.1500000e+02   1.2369007e+02
   1.3300000e+02   1.6800000e+02   1.3772631e+02
   1.3400000e+02   1.5800000e+02  -5.0194429e+01
   1.4500000e+02   2.5100000e+02  -4.7636417e+00
   1.4600000e+02   1.6200000e+02  -5.6309932e+01
   1.4900000e+02   1.3400000e+02   1.1261986e+02
   1.5600000e+02   1.2700000e+02   7.4744881e+01
   1.6900000e+02   1.5700000e+02  -4.5000000e+01
   1.7300000e+02   2.6300000e+02   0.0000000e+00
   1.7500000e+02   1.0100000e+02   2.2619865e+01
   1.7700000e+02   1.9200000e+02  -3.0256437e+01
   1.8800000e+02   2.5000000e+02   1.5738014e+02
   1.9000000e+02   1.1400000e+02  -1.3500000e+02
   1.9100000e+02   2.3800000e+02   1.5343495e+02
   1.9200000e+02   1.3600000e+02   1.4019443e+02
   1.9300000e+02   1.4900000e+02   1.4630993e+02
   1.9600000e+02   2.4700000e+02  -2.6565051e+01
   2.0000000e+02   2.3500000e+02  -1.8434949e+01
   2.0100000e+02   6.3000000e+01  -1.4397263e+02
   2.0300000e+02   1.7400000e+02   1.3772631e+02
   2.1000000e+02   1.8700000e+02  -5.0194429e+01
   2.1000000e+02   2.1600000e+02  -2.8610460e+01
   2.1900000e+02   1.0500000e+02   8.0537678e+01
   2.3900000e+02   1.7200000e+02   1.0843495e+02
   2.4000000e+02   1.2000000e+02   8.5236358e+01
   2.4500000e+02   8.5000000e+01  -1.2247119e+02
   2.5000000e+02   2.1300000e+02   1.7523636e+02
   2.5300000e+02   1.3900000e+02   8.5236358e+01
   2.6200000e+02   2.3400000e+02   1.8000000e+02
   2.8400000e+02   1.3800000e+02   6.7380135e+01
   2.8600000e+02   2.1400000e+02  -1.4630993e+02
   1.2000000e+02   2.1800000e+02   1.5300000e+02
   1.3800000e+02   1.8200000e+02   1.4900000e+02
   1.7400000e+02   1.3600000e+02  -2.7000000e+01
   1.7500000e+02   6.8000000e+01   1.7500000e+02
   1.8600000e+02   1.0700000e+02   6.0000000e+01
   2.3700000e+02   3.2200000e+02   1.6100000e+02
   2.4100000e+02   1.9200000e+02   1.3500000e+02
   2.5300000e+02   2.0500000e+02   3.9000000e+01
   2.6400000e+02   2.8400000e+02  -9.0000000e+01
   2.7300000e+02   2.0600000e+02   3.3000000e+01
   2.8000000e+02   3.0700000e+02   1.8000000e+02
