   1.4400000e+02   1.6200000e+02  -3.9805571e+01
   1.5200000e+02   2.1900000e+02  -4.7636417e+00
   1.5500000e+02   2.0200000e+02  -2.6565051e+01
   1.5800000e+02   1.5000000e+02   1.4019443e+02
   1.6000000e+02   1.3900000e+02  -4.7489553e+01
   1.6900000e+02   2.3200000e+02  -9.4623222e+00
   1.9500000e+02   1.3900000e+02  -4.2273689e+01
   1.9600000e+02   4.0000000e+01   1.7053768e+02
   2.0300000e+02   8.2000000e+01   3.6027373e+01
   2.0600000e+02   4.2000000e+01   2.2619865e+01
   2.0600000e+02   1.7200000e+02  -2.6565051e+01
   2.1400000e+02   2.8900000e+02   1.5680141e+02
   2.1500000e+02   2.3100000e+02   1.6156505e+02
   2.1800000e+02   2.2000000e+02   1.6156505e+02
   2.2000000e+02   1.1900000e+02   1.4630993e+02
   2.2100000e+02   1.3100000e+02   1.4630993e+02
   2.2300000e+02   2.2800000e+02  -2.2619865e+01
   2.2300000e+02   2.3800000e+02  -1.8434949e+01
   2.2600000e+02   2.1800000e+02  -1.8434949e+01
   2.2800000e+02   4.7000000e+01  -1.3801279e+02
   2.3100000e+02   1.5700000e+02   1.4313010e+02
   2.3800000e+02   1.7000000e+02  -4.7489553e+01
   2.3800000e+02   1.9900000e+02  -3.0256437e+01
   2.6700000e+02   1.5800000e+02   1.1261986e+02
   2.6900000e+02   1.0300000e+02   8.5236358e+01
   2.7800000e+02   1.9700000e+02   1.8000000e+02
   2.8900000e+02   2.1600000e+02   1.7523636e+02
   1.6400000e+02   1.6200000e+02   1.4700000e+02
   1.9100000e+02   7.3000000e+01   1.4000000e+01
   2.0200000e+02   1.1800000e+02  -2.7000000e+01
   2.1400000e+02   9.0000000e+01   6.3000000e+01
   2.3300000e+02   2.9600000e+02   1.6500000e+02
   2.6900000e+02   1.7500000e+02   1.3500000e+02
   2.8100000e+02   1.8800000e+02   3.8000000e+01
