   6.3000000e+01   1.4000000e+02  -4.7726311e+01
   7.0000000e+01   2.5900000e+02  -2.6565051e+01
   7.4000000e+01   1.5200000e+02   1.2369007e+02
   7.4000000e+01   1.9700000e+02  -4.7489553e+01
   7.9000000e+01   2.1700000e+02  -3.6869898e+01
   8.5000000e+01   1.4200000e+02  -1.8434949e+01
   8.5000000e+01   2.8900000e+02  -4.7636417e+00
   8.7000000e+01   1.2500000e+02  -2.2619865e+01
   1.1000000e+02   1.9800000e+02  -4.5000000e+01
   1.2700000e+02   7.8000000e+01   2.2619865e+01
   1.3100000e+02   3.5400000e+02   0.0000000e+00
   1.4000000e+02   1.0500000e+02  -1.3772631e+02
   1.5000000e+02   1.5600000e+02   1.0843495e+02
   1.5900000e+02   1.4300000e+02   8.0537678e+01
   1.8000000e+02   1.6100000e+02   8.0537678e+01
   2.0500000e+02   2.7400000e+02   1.8000000e+02
   2.5500000e+02   2.7300000e+02  -1.7053768e+02
   7.7000000e+01   2.6600000e+02   1.7500000e+02
   8.3000000e+01   1.1600000e+02  -2.3000000e+01
   9.4000000e+01   1.9100000e+02   1.3500000e+02
   1.0200000e+02   3.1100000e+02  -1.5700000e+02
   1.1500000e+02   1.7700000e+02  -2.7000000e+01
   1.3100000e+02   1.0600000e+02  -1.5400000e+02
   1.3700000e+02   7.2000000e+01   3.0000000e+01
   1.5100000e+02   1.2900000e+02   7.5000000e+01
   1.5500000e+02   1.6900000e+02   1.1200000e+02
   1.5600000e+02   3.3900000e+02   1.6500000e+02
   1.7700000e+02   2.0100000e+02   1.0400000e+02
   1.8000000e+02   1.1800000e+02  -1.2400000e+02
   1.8300000e+02   2.1300000e+02   1.1600000e+02
   1.9200000e+02   3.2800000e+02   1.5700000e+02
   2.0000000e+02   7.4000000e+01  -1.3300000e+02
   2.0100000e+02   2.2000000e+02  -1.0500000e+02
   2.0600000e+02   1.4200000e+02  -1.1300000e+02
   2.1000000e+02   2.2100000e+02  -1.0900000e+02
   2.1400000e+02   2.4500000e+02   3.0000000e+01
   2.1600000e+02   2.0700000e+02  -1.0900000e+02
   2.2300000e+02   1.9600000e+02  -1.0900000e+02
   2.5900000e+02   2.0100000e+02  -1.2000000e+02
   2.6300000e+02   1.0100000e+02  -1.1700000e+02
   2.6600000e+02   2.3100000e+02  -1.3200000e+02
