   1.0000000e+02   2.7800000e+02  -3.3690068e+01
   1.2300000e+02   2.4100000e+02  -3.6869898e+01
   1.3300000e+02   2.8000000e+02  -2.2619865e+01
   1.4000000e+02   2.1800000e+02  -4.2273689e+01
   1.4400000e+02   1.7300000e+02   1.2928941e+02
   1.4500000e+02   6.7000000e+01  -2.2619865e+01
   1.4800000e+02   3.1000000e+02  -4.7636417e+00
   1.5300000e+02   4.9000000e+01   1.5738014e+02
   1.5500000e+02   1.6400000e+02  -9.4623222e+00
   1.5600000e+02   1.4900000e+02  -2.2619865e+01
   1.5700000e+02   3.5000000e+01   1.7053768e+02
   1.5900000e+02   1.9500000e+02   1.1656505e+02
   1.5900000e+02   3.2400000e+02   4.7636417e+00
   1.7700000e+02   2.2200000e+02  -4.2273689e+01
   2.0300000e+02   1.0300000e+02   3.2471192e+01
   2.1100000e+02   2.4000000e+02   1.4313010e+02
   2.1400000e+02   1.3100000e+02  -1.3772631e+02
   2.2000000e+02   1.8200000e+02   1.1261986e+02
   2.2300000e+02   4.2000000e+01   2.6565051e+01
   2.2900000e+02   1.7400000e+02   8.0537678e+01
   2.3200000e+02   1.4400000e+02   6.5556045e+01
   2.4900000e+02   1.1500000e+02   5.3972627e+01
   2.5800000e+02   2.8400000e+02  -1.7523636e+02
   2.5900000e+02   2.2000000e+02  -1.0030485e+02
   2.6200000e+02   2.0900000e+02   8.5236358e+01
   2.7000000e+02   3.0400000e+02  -1.7523636e+02
   3.1300000e+02   2.1700000e+02   9.0000000e+01
   1.2000000e+02   2.1500000e+02   1.2300000e+02
   1.2900000e+02   2.2300000e+02   1.3200000e+02
   1.3200000e+02   1.7400000e+02   1.2300000e+02
   1.4000000e+02   2.8700000e+02   1.7500000e+02
   1.4200000e+02   2.4100000e+02   1.4900000e+02
   1.5500000e+02   1.3800000e+02  -1.9000000e+01
   1.8400000e+02   1.3300000e+02   1.7500000e+02
   1.8400000e+02   2.0100000e+02  -2.3000000e+01
   1.9200000e+02   2.8300000e+02  -1.9000000e+01
   2.0300000e+02   2.5600000e+02   1.5500000e+02
   2.1100000e+02   9.9000000e+01   3.0000000e+01
   2.2300000e+02   1.5900000e+02  -1.1700000e+02
   2.2300000e+02   3.6000000e+02  -4.5000000e+01
   2.3300000e+02   3.1300000e+02  -8.0000000e+00
   2.3500000e+02   3.6000000e+02  -3.0000000e+01
   2.3800000e+02   1.9300000e+02   4.5000000e+01
   2.4300000e+02   2.9400000e+02   1.7500000e+02
   2.4400000e+02   2.3000000e+02   1.1200000e+02
   2.5400000e+02   3.0500000e+02  -5.0000000e+00
   2.6900000e+02   1.5500000e+02  -1.0900000e+02
   2.7600000e+02   1.2800000e+02  -1.1700000e+02
   2.8000000e+02   1.5800000e+02  -1.1700000e+02
   2.9200000e+02   2.6900000e+02  -1.1700000e+02
   3.0800000e+02   2.7200000e+02  -1.2700000e+02
   3.1400000e+02   2.0900000e+02  -1.2700000e+02
