   1.5600000e+02   1.8000000e+02  -6.3434949e+01
   1.6200000e+02   2.3700000e+02  -3.3690068e+01
   1.6600000e+02   1.3000000e+02   1.2686990e+02
   1.7200000e+02   9.1000000e+01   1.4313010e+02
   1.7800000e+02   1.1700000e+02  -2.6565051e+01
   2.0200000e+02   1.7000000e+02  -4.2273689e+01
   2.0700000e+02   1.1400000e+02   2.6565051e+01
   2.3300000e+02   7.6000000e+01  -1.4500798e+02
   2.3400000e+02   1.8800000e+02   1.3836646e+02
   2.4100000e+02   1.3100000e+02   1.1444395e+02
   2.5500000e+02   2.7100000e+02   1.6869007e+02
   2.7100000e+02   1.8700000e+02   1.0843495e+02
   2.7300000e+02   1.3300000e+02   8.5236358e+01
   2.8200000e+02   2.2800000e+02   1.6747119e+02
   2.8400000e+02   2.8800000e+02   1.4630993e+02
   2.8800000e+02   6.0000000e+01  -1.2602737e+02
   2.9300000e+02   8.5000000e+01   6.3434949e+01
   2.9400000e+02   6.7000000e+01   6.7380135e+01
   2.9900000e+02   9.9000000e+01  -1.0843495e+02
   3.0100000e+02   8.2000000e+01  -1.1656505e+02
   2.1200000e+02   5.5000000e+01  -1.7100000e+02
   2.2200000e+02   8.8000000e+01  -1.5800000e+02
   2.3000000e+02   3.5000000e+01  -1.6200000e+02
   2.9000000e+02   2.7300000e+02   1.3900000e+02
