   9.2000000e+01   1.8700000e+02  -5.0194429e+01
   9.5000000e+01   2.2900000e+02  -5.0194429e+01
   1.2300000e+02   1.7400000e+02  -5.3130102e+01
   1.3100000e+02   9.4000000e+01   1.3251045e+02
   1.4300000e+02   2.4800000e+02   1.2369007e+02
   1.4700000e+02   2.4100000e+02  -5.3130102e+01
   1.5100000e+02   3.4500000e+02  -6.3434949e+01
   1.8400000e+02   2.3500000e+02  -3.3690068e+01
   2.0400000e+02   3.1900000e+02  -7.1565051e+01
   2.0700000e+02   2.3700000e+02   1.5138954e+02
   2.2300000e+02   1.3700000e+02   1.4752881e+02
   2.3300000e+02   2.2900000e+02   2.2619865e+01
   2.4100000e+02   1.0300000e+02   0.0000000e+00
   2.4200000e+02   1.7200000e+02   1.8000000e+02
   2.4900000e+02   2.3800000e+02  -1.4630993e+02
   2.5700000e+02   1.9300000e+02   3.9289407e+01
   2.6100000e+02   2.0300000e+02  -1.4630993e+02
   2.6600000e+02   1.0500000e+02  -1.7523636e+02
   2.7000000e+02   1.5800000e+02  -1.5138954e+02
   2.7300000e+02   6.1000000e+01  -1.6596376e+02
   2.7500000e+02   2.0200000e+02   4.5000000e+01
   2.9000000e+02   2.9800000e+02  -1.1261986e+02
   2.9100000e+02   1.0400000e+02   2.6565051e+01
   2.9200000e+02   1.3100000e+02  -1.6156505e+02
   1.2600000e+02   1.1700000e+02   1.3200000e+02
   1.6700000e+02   1.2700000e+02   1.3500000e+02
   1.7000000e+02   2.5600000e+02   1.2000000e+02
   1.9800000e+02   4.5000000e+01   1.4900000e+02
   2.1300000e+02   1.4300000e+02   1.5700000e+02
   2.1500000e+02   3.1700000e+02   1.1600000e+02
   2.4300000e+02   3.2400000e+02   7.3000000e+01
   2.6200000e+02   1.5200000e+02  -1.6600000e+02
   2.6900000e+02   2.4100000e+02  -1.2700000e+02
