   1.1800000e+02   2.5700000e+02   1.2025644e+02
   1.2700000e+02   2.8400000e+02  -6.3434949e+01
   1.3900000e+02   1.6700000e+02  -5.3130102e+01
   1.4800000e+02   9.0000000e+01   1.2980557e+02
   1.5600000e+02   2.4400000e+02   1.2025644e+02
   2.3900000e+02   1.3300000e+02   1.4903624e+02
   2.4400000e+02   3.4300000e+02  -7.1565051e+01
   2.5600000e+02   1.6900000e+02  -1.7523636e+02
   2.5700000e+02   3.2600000e+02   8.4289407e+01
   2.7400000e+02   2.0000000e+02  -1.4630993e+02
   2.8500000e+02   1.0500000e+02  -1.7053768e+02
   2.8700000e+02   2.0200000e+02   4.7726311e+01
   1.0400000e+02   1.8700000e+02   1.2200000e+02
   1.3100000e+02   1.1000000e+02   1.2300000e+02
   1.4300000e+02   1.1000000e+02   1.2600000e+02
   1.8200000e+02   1.2300000e+02   1.4000000e+02
   1.8600000e+02   8.7000000e+01   1.4600000e+02
   1.9100000e+02   1.8800000e+02   1.3700000e+02
   1.9100000e+02   2.2800000e+02   1.2900000e+02
   1.9600000e+02   2.8700000e+02   1.1600000e+02
   2.1200000e+02   6.9000000e+01   1.4700000e+02
   2.2900000e+02   1.3900000e+02   1.6100000e+02
   2.4900000e+02   3.2900000e+02   7.8000000e+01
   2.5700000e+02   2.5100000e+02  -1.4100000e+02
   2.6500000e+02   1.9300000e+02  -1.6600000e+02
   2.7700000e+02   1.5100000e+02  -1.5800000e+02
   2.8000000e+02   2.4000000e+02  -1.2100000e+02
