   7.7000000e+01   9.9000000e+01  -9.9462322e+01
   7.8000000e+01   1.0900000e+02   8.5236358e+01
   8.8000000e+01   5.2000000e+01  -9.0000000e+01
   9.1000000e+01   1.4900000e+02  -9.9462322e+01
   9.1000000e+01   1.5700000e+02   9.4763642e+01
   1.2000000e+02   2.1700000e+02  -8.5236358e+01
   1.2600000e+02   2.0700000e+02   4.5000000e+01
   1.2800000e+02   1.1700000e+02  -9.4763642e+01
   1.3400000e+02   2.4600000e+02   1.1180141e+02
   1.3600000e+02   3.0000000e+01  -7.1565051e+01
   1.5900000e+02   2.4100000e+02   9.4763642e+01
   1.6600000e+02   2.0500000e+02   9.4763642e+01
   1.7100000e+02   2.8700000e+02  -8.5236358e+01
   1.7800000e+02   3.0100000e+02  -8.0537678e+01
   1.8100000e+02   2.5200000e+02  -8.4289407e+01
   1.9100000e+02   1.6500000e+02  -9.9462322e+01
   1.9100000e+02   1.7300000e+02   8.0537678e+01
   2.0700000e+02   2.5200000e+02   9.0000000e+01
   2.1100000e+02   1.4900000e+02  -8.5236358e+01
   2.2300000e+02   2.0500000e+02  -9.4763642e+01
   2.2500000e+02   2.1300000e+02   8.5236358e+01
   2.3300000e+02   1.2600000e+02   1.1261986e+02
   2.3500000e+02   8.7000000e+01  -2.6565051e+01
   2.4500000e+02   1.3000000e+02  -4.5000000e+01
   2.4600000e+02   2.9600000e+02  -7.5963757e+01
   2.4900000e+02   1.0400000e+02  -4.7636417e+00
   2.7000000e+02   3.2100000e+02  -6.7380135e+01
   2.7600000e+02   2.8000000e+02  -8.0537678e+01
   2.7700000e+02   2.2000000e+02   8.5236358e+01
   2.8400000e+02   3.0100000e+02  -7.1565051e+01
   2.8900000e+02   1.1000000e+02  -1.4630993e+02
   2.9300000e+02   3.3400000e+02  -3.9805571e+01
   2.9600000e+02   3.0900000e+02  -5.6309932e+01
   3.0300000e+02   1.4100000e+02  -1.3500000e+02
   3.0600000e+02   2.3300000e+02   8.5236358e+01
   3.1400000e+02   2.3300000e+02   8.0537678e+01
   3.1900000e+02   2.8100000e+02  -6.7380135e+01
   1.4000000e+02   2.1400000e+02   1.0400000e+02
   1.8300000e+02   1.0400000e+02  -6.4000000e+01
   1.9400000e+02   2.4000000e+01  -3.1000000e+01
   2.1200000e+02   1.3700000e+02  -6.4000000e+01
   2.2600000e+02   3.0600000e+02  -6.2000000e+01
   2.3300000e+02   1.7200000e+02  -1.0000000e+02
   2.5000000e+02   1.8500000e+02  -9.0000000e+01
   2.6000000e+02   2.9700000e+02  -7.2000000e+01
   2.6400000e+02   1.5500000e+02   0.0000000e+00
   2.8400000e+02   1.8700000e+02  -1.7500000e+02
   3.1400000e+02   1.7300000e+02  -1.3000000e+02
