   1.0200000e+02   1.7700000e+02  -2.2619865e+01
   1.1700000e+02   1.9600000e+02  -1.8434949e+01
   1.3200000e+02   1.5600000e+02  -4.5000000e+01
   1.6200000e+02   6.7000000e+01  -7.1565051e+01
   1.6900000e+02   3.4600000e+02   9.0000000e+01
   1.7300000e+02   2.8400000e+02   9.4623222e+00
   1.7800000e+02   2.4500000e+02   1.7053768e+02
   1.7900000e+02   3.4400000e+02   1.4036243e+01
   1.8700000e+02   1.8100000e+02  -4.5000000e+01
   1.9400000e+02   1.9100000e+02  -2.6565051e+01
   2.0100000e+02   5.5000000e+01  -5.6309932e+01
   2.1300000e+02   3.0400000e+02   0.0000000e+00
   2.2000000e+02   1.0900000e+02   1.1261986e+02
   2.3700000e+02   2.3000000e+01  -9.4623222e+00
   2.4900000e+02   1.3100000e+02   1.1261986e+02
   2.5100000e+02   1.2200000e+02  -7.3300756e+01
   2.5500000e+02   2.0800000e+02  -1.4036243e+01
   2.5900000e+02   1.9700000e+02  -2.2619865e+01
   2.5900000e+02   2.3000000e+02   1.7053768e+02
   2.7200000e+02   1.1200000e+02  -9.4763642e+01
   2.7500000e+02   3.9000000e+01  -1.4019443e+02
   2.7800000e+02   1.3300000e+02  -9.0000000e+01
   2.8100000e+02   2.0000000e+01   6.3434949e+01
   2.8300000e+02   1.1500000e+02   1.8000000e+02
   2.9500000e+02   4.6000000e+01  -1.1861046e+02
   1.4300000e+02   2.9000000e+02  -2.7000000e+01
   2.0500000e+02   1.6100000e+02   1.2600000e+02
   2.1200000e+02   2.2500000e+02   1.7000000e+02
   2.2500000e+02   2.6200000e+02   1.7000000e+02
   2.2600000e+02   2.0800000e+02   1.6400000e+02
   2.4000000e+02   5.5000000e+01   3.0000000e+01
   2.4000000e+02   8.3000000e+01   5.7000000e+01
   2.6300000e+02   1.0700000e+02  -9.0000000e+01
