   6.8000000e+01   1.7300000e+02   1.2980557e+02
   6.9000000e+01   1.6500000e+02   1.3500000e+02
   8.6000000e+01   2.0200000e+02  -6.0945396e+01
   9.2000000e+01   8.6000000e+01  -5.0194429e+01
   9.6000000e+01   3.4200000e+02  -4.7636417e+00
   9.7000000e+01   3.3200000e+02  -3.7874984e+01
   9.9000000e+01   3.5100000e+02   1.5343495e+02
   1.0200000e+02   2.6100000e+02  -5.3130102e+01
   1.8700000e+02   5.4000000e+01  -1.2528808e+01
   1.8900000e+02   3.4100000e+02  -1.9983107e+01
   1.9600000e+02   5.2000000e+01   1.6747119e+02
   2.1000000e+02   1.7000000e+01   0.0000000e+00
   2.3800000e+02   3.5100000e+02  -1.4071059e+02
   2.4200000e+02   1.2300000e+02   4.2273689e+01
   2.4200000e+02   2.6900000e+02  -9.9462322e+01
   2.4300000e+02   7.6000000e+01  -1.5343495e+02
   2.4500000e+02   2.1000000e+01  -1.6596376e+02
   2.5400000e+02   2.4500000e+02   8.5236358e+01
   2.6800000e+02   5.0000000e+01  -1.5343495e+02
   2.7300000e+02   2.8600000e+02  -1.0403624e+02
   2.8600000e+02   1.4500000e+02   6.3434949e+01
   2.9200000e+02   1.1500000e+02  -1.2369007e+02
   3.0500000e+02   1.9800000e+02  -1.0843495e+02
   6.7000000e+01   2.2300000e+02   1.2300000e+02
   1.1100000e+02   1.6100000e+02   1.2300000e+02
   1.3900000e+02   4.0000000e+01   1.4000000e+02
   1.4700000e+02   1.1000000e+02   1.3500000e+02
   1.5000000e+02   3.3700000e+02   1.7000000e+02
   1.6400000e+02   3.4800000e+02   1.6800000e+02
   1.6700000e+02   2.2400000e+02   1.1400000e+02
   1.8900000e+02   2.1700000e+02   4.8000000e+01
   2.0200000e+02   1.0600000e+02   1.7000000e+02
   2.3400000e+02   7.1000000e+01  -1.6200000e+02
   2.4400000e+02   1.9600000e+02  -1.2400000e+02
   3.0000000e+02   1.8500000e+02  -1.3100000e+02
