   8.3000000e+01   2.4800000e+02  -5.9743563e+01
   8.7000000e+01   1.1200000e+02   1.2980557e+02
   9.5000000e+01   1.0500000e+02  -5.0710593e+01
   9.7000000e+01   2.9400000e+02  -4.2273689e+01
   1.3500000e+02   3.0600000e+02   1.6596376e+02
   1.5500000e+02   2.2500000e+02  -2.6565051e+01
   1.5700000e+02   3.4300000e+02   9.4623222e+00
   1.6600000e+02   2.7000000e+01   1.5343495e+02
   1.7500000e+02   2.6000000e+02   1.3836646e+02
   1.7800000e+02   7.0000000e+01  -1.8434949e+01
   1.7800000e+02   3.2400000e+02   4.5000000e+01
   1.8800000e+02   2.5300000e+02  -5.6309932e+01
   1.9200000e+02   2.9400000e+02  -6.1389540e+01
   1.9900000e+02   1.2900000e+02   4.7636417e+00
   2.0300000e+02   2.7500000e+02  -6.7380135e+01
   2.0700000e+02   1.5000000e+01  -4.7636417e+00
   2.1500000e+02   2.6400000e+02  -8.0537678e+01
   2.2300000e+02   1.1100000e+02   3.0256437e+01
   2.2900000e+02   1.2100000e+02  -1.4974356e+02
   2.3500000e+02   1.8000000e+01  -1.6474488e+02
   2.3900000e+02   7.1000000e+01  -1.5738014e+02
   2.4200000e+02   3.2800000e+02  -1.1656505e+02
   2.4300000e+02   1.1900000e+02   3.9289407e+01
   2.5400000e+02   1.8200000e+02  -1.2096376e+02
   2.5700000e+02   2.7200000e+02  -1.1656505e+02
   2.6100000e+02   4.6000000e+01  -1.5138954e+02
   2.7600000e+02   3.8000000e+01  -1.4071059e+02
   2.8900000e+02   1.0700000e+02  -1.2369007e+02
   3.0400000e+02   1.8800000e+02  -1.1444395e+02
   3.1100000e+02   1.5200000e+02  -1.2247119e+02
   9.9000000e+01   1.1300000e+02  -5.1000000e+01
   1.3400000e+02   4.2000000e+01   1.3500000e+02
   1.8600000e+02   1.2800000e+02   1.5900000e+02
   2.0200000e+02   2.9200000e+02  -6.4000000e+01
   2.2400000e+02   1.6000000e+02   5.0000000e+01
   2.3000000e+02   6.7000000e+01  -1.6600000e+02
   2.3700000e+02   1.6000000e+02  -1.2700000e+02
   2.4500000e+02   1.9300000e+02   5.7000000e+01
   2.9900000e+02   1.7700000e+02  -1.2100000e+02
