   9.3000000e+01   9.8000000e+01  -1.0843495e+02
   9.4000000e+01   1.6100000e+02  -5.3130102e+01
   9.6000000e+01   1.0600000e+02  -5.0194429e+01
   1.0100000e+02   2.6600000e+02  -6.7380135e+01
   1.1200000e+02   2.8500000e+02  -5.3130102e+01
   1.2100000e+02   3.3800000e+02  -1.8434949e+01
   1.2600000e+02   3.2700000e+02  -1.8434949e+01
   1.4100000e+02   3.5200000e+02   1.6156505e+02
   1.4300000e+02   4.7000000e+01  -2.9744881e+01
   1.4900000e+02   3.2100000e+02  -4.5000000e+01
   1.5600000e+02   2.3800000e+02  -5.3972627e+01
   1.8700000e+02   2.6500000e+02  -5.6309932e+01
   1.9300000e+02   1.0400000e+02   1.7053768e+02
   1.9600000e+02   2.6400000e+02  -7.1565051e+01
   2.0000000e+02   4.5000000e+01   1.8000000e+02
   2.1300000e+02   9.8000000e+01  -1.7523636e+02
   2.1500000e+02   1.5500000e+02   5.3130102e+01
   2.1800000e+02   2.8000000e+01   0.0000000e+00
   2.2400000e+02   1.2100000e+02   3.9289407e+01
   2.3600000e+02   1.7100000e+02   5.7528808e+01
   2.3800000e+02   7.7000000e+01   3.2471192e+01
   2.4300000e+02   1.3200000e+02   5.3130102e+01
   2.4600000e+02   2.5000000e+02  -9.4763642e+01
   2.6700000e+02   6.3000000e+01  -1.4752881e+02
   2.7400000e+02   1.8900000e+02  -1.0843495e+02
   2.7600000e+02   1.3300000e+02  -1.3251045e+02
   2.7800000e+02   1.1000000e+02  -1.2602737e+02
   1.1800000e+02   1.0500000e+02   1.3100000e+02
   1.2500000e+02   1.4200000e+02   1.2300000e+02
   1.3800000e+02   3.1000000e+02   1.5100000e+02
   1.5700000e+02   2.0000000e+01  -2.3000000e+01
   1.8200000e+02   6.6000000e+01   1.6100000e+02
   2.2100000e+02   1.6900000e+02   6.1000000e+01
   2.4000000e+02   2.0600000e+02   6.1000000e+01
