   1.0900000e+02   2.1400000e+02   1.3118593e+02
   1.1700000e+02   2.9400000e+02  -4.1633539e+01
   1.2600000e+02   2.8600000e+02   1.3836646e+02
   1.5600000e+02   3.3400000e+02  -2.6565051e+01
   1.5800000e+02   7.1000000e+01  -4.5000000e+01
   1.5900000e+02   1.3100000e+02   1.2369007e+02
   1.6600000e+02   1.2500000e+02  -5.3130102e+01
   1.7900000e+02   1.7300000e+02   1.2865981e+02
   2.1900000e+02   1.7500000e+02  -3.3690068e+01
   2.2200000e+02   3.7000000e+01   1.4313010e+02
   2.5700000e+02   3.2900000e+02   1.5094540e+02
   2.6400000e+02   1.1900000e+02   1.6596376e+02
   2.6500000e+02   2.6400000e+02   1.0403624e+02
   2.9500000e+02   1.3500000e+02   3.9289407e+01
   3.0800000e+02   1.0300000e+02  -1.6596376e+02
   3.0800000e+02   1.8600000e+02   6.7380135e+01
   3.1400000e+02   1.4700000e+02   4.7726311e+01
   3.1800000e+02   1.6500000e+02  -1.2025644e+02
   1.2300000e+02   2.5100000e+02   1.3800000e+02
   1.4300000e+02   1.0700000e+02  -5.4000000e+01
   1.6600000e+02   2.1500000e+02   1.2300000e+02
   1.9000000e+02   1.3100000e+02   1.2600000e+02
   2.0300000e+02   1.9800000e+02   1.2600000e+02
   2.0900000e+02   1.9000000e+02  -4.2000000e+01
   2.1300000e+02   1.3300000e+02   1.3700000e+02
   2.5500000e+02   1.4700000e+02   1.5300000e+02
