   1.0900000e+02   2.6600000e+02  -2.2619865e+01
   1.2100000e+02   2.7500000e+02  -2.2619865e+01
   1.4400000e+02   2.5000000e+02  -2.2619865e+01
   1.5600000e+02   1.6700000e+02   1.2980557e+02
   1.7500000e+02   6.2000000e+01   0.0000000e+00
   1.7900000e+02   2.0900000e+02  -4.5000000e+01
   1.8500000e+02   1.9600000e+02   7.4744881e+01
   1.8700000e+02   3.0000000e+02  -4.7636417e+00
   1.9600000e+02   5.2000000e+01   1.7523636e+02
   1.9800000e+02   2.5500000e+02   1.7523636e+02
   2.1100000e+02   1.8500000e+02   4.5000000e+01
   2.2200000e+02   2.4000000e+02  -1.7523636e+02
   2.3200000e+02   2.8300000e+02   1.6596376e+02
   2.5800000e+02   3.4500000e+02   1.5819859e+02
   2.8200000e+02   2.4100000e+02   1.8000000e+02
   2.9300000e+02   3.1300000e+02   1.6596376e+02
   2.9600000e+02   2.7600000e+02   1.7523636e+02
   2.9800000e+02   2.1300000e+02  -1.5738014e+02
   1.3000000e+02   2.0700000e+02   1.2600000e+02
   1.5200000e+02   2.3400000e+02   1.3500000e+02
   1.5700000e+02   2.0700000e+02   1.3200000e+02
   1.6100000e+02   2.6300000e+02   1.7000000e+02
   1.8000000e+02   1.4300000e+02  -1.9000000e+01
   1.8000000e+02   1.8600000e+02  -6.4000000e+01
   2.0300000e+02   2.0700000e+02   2.2000000e+01
   2.0800000e+02   9.1000000e+01   1.8000000e+02
   2.2200000e+02   1.6200000e+02   3.9000000e+01
   2.2700000e+02   1.3800000e+02   4.5000000e+01
   2.3800000e+02   1.0100000e+02   3.9000000e+01
   2.4100000e+02   2.0700000e+02   4.0000000e+00
   2.7000000e+02   2.2300000e+02   1.4000000e+01
   2.7900000e+02   1.1100000e+02   4.5000000e+01
   2.8200000e+02   2.0600000e+02   2.2000000e+01
