   1.0800000e+02   2.9800000e+02  -2.2619865e+01
   1.1400000e+02   1.1100000e+02  -2.6565051e+01
   1.3200000e+02   2.7200000e+02  -1.8434949e+01
   1.3300000e+02   3.3200000e+02   0.0000000e+00
   1.4200000e+02   1.8900000e+02   1.2686990e+02
   1.4300000e+02   3.4300000e+02  -4.7636417e+00
   1.7300000e+02   2.1900000e+02   1.0843495e+02
   1.7500000e+02   3.2400000e+02  -4.7636417e+00
   1.8600000e+02   2.7900000e+02   1.7523636e+02
   1.9800000e+02   2.1000000e+02   3.6027373e+01
   2.1000000e+02   2.6400000e+02  -1.7523636e+02
   2.1300000e+02   5.0000000e+01   1.8434949e+01
   2.2000000e+02   3.0700000e+02   1.6596376e+02
   2.7800000e+02   2.0500000e+02  -1.2686990e+02
   2.8000000e+02   3.3700000e+02   1.6596376e+02
   2.8300000e+02   2.3500000e+02  -1.5343495e+02
   2.8500000e+02   2.9800000e+02   1.7053768e+02
   2.8900000e+02   3.2400000e+02   1.6596376e+02
   1.1700000e+02   2.2900000e+02   1.2600000e+02
   1.4000000e+02   2.5600000e+02   1.3500000e+02
   1.4600000e+02   2.2800000e+02   1.3500000e+02
   1.4900000e+02   2.8600000e+02   1.7000000e+02
   1.5300000e+02   8.4000000e+01   1.6100000e+02
   1.6700000e+02   1.6500000e+02  -1.9000000e+01
   1.6700000e+02   2.0900000e+02  -6.4000000e+01
   1.8900000e+02   2.2900000e+02   2.2000000e+01
   1.9400000e+02   1.1100000e+02   1.8000000e+02
   2.0800000e+02   1.8500000e+02   3.9000000e+01
   2.1300000e+02   1.6100000e+02   4.2000000e+01
   2.2900000e+02   2.3000000e+02   9.0000000e+00
   2.4200000e+02   1.9800000e+02   4.2000000e+01
   2.5700000e+02   2.4600000e+02   1.4000000e+01
   2.6300000e+02   1.2900000e+02   4.5000000e+01
   2.6800000e+02   2.2800000e+02   2.2000000e+01
