   9.4000000e+01   1.1200000e+02   1.4630993e+02
   1.0200000e+02   2.5400000e+02  -2.6565051e+01
   1.0700000e+02   7.0000000e+01  -1.4036243e+01
   1.1200000e+02   1.7100000e+02   1.2980557e+02
   1.4300000e+02   2.0000000e+02   8.0537678e+01
   1.4700000e+02   3.0400000e+02  -4.7636417e+00
   1.5700000e+02   2.5900000e+02   1.7523636e+02
   1.6600000e+02   1.9000000e+02   3.9289407e+01
   1.7900000e+02   2.4500000e+02  -1.7053768e+02
   1.9200000e+02   2.8700000e+02   1.6596376e+02
   2.4800000e+02   1.8700000e+02  -1.2686990e+02
   2.5400000e+02   2.1600000e+02  -1.5343495e+02
   2.5400000e+02   3.1500000e+02   1.6596376e+02
   2.5600000e+02   2.4000000e+02  -1.7523636e+02
   2.5700000e+02   2.7700000e+02   1.7053768e+02
   2.8600000e+02   1.8800000e+02  -1.4397263e+02
   8.8000000e+01   2.1000000e+02   1.2900000e+02
   1.1000000e+02   2.3700000e+02   1.3500000e+02
   1.1500000e+02   2.1000000e+02   1.3500000e+02
   1.1900000e+02   2.6700000e+02   1.7000000e+02
   1.2600000e+02   6.5000000e+01   1.6500000e+02
   1.3700000e+02   1.4800000e+02  -1.9000000e+01
   1.3700000e+02   1.9100000e+02  -6.8000000e+01
   1.5900000e+02   2.1000000e+02   2.2000000e+01
   1.6600000e+02   9.5000000e+01  -1.7600000e+02
   1.7700000e+02   1.6700000e+02   3.6000000e+01
   1.8200000e+02   1.4200000e+02   4.5000000e+01
   1.9800000e+02   2.1100000e+02   4.0000000e+00
   2.1100000e+02   1.8000000e+02   3.9000000e+01
   2.1600000e+02   1.9600000e+02   2.6000000e+01
   2.2800000e+02   2.2700000e+02   9.0000000e+00
   2.3400000e+02   1.1400000e+02   4.2000000e+01
   2.3900000e+02   2.0900000e+02   2.2000000e+01
   2.4800000e+02   1.5600000e+02  -1.2700000e+02
   2.8900000e+02   2.4100000e+02   4.0000000e+00
