   5.7000000e+01   2.4800000e+02   2.2619865e+01
   9.4000000e+01   1.1000000e+02  -2.2619865e+01
   9.8000000e+01   2.5900000e+02   2.6565051e+01
   1.1200000e+02   2.9800000e+02  -1.4903624e+02
   1.4800000e+02   2.6600000e+02  -1.6596376e+02
   1.5200000e+02   3.3600000e+02   1.8000000e+02
   1.8400000e+02   1.7000000e+02   8.0537678e+01
   1.8600000e+02   3.2200000e+02  -1.6596376e+02
   2.1100000e+02   2.6700000e+02   1.4036243e+01
   2.1300000e+02   2.5400000e+02  -1.5343495e+02
   2.3000000e+02   2.5700000e+02  -1.4974356e+02
   2.4200000e+02   2.3700000e+02  -1.2025644e+02
   2.5500000e+02   2.0700000e+02  -9.9462322e+01
   1.0400000e+02   1.5000000e+02   1.5700000e+02
   1.0600000e+02   1.8700000e+02   1.8000000e+02
   1.0900000e+02   6.2000000e+01  -1.0000000e+01
   1.2500000e+02   1.6400000e+02   1.6500000e+02
   1.2800000e+02   1.9300000e+02  -1.6600000e+02
   1.4100000e+02   2.7300000e+02  -1.7100000e+02
   1.6000000e+02   2.3000000e+02   2.6000000e+01
   1.7900000e+02   1.2100000e+02   4.0000000e+00
   2.0200000e+02   4.3000000e+01  -1.6600000e+02
   2.0600000e+02   1.5700000e+02   7.1000000e+01
   2.0900000e+02   2.9600000e+02   1.4000000e+01
   2.1400000e+02   2.3300000e+02   3.9000000e+01
   2.2300000e+02   1.3600000e+02   7.1000000e+01
   2.2700000e+02   1.8500000e+02  -1.1700000e+02
   2.3300000e+02   2.2400000e+02   5.3000000e+01
   2.4200000e+02   2.2000000e+02  -1.2300000e+02
   2.4300000e+02   1.1600000e+02   6.3000000e+01
   2.7000000e+02   1.7700000e+02   6.7000000e+01
   2.7900000e+02   1.3200000e+02  -1.1700000e+02
