   8.2000000e+01   2.2000000e+02  -4.2510447e+01
   9.7000000e+01   2.8400000e+02  -2.6565051e+01
   1.0100000e+02   2.5400000e+02  -2.2619865e+01
   1.1500000e+02   2.9500000e+02  -9.4623222e+00
   1.4500000e+02   3.3800000e+02  -1.5819859e+02
   1.9200000e+02   4.1000000e+01  -9.4623222e+00
   2.0300000e+02   1.7800000e+02   1.1261986e+02
   2.2200000e+02   2.3900000e+02   1.8000000e+02
   2.2700000e+02   1.6800000e+02   5.9743563e+01
   2.4000000e+02   2.7700000e+02   1.6156505e+02
   2.7900000e+02   3.0400000e+02   1.5343495e+02
   8.5000000e+01   1.1100000e+02  -3.3000000e+01
   8.5000000e+01   1.6600000e+02  -6.0000000e+01
   9.5000000e+01   7.3000000e+01  -4.0000000e+01
   1.0700000e+02   5.0000000e+01  -9.0000000e+01
   1.1200000e+02   5.8000000e+01  -3.4000000e+01
   1.1600000e+02   1.3500000e+02  -4.5000000e+01
   1.5000000e+02   1.8600000e+02   1.3200000e+02
   1.7400000e+02   1.8900000e+02   1.3500000e+02
   1.7800000e+02   2.4600000e+02   1.7500000e+02
   1.8500000e+02   2.7800000e+02   1.7000000e+02
   1.9400000e+02   1.3400000e+02  -8.4000000e+01
   1.9900000e+02   1.6800000e+02  -6.8000000e+01
   2.1200000e+02   2.5400000e+02   1.6400000e+02
   2.1800000e+02   2.0400000e+02   1.8000000e+01
   2.1900000e+02   1.9100000e+02   2.2000000e+01
   2.5700000e+02   7.2000000e+01   4.8000000e+01
   2.5800000e+02   1.9300000e+02   4.0000000e+00
   2.7000000e+02   2.8800000e+02   1.6100000e+02
   2.7300000e+02   1.6200000e+02   4.5000000e+01
   2.8800000e+02   2.0800000e+02   9.0000000e+00
   2.9900000e+02   1.9100000e+02   1.8000000e+01
   3.0500000e+02   1.8200000e+02   3.6000000e+01
   3.0800000e+02   1.3400000e+02  -1.2700000e+02
