   1.1800000e+02   2.8800000e+02   1.6747119e+02
   1.7700000e+02   3.5900000e+02   1.7053768e+02
   8.1000000e+01   2.3700000e+02   1.4300000e+02
   8.7000000e+01   2.8800000e+02   1.8000000e+02
   1.0900000e+02   1.6000000e+01  -1.7100000e+02
   1.1800000e+02   1.8000000e+01   1.4000000e+01
   1.2900000e+02   3.1000000e+01  -1.7600000e+02
   1.5900000e+02   1.9000000e+01   4.0000000e+00
   2.0000000e+02   1.3300000e+02   4.2000000e+01
   2.0800000e+02   5.7000000e+01   1.4000000e+01
   2.1500000e+02   3.5900000e+02  -5.0000000e+00
   2.2600000e+02   3.0400000e+02   1.5100000e+02
   2.3000000e+02   1.4600000e+02   3.0000000e+01
   2.3500000e+02   8.5000000e+01   2.2000000e+01
   2.4200000e+02   2.1200000e+02   4.0000000e+00
   2.4400000e+02   1.2600000e+02  -1.5400000e+02
   2.4500000e+02   1.0100000e+02   2.6000000e+01
   2.4500000e+02   3.2000000e+02  -9.0000000e+01
   2.5600000e+02   1.4600000e+02  -1.5400000e+02
   2.6200000e+02   2.4900000e+02   0.0000000e+00
   2.6400000e+02   1.6400000e+02  -1.5800000e+02
