   1.2500000e+02   9.8000000e+01  -9.4623222e+00
   1.3700000e+02   7.9000000e+01  -4.7636417e+00
   1.9500000e+02   3.0000000e+01   0.0000000e+00
   2.0700000e+02   2.7500000e+02   0.0000000e+00
   2.4000000e+02   8.0000000e+01   3.2471192e+01
   2.4000000e+02   2.3400000e+02  -1.3500000e+02
   2.4200000e+02   2.0900000e+02   5.9743563e+01
   2.4400000e+02   2.0000000e+02   4.8814075e+01
   2.4800000e+02   7.6000000e+01  -1.5343495e+02
   2.5000000e+02   1.4400000e+02  -1.3500000e+02
   2.5700000e+02   1.5000000e+02   4.2273689e+01
   2.6400000e+02   1.8500000e+02  -1.2686990e+02
   2.0600000e+02   1.9200000e+02   5.0000000e+01
