   1.1300000e+02   2.5600000e+02  -4.8366461e+01
   1.1300000e+02   2.6600000e+02  -4.5000000e+01
   1.3100000e+02   2.2400000e+02   1.2980557e+02
   1.6700000e+02   1.7700000e+02   1.2247119e+02
   1.8800000e+02   2.2300000e+02   0.0000000e+00
   1.9800000e+02   7.1000000e+01   2.6565051e+01
   2.3500000e+02   2.1900000e+02   9.4623222e+00
   2.3800000e+02   7.2000000e+01   1.9983107e+01
   2.4900000e+02   2.9700000e+02   1.5738014e+02
   2.5700000e+02   1.1100000e+02   4.5000000e+01
   2.7100000e+02   2.1000000e+02  -1.3060129e+02
   2.1800000e+02   3.2000000e+02   1.6900000e+02
