   9.4000000e+01   2.0000000e+02  -5.3130102e+01
   1.0000000e+02   1.8000000e+02   1.2686990e+02
   1.0300000e+02   1.7200000e+02  -5.9743563e+01
   1.0400000e+02   2.8400000e+02  -3.3690068e+01
   1.0500000e+02   2.7500000e+02  -3.6869898e+01
   1.0900000e+02   3.0500000e+02  -1.8434949e+01
   1.1200000e+02   9.1000000e+01  -5.0194429e+01
   1.3900000e+02   2.5300000e+02   1.3060129e+02
   1.4000000e+02   2.2000000e+02   1.1261986e+02
   1.6300000e+02   1.2400000e+02   1.2602737e+02
   2.1100000e+02   2.1000000e+01  -4.7636417e+00
   2.1300000e+02   2.3900000e+02  -6.3434949e+01
   2.1800000e+02   1.7500000e+02   9.9462322e+01
   2.4000000e+02   1.4900000e+02   7.5963757e+01
   2.5800000e+02   2.8000000e+01  -1.5555605e+02
   1.1800000e+02   1.3800000e+02  -5.7000000e+01
   1.3600000e+02   2.3400000e+02   1.3200000e+02
   1.6700000e+02   1.4800000e+02   1.1600000e+02
   1.8400000e+02   1.6000000e+01  -3.1000000e+01
   1.9000000e+02   4.5000000e+01   1.4700000e+02
   2.0700000e+02   1.2900000e+02   1.3700000e+02
   2.1500000e+02   3.0000000e+01   0.0000000e+00
   2.2200000e+02   2.1900000e+02   1.1600000e+02
   2.5200000e+02   1.0400000e+02  -1.4700000e+02
