   8.9000000e+01   7.4000000e+01  -5.9743563e+01
   9.8000000e+01   1.8900000e+02   1.2096376e+02
   1.3600000e+02   2.4000000e+02  -4.7726311e+01
   1.7200000e+02   2.5600000e+02   1.3500000e+02
   1.7400000e+02   1.3500000e+02   9.9462322e+01
   1.7800000e+02   2.5000000e+02  -6.3434949e+01
   2.1100000e+02   2.9100000e+02  -2.8610460e+01
   2.1600000e+02   2.6900000e+02  -5.9743563e+01
   2.2800000e+02   2.5100000e+02   1.2686990e+02
   2.4000000e+02   5.6000000e+01   4.5000000e+01
   9.5000000e+01   3.2000000e+01  -5.4000000e+01
   1.3100000e+02   6.7000000e+01   1.2300000e+02
   1.4700000e+02   1.6400000e+02  -6.6000000e+01
   1.5600000e+02   9.1000000e+01   1.2600000e+02
   1.6800000e+02   1.8600000e+02   1.2300000e+02
   1.7600000e+02   9.3000000e+01  -1.6200000e+02
   1.7800000e+02   1.2200000e+02  -1.3500000e+02
   1.9300000e+02   2.8400000e+02   1.6100000e+02
   2.2100000e+02   1.8400000e+02   1.1200000e+02
   2.3200000e+02   1.7000000e+02   9.9000000e+01
   2.6400000e+02   1.0400000e+02  -1.1700000e+02
