   8.0000000e+01   2.0400000e+02   1.5343495e+02
   9.1000000e+01   1.0900000e+02  -3.6869898e+01
   9.3000000e+01   1.7400000e+02   1.3500000e+02
   1.3100000e+02   2.9100000e+02  -2.2619865e+01
   1.7600000e+02   2.3200000e+02   1.4630993e+02
   2.8000000e+02   1.8700000e+02   9.4763642e+01
   5.0000000e+01   2.4500000e+02  -1.7100000e+02
   8.2000000e+01   1.3800000e+02  -3.6000000e+01
   8.3000000e+01   1.8300000e+02   1.5100000e+02
   8.5000000e+01   2.9600000e+02  -1.5600000e+02
   8.7000000e+01   2.2800000e+02   1.6100000e+02
   9.0000000e+01   2.1600000e+02   1.5300000e+02
   1.0400000e+02   1.7400000e+02   1.4600000e+02
   1.0700000e+02   8.3000000e+01  -2.7000000e+01
   1.0800000e+02   1.5900000e+02   1.5300000e+02
   1.1800000e+02   1.5400000e+02  -4.3000000e+01
   1.1900000e+02   2.9800000e+02   1.8000000e+02
   1.3000000e+02   2.5100000e+02   1.5300000e+02
   1.5700000e+02   2.1100000e+02  -4.0000000e+01
   1.6300000e+02   1.4200000e+02  -1.6000000e+01
   1.6400000e+02   8.4000000e+01   1.6100000e+02
   1.9900000e+02   3.0300000e+02   1.4000000e+02
   2.0100000e+02   2.7300000e+02  -6.0000000e+01
   2.0900000e+02   1.9600000e+02   1.2000000e+02
   2.3300000e+02   2.0400000e+02   1.2000000e+02
   2.3500000e+02   1.7200000e+02   1.0800000e+02
   2.4300000e+02   1.2500000e+02   5.9000000e+01
   2.4400000e+02   1.0500000e+02  -1.3300000e+02
   2.5900000e+02   1.5700000e+02  -8.4000000e+01
   2.7900000e+02   2.6000000e+01   3.6000000e+01
   2.9500000e+02   1.3200000e+02   7.1000000e+01
