   9.4000000e+01   3.4200000e+02  -4.2273689e+01
   1.0900000e+02   3.3900000e+02  -4.5000000e+01
   1.2900000e+02   1.1900000e+02   1.3772631e+02
   1.4500000e+02   2.2000000e+02  -5.0710593e+01
   2.2900000e+02   3.3600000e+02  -6.3434949e+01
   2.7300000e+02   2.8600000e+02  -1.0403624e+02
   2.7800000e+02   2.7500000e+02   8.0537678e+01
   2.8700000e+02   2.9300000e+02   8.5236358e+01
   2.9500000e+02   2.8800000e+02  -1.0252881e+02
   9.1000000e+01   2.7200000e+02  -6.2000000e+01
   1.0600000e+02   3.5800000e+02   1.3500000e+02
   1.1300000e+02   2.1300000e+02   1.2900000e+02
   1.2000000e+02   2.0400000e+02   1.2800000e+02
   1.4300000e+02   3.5100000e+02   1.4000000e+02
   1.5000000e+02   2.6500000e+02  -5.1000000e+01
   1.7900000e+02   2.5300000e+02   1.2000000e+02
   1.8500000e+02   1.4400000e+02  -9.0000000e+01
   1.9800000e+02   1.1000000e+02   1.3500000e+02
   2.0700000e+02   2.0800000e+02   1.3100000e+02
   2.0800000e+02   8.2000000e+01   1.2600000e+02
   2.0800000e+02   1.0000000e+02   1.3200000e+02
   2.2400000e+02   3.4300000e+02   1.2900000e+02
   2.2400000e+02   3.5700000e+02   1.2600000e+02
   2.2700000e+02   9.7000000e+01   1.4300000e+02
   2.4600000e+02   3.0100000e+02   1.1200000e+02
   2.6900000e+02   3.0900000e+02   9.9000000e+01
   2.8900000e+02   2.3000000e+02  -1.4400000e+02
