   6.0000000e+01   2.1900000e+02  -6.3434949e+01
   8.1000000e+01   7.9000000e+01   1.2980557e+02
   8.1000000e+01   3.2000000e+02  -6.1389540e+01
   8.8000000e+01   7.3000000e+01  -4.7489553e+01
   1.2100000e+02   2.7000000e+02   1.2686990e+02
   1.8200000e+02   3.3600000e+02  -3.0963757e+01
   2.1300000e+02   3.2200000e+02  -5.3130102e+01
   2.2100000e+02   2.4900000e+02   1.1261986e+02
   2.3800000e+02   3.3800000e+02   1.8000000e+02
   5.7000000e+01   2.0400000e+02  -6.2000000e+01
   7.1000000e+01   2.7400000e+02   1.2300000e+02
   8.0000000e+01   1.1500000e+02   1.2600000e+02
   8.7000000e+01   1.5500000e+02  -5.7000000e+01
   1.1500000e+02   2.5000000e+02   1.2300000e+02
   1.2200000e+02   6.4000000e+01   1.3500000e+02
   1.3900000e+02   1.7000000e+01   1.4300000e+02
   1.4100000e+02   8.6000000e+01   1.2900000e+02
   1.4800000e+02   2.9100000e+02   1.3500000e+02
   1.5200000e+02   2.5100000e+02   1.2000000e+02
   1.5300000e+02   8.8000000e+01   1.4600000e+02
   1.5500000e+02   3.5100000e+02   1.7500000e+02
   1.6300000e+02   3.5000000e+02  -5.0000000e+00
   1.6700000e+02   1.9600000e+02   1.2000000e+02
   1.7000000e+02   1.8800000e+02  -6.4000000e+01
   1.7600000e+02   1.7900000e+02   1.2900000e+02
   1.8700000e+02   1.4300000e+02   4.0000000e+00
   1.9300000e+02   2.3700000e+02  -6.2000000e+01
   2.0200000e+02   6.5000000e+01   1.7500000e+02
   2.1400000e+02   2.6600000e+02   1.2000000e+02
   2.1600000e+02   2.0000000e+02   9.9000000e+01
   2.2800000e+02   2.3900000e+02   1.3500000e+02
   2.4600000e+02   3.3200000e+02  -4.0000000e+01
   2.5000000e+02   2.3600000e+02   1.1600000e+02
   2.6300000e+02   2.2000000e+02   7.1000000e+01
