   1.5000000e+02   3.5100000e+02   1.3227369e+02
   2.6100000e+02   3.2400000e+02   1.1656505e+02
   1.0800000e+02   3.0900000e+02   1.4000000e+02
   1.0900000e+02   3.4000000e+02   1.3700000e+02
   1.1200000e+02   2.0600000e+02   1.3500000e+02
   1.1500000e+02   3.3400000e+02  -4.8000000e+01
   1.1700000e+02   2.4500000e+02  -4.8000000e+01
   1.2200000e+02   3.2600000e+02   1.4300000e+02
   1.4400000e+02   2.8600000e+02   1.3500000e+02
   1.5800000e+02   1.6600000e+02   1.4000000e+02
   1.6700000e+02   3.5400000e+02   1.2900000e+02
   1.7000000e+02   1.4500000e+02   1.4600000e+02
   1.7400000e+02   3.4700000e+02  -6.0000000e+01
   1.8000000e+02   3.0200000e+02   1.2300000e+02
   2.0000000e+02   8.6000000e+01   1.4000000e+02
   2.0200000e+02   1.2500000e+02  -1.9000000e+01
   2.0200000e+02   3.0700000e+02   1.2800000e+02
   2.0300000e+02   3.5900000e+02   1.2900000e+02
   2.2800000e+02   3.6000000e+02  -6.0000000e+01
   2.3000000e+02   3.2000000e+02  -6.2000000e+01
   2.4100000e+02   3.2300000e+02   1.1600000e+02
   2.4200000e+02   1.3400000e+02   1.7500000e+02
   2.4300000e+02   2.6700000e+02   8.4000000e+01
   2.4300000e+02   2.9100000e+02   1.1200000e+02
   2.4500000e+02   6.1000000e+01   1.7000000e+02
   2.4500000e+02   8.7000000e+01   1.7500000e+02
   2.4600000e+02   3.3400000e+02   1.2900000e+02
   2.5300000e+02   8.7000000e+01   0.0000000e+00
   2.5900000e+02   1.4300000e+02  -1.7600000e+02
   2.6600000e+02   2.8500000e+02   4.5000000e+01
   2.6700000e+02   2.1000000e+02  -1.5800000e+02
   2.7300000e+02   2.9600000e+02   9.4000000e+01
   2.7400000e+02   2.8000000e+02   9.0000000e+01
   2.9000000e+02   3.1000000e+02   1.1600000e+02
   3.0400000e+02   2.9400000e+02   9.9000000e+01
   3.0500000e+02   2.8300000e+02   4.5000000e+01
