   8.7000000e+01   1.6700000e+02  -5.3130102e+01
   9.8000000e+01   6.9000000e+01  -5.3130102e+01
   1.0500000e+02   1.7700000e+02   1.4752881e+02
   1.1300000e+02   3.0300000e+02   1.8000000e+02
   1.2600000e+02   3.1200000e+02   1.4903624e+02
   1.2800000e+02   1.9700000e+02   1.1656505e+02
   2.1800000e+02   7.5000000e+01   1.7523636e+02
   2.2200000e+02   1.3500000e+02  -9.0000000e+01
   2.2900000e+02   1.2200000e+02   8.0537678e+01
   2.3100000e+02   2.7000000e+02  -5.9743563e+01
   2.3800000e+02   1.4000000e+02   8.5236358e+01
   2.4800000e+02   1.1500000e+02   7.5963757e+01
   2.5100000e+02   1.5000000e+01   2.6565051e+01
   2.5700000e+02   1.5400000e+02   9.9462322e+01
   2.7400000e+02   1.2200000e+02   7.5963757e+01
   9.9000000e+01   1.6400000e+02   1.2400000e+02
   1.0500000e+02   1.1500000e+02  -5.7000000e+01
   1.1200000e+02   1.0400000e+02   1.2600000e+02
   1.2300000e+02   2.1100000e+02   1.2600000e+02
   1.2700000e+02   1.5800000e+02   1.2900000e+02
   1.7100000e+02   1.6800000e+02   1.2000000e+02
   1.7400000e+02   2.1000000e+01   1.3800000e+02
   2.1100000e+02   6.6000000e+01   9.0000000e+00
