   8.2000000e+01   1.7100000e+02  -5.3130102e+01
   9.7000000e+01   1.0300000e+02  -3.9805571e+01
   1.0800000e+02   2.9400000e+02   1.3500000e+02
   1.1700000e+02   6.3000000e+01  -3.3690068e+01
   1.1800000e+02   2.0200000e+02  -7.8690068e+01
   1.1800000e+02   3.2700000e+02  -3.9289407e+01
   2.0800000e+02   2.0300000e+02  -9.0000000e+01
   2.1100000e+02   3.4000000e+01   1.6596376e+02
   2.2600000e+02   3.0500000e+02  -7.5963757e+01
   2.3100000e+02   1.7800000e+02  -1.1261986e+02
   2.3900000e+02   2.2500000e+02   9.9462322e+01
   2.4800000e+02   2.4800000e+02  -1.0030485e+02
   2.5500000e+02   2.5800000e+02  -9.0000000e+01
   8.6000000e+01   1.3500000e+02  -4.0000000e+01
   9.0000000e+01   1.7400000e+02  -5.4000000e+01
   9.2000000e+01   2.7300000e+02   1.3500000e+02
   1.0500000e+02   2.7300000e+02   1.3100000e+02
   1.0800000e+02   1.6600000e+02   1.2000000e+02
   1.0900000e+02   3.3600000e+02   1.5000000e+02
   1.1000000e+02   1.9600000e+02   1.2300000e+02
   1.1600000e+02   1.4200000e+02   1.2900000e+02
   1.1800000e+02   1.8100000e+02   1.1600000e+02
   1.3300000e+02   8.6000000e+01   1.4300000e+02
   1.6300000e+02   2.1900000e+02   1.2000000e+02
   1.8700000e+02   7.8000000e+01   1.6100000e+02
   1.8800000e+02   4.8000000e+01   1.6100000e+02
   1.8900000e+02   2.7300000e+02   1.2200000e+02
   2.2200000e+02   6.8000000e+01  -1.6200000e+02
   2.3700000e+02   4.0000000e+01  -1.6200000e+02
   2.3800000e+02   2.3600000e+02   9.4000000e+01
   2.4500000e+02   2.5600000e+02   1.0400000e+02
