   1.0000000e+02   2.2100000e+02   1.0252881e+02
   1.0200000e+02   2.1300000e+02  -8.0537678e+01
   1.2900000e+02   1.1900000e+02   1.4500798e+02
   1.4900000e+02   2.2500000e+02   6.1389540e+01
   1.6100000e+02   2.5100000e+02  -2.9744881e+01
   1.6300000e+02   2.7900000e+02   0.0000000e+00
   1.6900000e+02   2.8900000e+02   1.6596376e+02
   1.9300000e+02   7.7000000e+01   1.7523636e+02
   2.0000000e+02   3.0100000e+02   1.1261986e+02
   2.0400000e+02   3.5000000e+02  -4.2273689e+01
   2.1200000e+02   1.3500000e+02   3.9289407e+01
   2.1300000e+02   1.7800000e+02  -1.0525512e+02
   2.3600000e+02   3.2700000e+02   9.9462322e+01
   2.3800000e+02   3.0800000e+02   8.0537678e+01
   2.4900000e+02   1.0900000e+02  -1.2865981e+02
   2.7200000e+02   3.5200000e+02  -1.3251045e+02
   1.0600000e+02   1.8300000e+02  -6.0000000e+01
   1.4700000e+02   2.8900000e+02   9.0000000e+00
   1.5000000e+02   2.4300000e+02   8.0000000e+01
   1.6500000e+02   2.2400000e+02   9.0000000e+01
   1.8400000e+02   2.9700000e+02  -5.4000000e+01
   1.8700000e+02   8.6000000e+01  -1.7600000e+02
   1.8800000e+02   2.1900000e+02   1.2900000e+02
   1.9700000e+02   1.8800000e+02   9.9000000e+01
   2.2100000e+02   2.5700000e+02   1.0400000e+02
   2.5000000e+02   2.5700000e+02   6.3000000e+01
   2.6900000e+02   2.4100000e+02  -1.0000000e+02
