   9.6000000e+01   2.1200000e+02  -6.3434949e+01
   1.1200000e+02   2.7900000e+02   1.0843495e+02
   1.4400000e+02   2.3600000e+02  -9.0000000e+01
   1.5700000e+02   2.3400000e+02   8.0537678e+01
   1.5900000e+02   1.2200000e+02   1.4397263e+02
   1.6300000e+02   3.3100000e+02  -1.3772631e+02
   1.8500000e+02   2.6600000e+02  -1.0403624e+02
   2.0300000e+02   2.9400000e+02   1.6596376e+02
   2.0800000e+02   2.1700000e+02  -4.5000000e+01
   2.3400000e+02   3.0300000e+02   1.0843495e+02
   2.4100000e+02   1.3800000e+02   3.6869898e+01
   2.5200000e+02   2.1100000e+02   8.5236358e+01
   2.8300000e+02   1.3700000e+02   3.3690068e+01
   2.8900000e+02   1.0500000e+02   3.0256437e+01
   2.9200000e+02   3.3500000e+02  -9.9462322e+01
   2.9900000e+02   3.2500000e+02  -1.1261986e+02
   3.0400000e+02   1.6500000e+02  -1.3500000e+02
   8.5000000e+01   2.1200000e+02  -6.0000000e+01
   1.1800000e+02   1.8700000e+02  -6.0000000e+01
   1.3600000e+02   1.8600000e+02  -6.0000000e+01
   1.7300000e+02   2.7600000e+02   5.2000000e+01
   1.7400000e+02   3.0800000e+02  -1.3000000e+02
   1.7700000e+02   1.9400000e+02   9.4000000e+01
   1.7900000e+02   2.1900000e+02   9.0000000e+01
   2.0600000e+02   2.7200000e+02  -5.1000000e+01
   2.1800000e+02   3.0100000e+02  -5.7000000e+01
   2.2000000e+02   2.2400000e+02   1.2900000e+02
   2.2400000e+02   2.4900000e+02   1.2600000e+02
   2.2900000e+02   1.9400000e+02   7.5000000e+01
   2.3700000e+02   2.6700000e+02   1.1800000e+02
   2.4500000e+02   2.3500000e+02   1.0800000e+02
   2.5600000e+02   2.5900000e+02   1.0500000e+02
   2.6900000e+02   2.2600000e+02   5.9000000e+01
   2.8200000e+02   2.0600000e+02  -1.2400000e+02
   2.8800000e+02   2.5200000e+02  -1.1300000e+02
   2.9600000e+02   1.4300000e+02   4.5000000e+01
   3.0500000e+02   2.3100000e+02  -1.1300000e+02
