   9.6000000e+01   2.6200000e+02   1.0403624e+02
   1.4200000e+02   2.1300000e+02   8.5236358e+01
   1.5500000e+02   1.8900000e+02  -9.5194429e+01
   1.7000000e+02   2.4700000e+02  -9.9462322e+01
   1.7700000e+02   2.3800000e+02  -3.2471192e+01
   1.7700000e+02   2.6800000e+02  -4.7636417e+00
   1.8500000e+02   2.2200000e+02   1.8000000e+02
   1.8600000e+02   2.7600000e+02   1.6596376e+02
   1.8800000e+02   2.6100000e+02  -9.7125016e+01
   1.9400000e+02   1.9900000e+02  -4.5000000e+01
   2.0000000e+02   1.7900000e+02  -1.0669924e+02
   2.1700000e+02   2.8700000e+02   1.1261986e+02
   2.3000000e+02   1.2300000e+02   4.1987212e+01
   2.3700000e+02   1.9400000e+02   8.5236358e+01
   2.4100000e+02   3.4400000e+02  -3.9805571e+01
   2.4200000e+02   2.4700000e+02   9.4763642e+01
   2.5500000e+02   3.0900000e+02   9.4763642e+01
   2.6500000e+02   9.2000000e+01  -1.3801279e+02
   2.7000000e+02   3.2200000e+02  -9.9462322e+01
   2.7800000e+02   3.2300000e+02   3.9289407e+01
   2.8100000e+02   3.3500000e+02  -1.6596376e+02
   1.0400000e+02   1.6800000e+02  -5.7000000e+01
   1.5800000e+02   2.8800000e+02  -1.2700000e+02
   1.6500000e+02   2.0000000e+02   5.3000000e+01
   1.7400000e+02   2.8900000e+02  -2.3000000e+01
   1.7700000e+02   1.0400000e+02   1.6500000e+02
   1.7800000e+02   1.9800000e+02  -1.3200000e+02
   1.9100000e+02   2.5300000e+02  -5.1000000e+01
   2.0100000e+02   2.8400000e+02  -5.4000000e+01
   2.0600000e+02   2.0700000e+02   1.3500000e+02
   2.6800000e+02   2.4000000e+02   5.9000000e+01
