   4.6000000e+01   2.6300000e+02  -1.3198721e+02
   5.3000000e+01   2.7000000e+02   3.0256437e+01
   5.6000000e+01   1.6600000e+02   1.4397263e+02
   5.7000000e+01   2.2900000e+02   9.0000000e+01
   6.5000000e+01   2.7100000e+02  -1.3500000e+02
   1.2300000e+02   2.2700000e+02  -7.1565051e+01
   1.2500000e+02   6.6000000e+01  -1.4036243e+01
   1.2700000e+02   3.0400000e+02   1.5343495e+02
   1.4100000e+02   9.0000000e+01   1.5738014e+02
   1.5000000e+02   8.8000000e+01  -1.4036243e+01
   1.5200000e+02   1.7200000e+02  -1.0843495e+02
   1.7700000e+02   7.3000000e+01   1.8000000e+02
   1.8800000e+02   1.6800000e+02   1.2369007e+02
   2.0000000e+02   1.9600000e+02   1.2025644e+02
   2.2200000e+02   2.6200000e+02  -8.0537678e+01
   2.2500000e+02   1.8400000e+02   1.1261986e+02
   2.3500000e+02   1.3100000e+02   7.5963757e+01
   2.5200000e+02   7.3000000e+01  -1.4630993e+02
   4.9000000e+01   1.8100000e+02  -4.8000000e+01
   6.2000000e+01   1.8800000e+02  -5.7000000e+01
   7.0000000e+01   2.1500000e+02   9.0000000e+01
   7.2000000e+01   2.8000000e+02  -1.5800000e+02
   8.5000000e+01   2.3800000e+02  -1.0900000e+02
   9.6000000e+01   1.4900000e+02  -4.3000000e+01
   9.6000000e+01   2.4500000e+02   9.0000000e+00
   1.0500000e+02   1.0500000e+02  -2.7000000e+01
   1.0500000e+02   2.2300000e+02  -1.1300000e+02
   1.1300000e+02   2.1100000e+02   9.0000000e+00
   1.2000000e+02   1.5700000e+02   1.0800000e+02
   1.2000000e+02   1.8700000e+02   9.4000000e+01
   1.2100000e+02   1.1400000e+02  -2.7000000e+01
   1.2100000e+02   2.5400000e+02  -2.3000000e+01
   1.3000000e+02   2.2300000e+02  -2.3000000e+01
   1.3100000e+02   2.0100000e+02  -1.0000000e+01
   1.3600000e+02   1.1400000e+02  -2.7000000e+01
   1.5700000e+02   2.3500000e+02  -5.1000000e+01
   1.7300000e+02   1.4500000e+02   0.0000000e+00
   1.7300000e+02   2.3900000e+02  -5.4000000e+01
   1.7800000e+02   2.8100000e+02   1.2000000e+02
   1.8200000e+02   2.1100000e+02  -5.4000000e+01
   1.9700000e+02   1.6000000e+02   1.0800000e+02
   2.0200000e+02   8.8000000e+01  -1.5800000e+02
   2.0200000e+02   2.1900000e+02  -6.2000000e+01
   2.0600000e+02   3.7000000e+01  -1.7600000e+02
   2.1600000e+02   1.5600000e+02   1.1800000e+02
   2.2100000e+02   2.4800000e+02   1.0800000e+02
   2.2200000e+02   9.0000000e+01   4.7000000e+01
   2.2300000e+02   2.1100000e+02   1.2000000e+02
   2.3400000e+02   1.9900000e+02   9.9000000e+01
   2.3500000e+02   1.8800000e+02   9.5000000e+01
   2.4400000e+02   7.8000000e+01  -1.4400000e+02
   2.5300000e+02   1.9100000e+02   1.1200000e+02
   2.7500000e+02   2.0700000e+02  -1.0500000e+02
   2.8400000e+02   1.2600000e+02  -1.1700000e+02
