   8.6000000e+01   1.8400000e+02  -1.4036243e+01
   1.1400000e+02   1.3000000e+02  -8.0537678e+01
   1.2800000e+02   3.3300000e+02  -4.7636417e+00
   1.3600000e+02   1.6100000e+02  -1.6596376e+02
   1.4000000e+02   1.7600000e+02   9.4623222e+00
   1.4000000e+02   3.3200000e+02   1.7523636e+02
   1.4100000e+02   1.4600000e+02  -1.4974356e+02
   1.4800000e+02   1.6200000e+02   4.7636417e+00
   1.4900000e+02   3.3100000e+02   4.7636417e+00
   1.5100000e+02   3.0500000e+02   1.7428941e+02
   1.5300000e+02   2.6000000e+02  -1.4799462e+02
   1.5600000e+02   3.4000000e+01   7.5963757e+01
   1.6100000e+02   1.8700000e+02  -1.7053768e+02
   1.7000000e+02   1.8900000e+02   4.7636417e+00
   1.7200000e+02   1.5000000e+02   0.0000000e+00
   1.8000000e+02   2.3600000e+02   1.7523636e+02
   1.8300000e+02   1.4400000e+02  -1.7523636e+02
   1.8400000e+02   2.1700000e+02  -1.7523636e+02
   1.8900000e+02   1.9000000e+02   1.8000000e+02
   1.9900000e+02   1.9100000e+02  -4.7636417e+00
   2.0100000e+02   2.2200000e+02   1.7053768e+02
   2.1000000e+02   2.2000000e+02   7.8690068e+01
   2.1500000e+02   6.1000000e+01   1.3198721e+02
   2.1900000e+02   2.0900000e+02   1.7523636e+02
   2.3600000e+02   1.0400000e+02   1.0843495e+02
   2.3700000e+02   1.5800000e+02  -3.6869898e+01
   2.4300000e+02   1.8900000e+02  -2.4443955e+01
   2.4800000e+02   1.9600000e+02   1.7523636e+02
   2.5400000e+02   1.8400000e+02   1.5555605e+02
   2.7600000e+02   1.2800000e+02   9.4763642e+01
   7.0000000e+01   1.2300000e+02   1.2900000e+02
   7.3000000e+01   1.9600000e+02   1.5700000e+02
   8.6000000e+01   2.4000000e+01   1.1800000e+02
   8.7000000e+01   1.3500000e+02   1.3200000e+02
   9.0000000e+01   9.6000000e+01   1.2300000e+02
   1.1400000e+02   2.3900000e+02   1.7000000e+02
   1.1800000e+02   6.5000000e+01   1.0800000e+02
   1.1900000e+02   8.3000000e+01   1.0800000e+02
   1.2300000e+02   1.3100000e+02   4.1000000e+01
   1.2800000e+02   4.2000000e+01   9.9000000e+01
   1.3300000e+02   8.1000000e+01  -9.5000000e+01
   1.3600000e+02   3.0000000e+01   9.9000000e+01
   1.5300000e+02   1.1000000e+02  -1.2100000e+02
   1.5500000e+02   9.8000000e+01   5.0000000e+01
   1.5600000e+02   5.7000000e+01  -1.0900000e+02
   1.6000000e+02   2.4000000e+01  -1.0000000e+02
   1.6600000e+02   1.5000000e+01  -9.0000000e+01
   1.7800000e+02   1.0800000e+02  -1.3500000e+02
   1.8700000e+02   8.5000000e+01  -1.4400000e+02
   1.8800000e+02   6.9000000e+01  -2.3000000e+01
   1.9300000e+02   1.0700000e+02  -2.3000000e+01
   1.9400000e+02   1.4800000e+02   1.7000000e+02
   1.9700000e+02   6.6000000e+01   1.8000000e+02
   2.0800000e+02   7.1000000e+01  -5.6000000e+01
   2.1900000e+02   2.3000000e+01   1.2600000e+02
   2.2000000e+02   1.0100000e+02  -5.7000000e+01
   2.3700000e+02   6.6000000e+01   1.1200000e+02
   2.4500000e+02   3.2000000e+01   1.0800000e+02
   2.5600000e+02   5.9000000e+01   1.0400000e+02
   2.6900000e+02   2.7000000e+01   6.3000000e+01
