   1.3600000e+02   2.7500000e+02   1.2499202e+02
   1.3600000e+02   2.9500000e+02  -7.1565051e+01
   2.1100000e+02   3.5500000e+02  -1.7053768e+02
   2.1900000e+02   3.5700000e+02   4.7636417e+00
   2.2000000e+02   1.6000000e+01   1.6596376e+02
   2.2500000e+02   2.3300000e+02  -3.6869898e+01
   2.4200000e+02   1.9500000e+02   0.0000000e+00
   2.5600000e+02   5.4000000e+01   1.7053768e+02
   2.6400000e+02   3.2700000e+02  -3.3690068e+01
   2.6600000e+02   4.3000000e+01   0.0000000e+00
   2.6700000e+02   3.6000000e+02  -1.8434949e+01
   2.8900000e+02   3.3600000e+02  -3.6869898e+01
   3.0600000e+02   2.9800000e+02   1.0403624e+02
   3.0900000e+02   2.8000000e+02   8.5236358e+01
   3.1800000e+02   1.0700000e+02   3.9805571e+01
   8.4000000e+01   1.6900000e+02  -4.8000000e+01
   1.0100000e+02   2.4000000e+02   1.2900000e+02
   1.0200000e+02   3.5700000e+02  -1.5000000e+01
   1.0700000e+02   1.3100000e+02   1.3500000e+02
   1.0700000e+02   1.8700000e+02   1.2900000e+02
   1.1300000e+02   2.5800000e+02   1.3100000e+02
   1.2100000e+02   1.1500000e+02  -4.3000000e+01
   1.4500000e+02   2.5100000e+02   1.1400000e+02
   1.5100000e+02   1.7000000e+02  -6.2000000e+01
   1.6900000e+02   1.6700000e+02  -5.2000000e+01
   1.7800000e+02   2.8100000e+02  -1.3500000e+02
   1.8400000e+02   2.0300000e+02  -9.0000000e+01
   1.8500000e+02   3.5000000e+01  -4.0000000e+01
   1.9200000e+02   2.0200000e+02  -9.0000000e+01
   1.9400000e+02   5.7000000e+01   1.4600000e+02
   1.9800000e+02   1.0800000e+02  -3.4000000e+01
   2.0000000e+02   1.2400000e+02  -3.4000000e+01
   2.0000000e+02   1.8700000e+02   9.0000000e+01
   2.0500000e+02   2.8100000e+02  -1.3500000e+02
   2.1000000e+02   3.0900000e+02  -1.0000000e+01
   2.1800000e+02   1.8900000e+02  -9.0000000e+01
   2.2000000e+02   3.1500000e+02   1.6500000e+02
   2.2100000e+02   2.8100000e+02  -1.9000000e+01
   2.2300000e+02   1.0300000e+02   1.5700000e+02
   2.2700000e+02   1.7400000e+02   1.0400000e+02
   2.2800000e+02   2.4300000e+02   1.7400000e+02
   2.3900000e+02   2.4600000e+02  -4.3000000e+01
   2.4000000e+02   9.2000000e+01   4.0000000e+00
   2.4900000e+02   6.5000000e+01   1.7500000e+02
   2.5000000e+02   1.5700000e+02  -1.4700000e+02
   2.5000000e+02   2.7300000e+02  -5.4000000e+01
   2.5500000e+02   2.0100000e+02  -7.2000000e+01
   2.6300000e+02   1.7100000e+02   7.0000000e+01
   2.7100000e+02   2.3800000e+02   1.2200000e+02
   2.7300000e+02   1.0800000e+02  -1.5800000e+02
   2.7600000e+02   1.4500000e+02  -1.3800000e+02
   2.8100000e+02   2.1000000e+02   1.1200000e+02
   2.8500000e+02   4.2000000e+01   1.8000000e+01
   2.8500000e+02   2.5200000e+02   1.0400000e+02
   2.9000000e+02   2.3100000e+02   1.0800000e+02
   2.9600000e+02   1.5800000e+02  -1.2100000e+02
   3.0700000e+02   2.4400000e+02  -9.0000000e+01
   3.1100000e+02   7.3000000e+01  -1.5400000e+02
   3.1800000e+02   1.7900000e+02  -1.1700000e+02
   3.2000000e+02   2.6300000e+02   6.7000000e+01
   3.2100000e+02   2.2800000e+02   6.3000000e+01
   3.2400000e+02   2.1300000e+02  -1.0500000e+02
   3.2900000e+02   2.6100000e+02  -1.1900000e+02
   3.3200000e+02   1.1600000e+02   5.0000000e+01
   3.3200000e+02   1.4400000e+02  -1.2700000e+02
   3.4000000e+02   2.1100000e+02  -1.0500000e+02
