   7.0000000e+01   2.9100000e+02  -4.7726311e+01
   8.2000000e+01   3.5100000e+02   0.0000000e+00
   8.4000000e+01   3.3400000e+02  -4.7636417e+00
   9.8000000e+01   3.1500000e+02  -4.7636417e+00
   1.1500000e+02   2.8500000e+02  -7.1565051e+01
   1.1900000e+02   2.6900000e+02   9.9462322e+01
   1.3800000e+02   3.3200000e+02   9.4623222e+00
   1.4100000e+02   3.0200000e+02  -1.4071059e+02
   1.4700000e+02   1.1600000e+02   1.2686990e+02
   1.5400000e+02   1.0800000e+02  -5.0194429e+01
   1.5700000e+02   3.0100000e+02  -1.2928941e+02
   1.5900000e+02   2.2500000e+02   7.1565051e+01
   1.6000000e+02   3.4400000e+02  -1.7053768e+02
   1.6300000e+02   3.0700000e+02  -1.6156505e+02
   1.6600000e+02   8.0000000e+01   1.4071059e+02
   1.6800000e+02   3.4600000e+02   4.7636417e+00
   1.7400000e+02   3.0800000e+02   0.0000000e+00
   1.8500000e+02   3.0200000e+02  -1.7523636e+02
   1.8600000e+02   3.4700000e+02   1.8000000e+02
   1.9800000e+02   3.4800000e+02   0.0000000e+00
   2.3200000e+02   1.5300000e+02   9.0000000e+01
   2.3700000e+02   3.1500000e+02  -3.6869898e+01
   2.3800000e+02   2.6200000e+02   1.0843495e+02
   2.4700000e+02   9.3000000e+01   3.9805571e+01
   2.5800000e+02   1.6500000e+02   8.5236358e+01
   2.7700000e+02   2.8700000e+02   9.4763642e+01
   7.9000000e+01   3.4300000e+02  -5.0000000e+00
   9.3000000e+01   2.4400000e+02   1.2600000e+02
   1.2300000e+02   2.1900000e+02   1.1200000e+02
   1.2400000e+02   2.3700000e+02   1.1400000e+02
   1.2500000e+02   2.8700000e+02   1.4900000e+02
   1.2600000e+02   1.4600000e+02  -5.7000000e+01
   1.3700000e+02   2.3600000e+02  -9.0000000e+01
   1.4300000e+02   1.8700000e+02   9.4000000e+01
   1.5600000e+02   2.6800000e+02  -1.1700000e+02
   1.5700000e+02   1.3800000e+02   1.1800000e+02
   1.5800000e+02   2.5600000e+02  -1.1500000e+02
   1.7200000e+02   9.9000000e+01  -3.4000000e+01
   1.8100000e+02   2.6700000e+02  -1.3300000e+02
   1.9400000e+02   7.7000000e+01   1.5100000e+02
   1.9500000e+02   2.6700000e+02  -2.3000000e+01
   1.9500000e+02   3.0600000e+02   1.6500000e+02
   2.0100000e+02   2.1200000e+02  -4.0000000e+01
   2.1200000e+02   2.2900000e+02  -4.8000000e+01
   2.1300000e+02   6.7000000e+01   1.4000000e+01
   2.2000000e+02   4.3000000e+01   1.8000000e+02
   2.2300000e+02   2.5900000e+02  -5.7000000e+01
   2.2400000e+02   1.6400000e+02   1.0400000e+02
   2.2700000e+02   1.8200000e+02   1.2900000e+02
   2.3100000e+02   2.0400000e+02  -7.2000000e+01
   2.4200000e+02   2.2300000e+02   1.1600000e+02
   2.4800000e+02   1.2500000e+02  -1.3300000e+02
   2.5200000e+02   1.8800000e+02   1.1200000e+02
   2.6100000e+02   2.1600000e+02   1.0400000e+02
   2.7500000e+02   1.8300000e+02   6.7000000e+01
   2.7700000e+02   2.2900000e+02   9.9000000e+01
   2.8500000e+02   1.3900000e+02  -1.1700000e+02
   2.8800000e+02   1.6500000e+02  -1.1300000e+02
