   1.4200000e+02   2.0600000e+02  -5.0194429e+01
   1.5200000e+02   2.6200000e+02  -2.2619865e+01
   1.8700000e+02   2.5300000e+02  -2.2619865e+01
   1.9600000e+02   2.9200000e+02   0.0000000e+00
   2.1000000e+02   2.2500000e+02  -5.3130102e+01
   2.2600000e+02   6.4000000e+01  -1.7053768e+02
   2.2600000e+02   2.1100000e+02  -5.3130102e+01
   2.2700000e+02   7.9000000e+01   5.6309932e+01
   2.3600000e+02   3.3500000e+02   1.8000000e+02
   2.3700000e+02   3.1600000e+02  -1.7480557e+02
   2.4300000e+02   2.8900000e+02  -4.7636417e+00
   2.4400000e+02   1.9500000e+02   1.0525512e+02
   2.5700000e+02   2.1400000e+02  -1.4974356e+02
   2.9100000e+02   2.3900000e+02  -1.3772631e+02
   3.0700000e+02   8.8000000e+01  -1.1656505e+02
   1.4000000e+02   2.6000000e+02   1.6500000e+02
   1.4700000e+02   2.7100000e+02   1.8000000e+02
   1.6200000e+02   6.3000000e+01   1.2000000e+02
   1.6500000e+02   2.4600000e+02   1.4700000e+02
   1.7200000e+02   2.9700000e+02   1.8000000e+02
   1.7700000e+02   1.8500000e+02   1.2600000e+02
   1.8200000e+02   8.9000000e+01   1.2600000e+02
   1.8600000e+02   1.3000000e+02   1.2600000e+02
   1.8700000e+02   9.8000000e+01   1.2900000e+02
   1.8800000e+02   1.8400000e+02   1.2600000e+02
   1.9700000e+02   1.6500000e+02  -8.1000000e+01
   2.0600000e+02   4.7000000e+01   1.5700000e+02
   2.1000000e+02   2.8000000e+01   1.6100000e+02
   2.1100000e+02   1.6300000e+02   1.2000000e+02
   2.1400000e+02   1.3300000e+02   8.1000000e+01
   2.2200000e+02   1.2100000e+02  -1.6800000e+02
   2.2500000e+02   3.3700000e+02   1.7500000e+02
   2.3400000e+02   1.7000000e+02   1.1600000e+02
   2.4200000e+02   1.3900000e+02  -1.0900000e+02
   2.4200000e+02   2.0600000e+02   1.4300000e+02
   2.4400000e+02   1.7800000e+02   1.0800000e+02
   2.5000000e+02   2.4900000e+02   1.6500000e+02
   2.5800000e+02   2.4900000e+02   1.4000000e+01
   2.7200000e+02   3.0400000e+02  -1.7100000e+02
   2.7800000e+02   6.9000000e+01   5.3000000e+01
   2.7800000e+02   2.5300000e+02   2.4000000e+01
