   9.5000000e+01   3.2700000e+02   1.6596376e+02
   1.0100000e+02   3.6000000e+02  -9.4623222e+00
   1.4500000e+02   1.9000000e+02  -4.5000000e+01
   1.5500000e+02   3.4900000e+02  -1.8434949e+01
   1.9600000e+02   1.6400000e+02  -3.6869898e+01
   2.0000000e+02   1.2200000e+02   1.4752881e+02
   2.1500000e+02   3.5000000e+02  -4.2510447e+01
   2.5400000e+02   3.2900000e+02   1.2499202e+02
   2.6400000e+02   3.5200000e+02  -1.4134019e+02
   1.2500000e+02   2.2600000e+02   1.3700000e+02
   1.3500000e+02   2.1800000e+02  -4.9000000e+01
   1.4900000e+02   2.8200000e+02   1.4000000e+02
   1.8200000e+02   3.2400000e+02   1.4600000e+02
   1.9000000e+02   3.1700000e+02   1.4000000e+02
   1.9100000e+02   2.4700000e+02   1.2600000e+02
   2.0900000e+02   2.9800000e+02   1.3500000e+02
   2.1100000e+02   2.7300000e+02  -5.5000000e+01
   2.1300000e+02   2.1200000e+02   1.3200000e+02
   2.2600000e+02   1.6500000e+02   1.4000000e+02
   2.3700000e+02   1.5400000e+02  -1.0000000e+01
   2.3800000e+02   2.1800000e+02   1.7000000e+02
   2.4000000e+02   2.1000000e+02   1.6100000e+02
   2.4300000e+02   1.2400000e+02   1.6100000e+02
   2.4400000e+02   3.3000000e+02   1.3700000e+02
   2.4600000e+02   1.7700000e+02   1.7000000e+02
   2.4900000e+02   3.0200000e+02  -6.8000000e+01
   2.5000000e+02   2.3100000e+02   7.1000000e+01
   2.5800000e+02   3.1000000e+02   1.1600000e+02
   2.5900000e+02   3.5900000e+02  -1.5400000e+02
