   8.9000000e+01   1.1900000e+02   1.1261986e+02
   9.0000000e+01   2.3500000e+02  -4.7726311e+01
   9.4000000e+01   1.0600000e+02  -6.7380135e+01
   9.5000000e+01   3.4100000e+02  -2.6565051e+01
   1.0100000e+02   9.6000000e+01  -6.0945396e+01
   1.1500000e+02   3.5900000e+02  -1.4036243e+01
   1.3600000e+02   1.2500000e+02  -5.0194429e+01
   1.7100000e+02   1.0700000e+02   1.3772631e+02
   1.8100000e+02   3.3100000e+02  -2.6565051e+01
   1.9600000e+02   7.0000000e+01   1.6596376e+02
   2.0300000e+02   3.0000000e+02  -5.6309932e+01
   2.1800000e+02   2.8600000e+02  -5.6309932e+01
   2.3500000e+02   2.7200000e+02   1.0843495e+02
   2.4400000e+02   1.4300000e+02   5.0710593e+01
   2.5100000e+02   2.9000000e+02  -1.5343495e+02
   1.2500000e+02   2.2400000e+02  -6.0000000e+01
   1.4500000e+02   1.4300000e+02   1.2000000e+02
   1.4700000e+02   2.6300000e+02   1.2000000e+02
   1.5900000e+02   3.2400000e+02   1.4600000e+02
   1.6100000e+02   2.9900000e+02   1.3800000e+02
   1.6500000e+02   2.4600000e+02   1.1200000e+02
   1.7000000e+02   7.5000000e+01   1.4300000e+02
   1.7600000e+02   2.6200000e+02   1.2300000e+02
   1.8900000e+02   1.2500000e+02   1.5700000e+02
   2.0500000e+02   2.6400000e+02   1.1200000e+02
   2.2100000e+02   1.0900000e+02  -1.6800000e+02
   2.2300000e+02   2.4500000e+02   1.1600000e+02
   2.3400000e+02   2.5100000e+02   6.7000000e+01
   2.4300000e+02   2.4800000e+02  -1.0500000e+02
   2.5300000e+02   3.2400000e+02   4.0000000e+00
