   2.6000000e+01   3.2600000e+02   4.7636417e+00
   3.0000000e+01   2.7300000e+02  -9.4623222e+00
   8.2000000e+01   3.2700000e+02  -4.7636417e+00
   8.6000000e+01   1.6500000e+02  -3.4992020e+01
   8.7000000e+01   2.9700000e+02  -3.0256437e+01
   1.4100000e+02   3.4300000e+02  -2.6565051e+01
   1.6000000e+02   3.3800000e+02  -2.6565051e+01
   1.7100000e+02   1.5500000e+02  -2.2619865e+01
   1.8500000e+02   1.1700000e+02   1.6156505e+02
   1.9200000e+02   3.4200000e+02  -1.0525512e+02
   1.9900000e+02   1.0200000e+02  -1.4036243e+01
   2.1700000e+02   2.1800000e+02   7.1565051e+01
   2.2800000e+02   1.2800000e+02   0.0000000e+00
   2.5800000e+02   1.4800000e+02  -1.5343495e+02
   5.6000000e+01   2.1200000e+02   1.5700000e+02
   7.8000000e+01   1.8100000e+02   1.6100000e+02
   9.2000000e+01   3.4500000e+02   1.8000000e+02
   1.2000000e+02   1.8900000e+02   1.4300000e+02
   1.5400000e+02   3.5600000e+02   1.7000000e+02
   1.6500000e+02   2.8600000e+02   1.3800000e+02
   1.7200000e+02   2.7900000e+02  -6.4000000e+01
   1.7300000e+02   2.0600000e+02   1.4600000e+02
   1.8500000e+02   3.0500000e+02  -6.0000000e+01
   1.9100000e+02   3.1500000e+02   1.2900000e+02
   2.0300000e+02   3.1300000e+02   1.0800000e+02
   2.0500000e+02   2.4200000e+02   4.5000000e+01
   2.1500000e+02   1.8000000e+02  -1.7600000e+02
   2.2700000e+02   2.0400000e+02   6.1000000e+01
