   9.4000000e+01   2.5200000e+02  -2.2619865e+01
   1.6700000e+02   3.2000000e+02  -1.7287498e+02
   1.7700000e+02   3.3200000e+02   1.8000000e+02
   1.8500000e+02   2.9300000e+02   0.0000000e+00
   1.8500000e+02   3.3300000e+02   0.0000000e+00
   2.0900000e+02   3.2400000e+02  -1.7053768e+02
   2.8700000e+02   2.0300000e+02  -1.0403624e+02
   3.0000000e+02   2.0000000e+02  -1.2096376e+02
   3.1200000e+02   4.3000000e+01   5.0710593e+01
   8.7000000e+01   1.6800000e+02   1.2500000e+02
   1.1800000e+02   7.6000000e+01   1.3800000e+02
   1.2400000e+02   2.7000000e+02   1.6500000e+02
   1.3600000e+02   2.7900000e+02   1.6500000e+02
   1.4800000e+02   3.3100000e+02   1.8000000e+02
   1.5600000e+02   3.3200000e+02   0.0000000e+00
   1.6700000e+02   2.8400000e+02   1.7500000e+02
   1.7700000e+02   2.8400000e+02  -1.0000000e+01
   1.8200000e+02   3.2100000e+02   1.8000000e+02
   2.0100000e+02   1.2100000e+02  -1.7000000e+02
   2.0500000e+02   2.3200000e+02  -1.9000000e+01
   2.0500000e+02   3.3300000e+02   1.8000000e+02
   2.0900000e+02   2.6900000e+02  -1.6600000e+02
   2.1700000e+02   2.4700000e+02   1.5300000e+02
   2.1700000e+02   2.6900000e+02   0.0000000e+00
   2.2200000e+02   2.5700000e+02   1.7000000e+02
   2.2600000e+02   1.7400000e+02   1.2300000e+02
   2.3000000e+02   7.7000000e+01   4.5000000e+01
   2.3300000e+02   3.2100000e+02  -1.7600000e+02
   2.3500000e+02   3.0700000e+02  -1.7100000e+02
   2.3600000e+02   2.2900000e+02   1.6100000e+02
   2.4900000e+02   1.1600000e+02  -1.0900000e+02
   2.5000000e+02   2.0000000e+02   1.1200000e+02
   2.5000000e+02   3.0900000e+02   3.3000000e+01
   2.5100000e+02   2.9600000e+02  -1.7600000e+02
   2.5400000e+02   2.8300000e+02  -1.7600000e+02
   2.5800000e+02   4.1000000e+01  -1.5400000e+02
   2.5800000e+02   3.1200000e+02   9.0000000e+00
   2.6600000e+02   2.8500000e+02   2.2000000e+01
   2.7500000e+02   2.6300000e+02   2.6000000e+01
   2.8100000e+02   2.7900000e+02   2.1000000e+01
   2.9000000e+02   7.8000000e+01   5.6000000e+01
   3.1500000e+02   5.9000000e+01  -1.3000000e+02
   3.1600000e+02   1.9100000e+02  -1.1700000e+02
