   1.0400000e+02   2.7300000e+02  -2.2619865e+01
   1.2000000e+02   1.9600000e+02  -5.9743563e+01
   1.3200000e+02   2.8100000e+02  -1.8434949e+01
   1.3500000e+02   3.4000000e+01  -4.5000000e+01
   1.6700000e+02   2.4000000e+02  -2.6565051e+01
   1.6700000e+02   3.3100000e+02  -4.7636417e+00
   1.8800000e+02   2.1100000e+02  -5.3972627e+01
   2.0400000e+02   6.4000000e+01   5.9743563e+01
   2.4000000e+02   2.0200000e+02  -1.4974356e+02
   2.4200000e+02   5.6000000e+01   6.3434949e+01
   2.9200000e+02   2.4100000e+02  -1.5343495e+02
   1.4800000e+02   2.3100000e+02   1.3700000e+02
   1.5800000e+02   7.7000000e+01   1.2600000e+02
   1.6400000e+02   8.4000000e+01   1.2900000e+02
   1.6800000e+02   1.3600000e+02  -6.7000000e+01
   1.7300000e+02   1.5200000e+02   1.1200000e+02
   1.8500000e+02   5.8000000e+01   1.4900000e+02
   1.8800000e+02   3.3000000e+01   1.6000000e+02
   1.9100000e+02   1.1900000e+02   8.2000000e+01
   1.9300000e+02   1.7400000e+02   1.1600000e+02
   2.0300000e+02   1.5500000e+02   1.1600000e+02
   2.0600000e+02   5.0000000e+01   3.6000000e+01
   2.0800000e+02   3.2800000e+02   1.7500000e+02
   2.1300000e+02   1.5600000e+02   1.2000000e+02
   2.2000000e+02   1.2500000e+02  -1.0900000e+02
   2.2300000e+02   1.9200000e+02   1.4600000e+02
   2.2500000e+02   1.6500000e+02   7.1000000e+01
   2.2800000e+02   1.8000000e+02   5.7000000e+01
   2.3200000e+02   2.3500000e+02   1.6500000e+02
   2.3600000e+02   1.6200000e+02  -1.0500000e+02
   2.4000000e+02   2.3700000e+02   9.0000000e+00
   2.5800000e+02   5.9000000e+01   5.6000000e+01
   2.5900000e+02   2.4000000e+02   1.9000000e+01
   2.7100000e+02   2.3100000e+02   2.6000000e+01
   2.8200000e+02   2.9800000e+02  -1.6100000e+02
   2.8900000e+02   2.1700000e+02   3.6000000e+01
