   8.9000000e+01   2.1100000e+02   1.2787498e+02
   9.2000000e+01   2.8600000e+02  -1.5255119e+01
   9.7000000e+01   2.0500000e+02  -4.8012788e+01
   9.7000000e+01   2.2600000e+02  -3.9289407e+01
   9.9000000e+01   1.6600000e+02   1.2865981e+02
   1.0300000e+02   2.8300000e+02   1.6474488e+02
   1.0500000e+02   1.4300000e+02  -5.6309932e+01
   1.0500000e+02   1.5400000e+02  -5.1340192e+01
   1.1000000e+02   2.2500000e+02  -2.6565051e+01
   1.1300000e+02   1.6200000e+02   1.3227369e+02
   1.1800000e+02   1.5000000e+02  -5.6309932e+01
   1.1900000e+02   9.8000000e+01  -5.2125016e+01
   1.2200000e+02   2.2800000e+02  -4.2510447e+01
   1.2400000e+02   1.5900000e+02   1.2928941e+02
   1.2700000e+02   1.5000000e+02  -5.6309932e+01
   1.3400000e+02   1.5600000e+02   1.2602737e+02
   1.3800000e+02   1.4600000e+02  -5.7528808e+01
   1.4800000e+02   1.4300000e+02  -4.8814075e+01
   1.8600000e+02   2.3300000e+02  -4.7726311e+01
   1.8900000e+02   1.8800000e+02   1.2369007e+02
   1.8900000e+02   2.6800000e+02   1.4799462e+02
   2.0200000e+02   2.2300000e+02  -4.8366461e+01
   2.3100000e+02   2.1600000e+02  -1.1861046e+02
   2.3200000e+02   2.0600000e+02  -9.9462322e+01
   9.2000000e+01   2.7600000e+02   1.6500000e+02
   2.1100000e+02   1.8300000e+02   1.2200000e+02
   2.1400000e+02   2.2200000e+02   9.0000000e+00
