   9.3000000e+01   2.3600000e+02  -4.5000000e+01
   9.9000000e+01   2.1100000e+02   1.4630993e+02
   9.9000000e+01   2.2800000e+02  -2.6565051e+01
   1.1200000e+02   1.6300000e+02   1.3500000e+02
   1.1500000e+02   1.5500000e+02  -4.5000000e+01
   1.2200000e+02   2.1900000e+02  -5.0194429e+01
   1.2400000e+02   2.3100000e+02  -3.3690068e+01
   1.2700000e+02   2.7700000e+02  -2.2619865e+01
   1.3700000e+02   6.4000000e+01  -5.0194429e+01
   1.5600000e+02   5.8000000e+01  -3.9805571e+01
   1.8400000e+02   2.9600000e+02   1.6330076e+02
   1.9000000e+02   2.4100000e+02  -4.5000000e+01
   2.0600000e+02   2.3100000e+02  -4.5000000e+01
   2.0700000e+02   6.5000000e+01   0.0000000e+00
   2.1900000e+02   1.0100000e+02   5.6309932e+01
   2.2600000e+02   2.0300000e+02   1.1261986e+02
   2.2900000e+02   2.8900000e+02   1.1309932e+01
   2.4500000e+02   2.9100000e+02  -1.6474488e+02
   2.7500000e+02   2.2000000e+02  -1.0403624e+02
   2.8000000e+02   1.6900000e+02  -1.0403624e+02
   2.8000000e+02   1.7800000e+02   6.5556045e+01
   2.8100000e+02   2.0400000e+02  -1.0998311e+02
   1.1200000e+02   2.5200000e+02   1.5300000e+02
   1.2000000e+02   1.9900000e+02   1.2900000e+02
   1.2100000e+02   1.8600000e+02   1.2600000e+02
   1.6400000e+02   1.8200000e+02   1.2600000e+02
   1.7600000e+02   1.1800000e+02   1.3500000e+02
   1.7700000e+02   1.6700000e+02  -6.1000000e+01
   2.1800000e+02   1.9200000e+02   1.2300000e+02
   2.1900000e+02   2.3100000e+02   1.0000000e+01
