   1.4700000e+02   2.1300000e+02   1.1905460e+02
   1.6300000e+02   2.9700000e+02  -4.2273689e+01
   1.7200000e+02   2.4100000e+02  -5.3972627e+01
   1.8100000e+02   1.7700000e+02  -1.4036243e+01
   1.8500000e+02   1.2200000e+02   1.6156505e+02
   1.8800000e+02   2.1300000e+02   1.0525512e+02
   2.0100000e+02   1.2900000e+02   6.0255119e+01
   2.0400000e+02   3.0900000e+02  -1.5255119e+01
   2.2100000e+02   2.8200000e+02  -1.7523636e+02
   2.2600000e+02   2.2900000e+02  -1.2980557e+02
   2.2700000e+02   2.3900000e+02  -1.4313010e+02
   2.3300000e+02   1.1300000e+02   3.0256437e+01
   2.3400000e+02   2.2100000e+02  -1.1261986e+02
   2.4300000e+02   1.1300000e+02  -1.4974356e+02
   2.4700000e+02   3.2700000e+02   1.7287498e+02
   2.4800000e+02   3.1700000e+02  -5.7105931e+00
   2.4900000e+02   2.2600000e+02  -1.2369007e+02
   2.5000000e+02   2.7500000e+02   0.0000000e+00
   2.7200000e+02   2.3600000e+02   6.3434949e+01
   2.9800000e+02   9.9000000e+01  -1.2369007e+02
   3.0400000e+02   2.1900000e+02   5.9743563e+01
   3.1000000e+02   2.4300000e+02  -1.3227369e+02
   3.1400000e+02   1.9900000e+02  -1.2499202e+02
   3.1600000e+02   2.2300000e+02  -1.2025644e+02
   1.5500000e+02   2.1400000e+02   1.3500000e+02
   1.7100000e+02   2.2800000e+02  -5.8000000e+01
   2.0100000e+02   2.4700000e+02   1.4600000e+02
   2.0800000e+02   1.3400000e+02   3.0000000e+01
   2.1500000e+02   1.8600000e+02  -1.3800000e+02
   2.6200000e+02   2.0000000e+02   6.1000000e+01
