   1.1300000e+02   1.6000000e+02   1.7053768e+02
   1.2300000e+02   1.3600000e+02   1.8000000e+02
   1.2700000e+02   1.7000000e+02   5.7105931e+00
   1.3700000e+02   1.7100000e+02  -1.7428941e+02
   1.5100000e+02   2.0000000e+02  -1.2686990e+02
   1.5700000e+02   1.5200000e+02   2.6565051e+01
   1.5700000e+02   2.6700000e+02  -1.3500000e+02
   1.8300000e+02   2.6800000e+02  -1.2980557e+02
   2.4000000e+02   1.1000000e+02   5.0194429e+01
   2.6700000e+02   1.7900000e+02  -1.3227369e+02
   1.2600000e+02   2.7000000e+02  -3.6000000e+01
   1.8100000e+02   1.7900000e+02  -1.3500000e+02
   1.8900000e+02   1.9400000e+02   6.3000000e+01
   1.9300000e+02   2.3900000e+02   5.9000000e+01
   2.0400000e+02   2.9600000e+02   4.5000000e+01
   2.1900000e+02   2.6800000e+02  -1.2400000e+02
   2.3000000e+02   2.5100000e+02   5.0000000e+01
   2.8500000e+02   2.3500000e+02  -1.3900000e+02
