   1.0200000e+02   1.2700000e+02   1.6596376e+02
   1.1600000e+02   1.3400000e+02   5.3130102e+01
   1.2900000e+02   2.9200000e+02  -1.7053768e+02
   1.3600000e+02   2.3900000e+02  -1.2686990e+02
   1.4400000e+02   2.3200000e+02  -1.0843495e+02
   1.4800000e+02   1.1900000e+02   3.9289407e+01
   1.5500000e+02   1.6000000e+02  -1.2787498e+02
   1.7000000e+02   2.1300000e+02  -1.1261986e+02
   1.7600000e+02   1.6300000e+02  -1.0843495e+02
   1.7700000e+02   3.1300000e+02   1.8434949e+01
   2.2600000e+02   3.1800000e+02  -1.6596376e+02
   2.4000000e+02   9.2000000e+01   6.7380135e+01
   2.4400000e+02   2.7700000e+02  -1.4630993e+02
   2.4500000e+02   1.9400000e+02  -1.2025644e+02
   2.4900000e+02   2.0400000e+02   4.1633539e+01
   2.5000000e+02   3.4600000e+02  -1.7053768e+02
   2.5500000e+02   1.6400000e+02  -1.2369007e+02
   2.7200000e+02   2.5200000e+02  -1.4630993e+02
   8.4000000e+01   1.9800000e+02  -3.7000000e+01
   1.6100000e+02   2.7700000e+02   4.8000000e+01
   1.9100000e+02   3.1800000e+02  -1.6200000e+02
   1.9500000e+02   4.8000000e+01   4.5000000e+01
   2.0900000e+02   2.2800000e+02   5.3000000e+01
   2.1900000e+02   3.3300000e+02  -1.6600000e+02
   2.2800000e+02   1.4100000e+02  -1.2700000e+02
   2.4100000e+02   3.0500000e+02   1.8000000e+01
   2.4800000e+02   1.0700000e+02  -1.2400000e+02
   2.5700000e+02   2.4200000e+02  -1.3900000e+02
