   6.8000000e+01   4.6000000e+01   4.7636417e+00
   9.1000000e+01   1.3800000e+02   1.3500000e+02
   1.1500000e+02   1.9100000e+02  -4.5000000e+01
   1.6700000e+02   3.2200000e+02  -8.5236358e+01
   1.7100000e+02   1.2900000e+02  -1.5138954e+02
   1.7700000e+02   3.4000000e+01   2.4443955e+01
   2.0600000e+02   3.0000000e+02  -3.3690068e+01
   2.3700000e+02   8.1000000e+01  -1.5738014e+02
   2.4000000e+02   1.0900000e+02   2.3962489e+01
   2.6200000e+02   2.7300000e+02   1.5738014e+02
   2.8900000e+02   2.8900000e+02   1.3500000e+02
   2.9400000e+02   1.8800000e+02   1.7523636e+02
   1.0300000e+02   7.5000000e+01   1.7000000e+02
   1.0700000e+02   2.1400000e+02   9.0000000e+01
   1.1200000e+02   2.5000000e+01   1.8000000e+01
   1.2200000e+02   1.1300000e+02   1.8000000e+02
   1.3700000e+02   2.5000000e+02  -6.6000000e+01
   1.4000000e+02   1.0800000e+02   2.2000000e+01
   1.4200000e+02   2.5900000e+02   1.0400000e+02
   1.5700000e+02   1.2400000e+02  -1.5800000e+02
   1.7000000e+02   1.1200000e+02  -1.5800000e+02
   1.8200000e+02   2.1400000e+02   2.6000000e+01
   2.1400000e+02   2.8400000e+02  -2.3000000e+01
   2.2400000e+02   1.7000000e+02   2.6000000e+01
   2.2400000e+02   2.3500000e+02   1.8000000e+01
   2.3400000e+02   2.1800000e+02   2.2000000e+01
   2.3600000e+02   1.8600000e+02  -1.5800000e+02
   2.4500000e+02   2.7900000e+02  -2.7000000e+01
   2.5200000e+02   2.2500000e+02   0.0000000e+00
   2.8800000e+02   1.5900000e+02  -1.7600000e+02
   2.8900000e+02   1.7100000e+02  -1.7600000e+02
