   9.7000000e+01   6.3000000e+01  -2.0556045e+01
   1.0500000e+02   6.0000000e+01   1.5944395e+02
   1.1600000e+02   3.5500000e+02   1.8000000e+02
   1.2000000e+02   5.9000000e+01   1.7523636e+02
   1.2800000e+02   4.4000000e+01   9.4623222e+00
   1.2900000e+02   3.5700000e+02   1.7523636e+02
   1.8900000e+02   2.4600000e+02  -1.3500000e+02
   1.9900000e+02   2.7000000e+01  -1.4397263e+02
   2.1100000e+02   5.0000000e+01  -1.0525512e+02
   2.2600000e+02   1.5000000e+02  -1.4630993e+02
   2.2600000e+02   2.4300000e+02  -1.2865981e+02
   2.3100000e+02   3.5700000e+02   1.6869007e+02
   2.3600000e+02   3.4100000e+02  -1.5819859e+02
   2.6500000e+02   1.2300000e+02   2.8610460e+01
   6.0000000e+01   2.2600000e+02  -6.7000000e+01
   6.4000000e+01   2.9100000e+02  -3.7000000e+01
   7.7000000e+01   1.8600000e+02   1.3500000e+02
   1.1000000e+02   3.4700000e+02   1.5500000e+02
   1.2000000e+02   2.8200000e+02   1.2900000e+02
   1.4100000e+02   2.3000000e+02   1.2900000e+02
   1.6700000e+02   8.2000000e+01  -1.7100000e+02
   1.6800000e+02   6.6000000e+01   1.8000000e+01
   1.6900000e+02   2.4900000e+02  -1.5800000e+02
   2.0100000e+02   1.8600000e+02   4.2000000e+01
   2.0400000e+02   9.5000000e+01   3.0000000e+01
   2.5100000e+02   3.1800000e+02   9.0000000e+00
   2.6700000e+02   1.7400000e+02  -1.5000000e+02
   2.6700000e+02   3.2100000e+02  -1.7600000e+02
   2.8400000e+02   1.9800000e+02  -1.4700000e+02
