   1.1300000e+02   1.2200000e+02   1.3801279e+02
   1.2200000e+02   1.2000000e+02  -7.0016893e+01
   1.3300000e+02   1.0300000e+02  -2.6565051e+01
   1.4700000e+02   3.1000000e+02  -6.7380135e+01
   1.5500000e+02   1.3600000e+02  -4.1185925e+01
   1.5600000e+02   3.4400000e+02  -5.6309932e+01
   1.8000000e+02   1.0400000e+02   1.6001689e+02
   2.3600000e+02   1.5600000e+02   1.8000000e+02
   2.8800000e+02   1.6600000e+02   1.4036243e+01
   3.0300000e+02   2.9700000e+02  -1.3772631e+02
   3.0400000e+02   1.7000000e+02  -1.6596376e+02
   8.8000000e+01   2.7600000e+02  -4.3000000e+01
   1.0200000e+02   2.6100000e+02   1.2600000e+02
   1.4500000e+02   9.7000000e+01   1.5300000e+02
   1.5300000e+02   3.2900000e+02  -5.4000000e+01
   1.5300000e+02   3.5600000e+02   1.3500000e+02
   1.7300000e+02   3.1600000e+02   1.2000000e+02
   2.2200000e+02   3.2300000e+02   1.2200000e+02
   2.3000000e+02   2.0000000e+02   9.0000000e+00
   2.3000000e+02   2.2000000e+02   0.0000000e+00
   2.3400000e+02   1.0000000e+02   0.0000000e+00
   2.3900000e+02   1.1600000e+02   1.7500000e+02
   2.4200000e+02   2.5200000e+02  -1.7600000e+02
   2.7600000e+02   1.1800000e+02   1.4000000e+01
   2.8000000e+02   3.0100000e+02  -1.3000000e+02
   2.8700000e+02   2.3800000e+02  -1.4700000e+02
   3.0200000e+02   2.5300000e+02   4.8000000e+01
   3.0800000e+02   2.2500000e+02  -1.4700000e+02
   3.2300000e+02   2.5800000e+02  -1.3500000e+02
