   1.0000000e+02   2.2500000e+02  -5.9743563e+01
   1.0500000e+02   2.4100000e+02   1.3060129e+02
   1.1300000e+02   2.3400000e+02   0.0000000e+00
   1.3000000e+02   2.8700000e+02  -3.3690068e+01
   1.3600000e+02   2.3800000e+02  -5.7994617e+01
   1.3700000e+02   2.4700000e+02  -5.0194429e+01
   1.6600000e+02   1.5400000e+02  -1.4036243e+01
   1.7500000e+02   2.2000000e+01   1.4036243e+01
   1.7900000e+02   2.9900000e+02   1.5343495e+02
   1.8400000e+02   2.6700000e+02   1.5738014e+02
   2.0700000e+02   2.1200000e+02  -1.2369007e+02
   2.0800000e+02   9.7000000e+01   2.6565051e+01
   2.1700000e+02   2.0200000e+02  -1.2025644e+02
   2.4400000e+02   2.6300000e+02   7.1565051e+01
   2.5300000e+02   1.4600000e+02  -1.1444395e+02
   1.1300000e+02   2.5000000e+02   1.2900000e+02
   1.5800000e+02   1.7700000e+02   1.2300000e+02
   2.3200000e+02   1.2400000e+02  -1.3800000e+02
   2.4300000e+02   7.1000000e+01   3.3000000e+01
