   1.0100000e+02   2.1700000e+02  -7.1565051e+01
   1.1200000e+02   2.4000000e+02  -5.3972627e+01
   1.6500000e+02   2.5800000e+02   1.6596376e+02
   1.6700000e+02   1.7100000e+02  -1.4903624e+02
   2.1200000e+02   1.7900000e+02   5.0710593e+01
   2.2000000e+02   1.8000000e+02  -1.2025644e+02
   2.2800000e+02   2.0700000e+02  -1.1656505e+02
   2.4600000e+02   2.8900000e+02  -1.6001689e+02
   2.5400000e+02   2.9200000e+02   4.7636417e+00
   2.6900000e+02   1.8800000e+02   5.9743563e+01
   2.7300000e+02   8.5000000e+01  -1.3772631e+02
   9.3000000e+01   1.6100000e+02   1.1200000e+02
   9.3000000e+01   1.8100000e+02   1.1400000e+02
   1.6000000e+02   3.1300000e+02   1.6500000e+02
   1.7600000e+02   2.8300000e+02   1.5300000e+02
   2.0700000e+02   1.7200000e+02  -1.2700000e+02
   2.4900000e+02   1.8300000e+02   5.1000000e+01
