   1.2900000e+02   2.2900000e+02  -7.1565051e+01
   1.6300000e+02   2.9200000e+02  -3.2471192e+01
   1.6700000e+02   3.0300000e+02  -2.9054604e+01
   1.7600000e+02   2.0000000e+01  -4.7636417e+00
   2.2300000e+02   2.7100000e+02  -1.4313010e+02
   2.4400000e+02   2.9000000e+02  -1.4974356e+02
   2.4700000e+02   3.1800000e+02  -1.6596376e+02
   2.5900000e+02   4.5000000e+01   2.4443955e+01
   2.8400000e+02   2.8800000e+02  -1.6596376e+02
   2.9200000e+02   2.2300000e+02   4.2273689e+01
   2.9900000e+02   2.7700000e+02  -1.5343495e+02
   3.0100000e+02   2.8600000e+02  -1.6596376e+02
   1.1700000e+02   2.0000000e+02   1.1200000e+02
   1.2100000e+02   1.2400000e+02   1.1600000e+02
   1.3200000e+02   7.6000000e+01   1.2200000e+02
   1.4100000e+02   1.6400000e+02   1.0800000e+02
   1.6200000e+02   1.5800000e+02  -6.2000000e+01
   1.6200000e+02   2.0100000e+02   1.0800000e+02
   1.6300000e+02   1.9300000e+02   9.9000000e+01
   1.6800000e+02   1.7300000e+02   1.0800000e+02
   1.7400000e+02   2.9700000e+02   1.3900000e+02
   1.8400000e+02   3.5000000e+01   1.9000000e+01
   1.8800000e+02   2.5400000e+02   1.2900000e+02
   1.9100000e+02   2.4100000e+02   4.7000000e+01
   1.9200000e+02   1.6800000e+02   1.0800000e+02
   1.9600000e+02   2.1800000e+02   6.1000000e+01
   2.0300000e+02   2.6700000e+02   3.0000000e+01
   2.0400000e+02   3.1000000e+02   9.0000000e+00
   2.1100000e+02   1.3200000e+02  -1.0000000e+01
   2.1600000e+02   1.9100000e+02  -9.0000000e+01
   2.2900000e+02   1.5000000e+01   2.6000000e+01
   2.3400000e+02   1.0200000e+02   3.3000000e+01
   2.4500000e+02   8.9000000e+01   3.3000000e+01
   2.4800000e+02   1.6400000e+02  -1.5400000e+02
   2.5700000e+02   1.7000000e+02  -1.4700000e+02
   2.6500000e+02   1.5200000e+02   1.9000000e+01
   2.6700000e+02   4.9000000e+01   3.3000000e+01
   2.7600000e+02   1.7500000e+02  -1.4100000e+02
   2.8000000e+02   1.5300000e+02   4.7000000e+01
   3.2700000e+02   1.8700000e+02  -1.3800000e+02
