   1.2500000e+02   1.8600000e+02  -6.1389540e+01
   1.4000000e+02   1.6300000e+02  -7.1565051e+01
   1.4000000e+02   1.7100000e+02   1.0843495e+02
   1.4100000e+02   2.2200000e+02  -6.3434949e+01
   1.4900000e+02   1.5900000e+02  -7.5963757e+01
   1.5500000e+02   2.0500000e+02   9.4763642e+01
   1.5900000e+02   1.3900000e+02   9.9462322e+01
   1.6400000e+02   1.0200000e+02   1.2686990e+02
   1.6600000e+02   2.6600000e+02  -1.6869007e+02
   1.8700000e+02   2.9000000e+02  -1.6596376e+02
   1.9000000e+02   2.3000000e+02  -1.2928941e+02
   1.9600000e+02   1.1200000e+02   1.7053768e+02
   1.9700000e+02   2.2600000e+02  -1.2686990e+02
   1.9900000e+02   3.2000000e+01   2.2619865e+01
   2.0300000e+02   2.6800000e+02  -1.3939871e+02
   2.0600000e+02   2.2600000e+02  -1.2369007e+02
   2.0600000e+02   2.9700000e+02  -1.5738014e+02
   2.1200000e+02   2.3400000e+02   2.8610460e+01
   2.1600000e+02   2.2600000e+02  -1.3227369e+02
   2.2500000e+02   2.1000000e+02  -1.2686990e+02
   2.3300000e+02   1.3100000e+02  -1.3748955e+02
   2.4200000e+02   2.7200000e+02  -1.4752881e+02
   2.5600000e+02   2.3100000e+02   3.6869898e+01
   2.6500000e+02   2.3000000e+02   2.2619865e+01
   2.7000000e+02   1.6200000e+02  -1.3500000e+02
   2.7300000e+02   1.7100000e+02   4.2273689e+01
   2.7600000e+02   2.3000000e+02   0.0000000e+00
   1.4200000e+02   2.5600000e+02  -1.7000000e+01
   1.5400000e+02   2.6400000e+02   1.5500000e+02
   1.6700000e+02   2.7400000e+02   1.8000000e+02
   1.7300000e+02   2.2300000e+02   5.6000000e+01
   2.0400000e+02   1.0800000e+02   3.3000000e+01
   2.0600000e+02   1.0000000e+02   2.6000000e+01
   2.0900000e+02   8.1000000e+01   3.0000000e+01
   2.5300000e+02   5.9000000e+01  -1.3500000e+02
   2.8300000e+02   1.6400000e+02  -1.3500000e+02
