   1.4600000e+02   2.4400000e+02   1.3118593e+02
   1.4800000e+02   2.9100000e+02  -3.3690068e+01
   2.2300000e+02   4.6000000e+01   1.6596376e+02
   2.4100000e+02   3.9000000e+01  -1.4313010e+02
   2.7000000e+02   2.8900000e+02  -1.4071059e+02
   2.7100000e+02   3.1700000e+02  -1.5738014e+02
   3.0800000e+02   2.8900000e+02  -1.5138954e+02
   3.1800000e+02   3.4400000e+02   1.7523636e+02
   3.2100000e+02   2.7500000e+02  -1.5343495e+02
   3.2200000e+02   2.2400000e+02   4.7726311e+01
   3.4400000e+02   2.9800000e+02  -1.4397263e+02
   1.2300000e+02   1.7700000e+02   1.1100000e+02
   1.3600000e+02   1.5200000e+02  -9.0000000e+01
   1.3700000e+02   1.3800000e+02   1.0400000e+02
   1.4900000e+02   2.6900000e+02   1.3200000e+02
   1.5000000e+02   1.6400000e+02   1.1200000e+02
   1.5700000e+02   2.6000000e+02  -4.8000000e+01
   1.7100000e+02   3.4800000e+02   1.7100000e+02
   1.7800000e+02   2.9100000e+02   1.4000000e+02
   1.8500000e+02   1.7800000e+02   1.0800000e+02
   1.9100000e+02   1.9500000e+02   1.0400000e+02
   1.9300000e+02   1.5200000e+02  -6.4000000e+01
   1.9300000e+02   2.4600000e+02   1.2500000e+02
   2.0000000e+02   8.8000000e+01   1.3500000e+02
   2.0600000e+02   8.0000000e+01  -3.1000000e+01
   2.0700000e+02   2.4000000e+02   1.2300000e+02
   2.1100000e+02   2.8600000e+02   1.4700000e+02
   2.1200000e+02   3.1700000e+02   1.8000000e+02
   2.1500000e+02   2.0100000e+02   1.0400000e+02
   2.1900000e+02   2.6300000e+02   1.4700000e+02
   2.2300000e+02   1.6100000e+02   1.1900000e+02
   2.2300000e+02   1.9800000e+02   9.0000000e+01
   2.2400000e+02   2.1100000e+02   6.5000000e+01
   2.3000000e+02   2.6300000e+02   2.6000000e+01
   2.3700000e+02   2.4400000e+02   4.5000000e+01
   2.3900000e+02   1.0100000e+02   1.6100000e+02
   2.4000000e+02   1.4400000e+02   1.2000000e+02
   2.4200000e+02   3.0800000e+02   9.0000000e+00
   2.4500000e+02   1.3700000e+02  -5.0000000e+00
   2.4500000e+02   1.7700000e+02   9.4000000e+01
   2.4500000e+02   1.9000000e+02  -9.5000000e+01
   2.4600000e+02   3.3300000e+02   1.7500000e+02
   2.5200000e+02   2.6400000e+02   4.2000000e+01
   2.5500000e+02   1.7400000e+02   9.9000000e+01
   2.6700000e+02   1.0100000e+02   3.3000000e+01
   2.7800000e+02   8.8000000e+01   3.6000000e+01
   3.1000000e+02   2.3500000e+02   2.9000000e+01
   3.2000000e+02   2.8600000e+02  -1.5400000e+02
   3.3800000e+02   2.4800000e+02   3.9000000e+01
   3.4400000e+02   2.6400000e+02  -1.4700000e+02
   3.5000000e+02   2.4500000e+02  -1.3300000e+02
