   1.7300000e+02   2.2400000e+02   1.7523636e+02
   2.2000000e+02   2.0400000e+02  -1.4630993e+02
   7.9000000e+01   3.2300000e+02   1.2300000e+02
   1.0800000e+02   2.4400000e+02   1.2900000e+02
   1.1600000e+02   3.5500000e+02   1.1600000e+02
   1.5300000e+02   3.3100000e+02   1.1200000e+02
   1.6900000e+02   2.0900000e+02   1.9000000e+01
   1.7100000e+02   2.6700000e+02   1.6100000e+02
   1.7200000e+02   3.3200000e+02   1.2000000e+02
   1.8400000e+02   2.6700000e+02  -1.7600000e+02
   2.0000000e+02   3.0200000e+02  -3.4000000e+01
   2.0600000e+02   2.8800000e+02   3.6000000e+01
   2.1800000e+02   2.7300000e+02   4.5000000e+01
   2.1900000e+02   2.9800000e+02  -1.3800000e+02
   2.2500000e+02   2.9200000e+02   4.8000000e+01
   2.2900000e+02   3.4100000e+02   5.7000000e+01
   2.5100000e+02   2.4000000e+02   4.7000000e+01
   2.9300000e+02   2.9600000e+02   5.6000000e+01
