   2.3800000e+02   2.9400000e+02   5.6309932e+01
   5.8000000e+01   2.2900000e+02  -5.8000000e+01
   6.4000000e+01   1.8200000e+02  -5.1000000e+01
   7.9000000e+01   2.6400000e+02   1.1600000e+02
   8.8000000e+01   3.1600000e+02   1.3500000e+02
   9.0000000e+01   3.5100000e+02   1.3700000e+02
   9.3000000e+01   2.8800000e+02  -5.8000000e+01
   1.0700000e+02   2.8000000e+02   1.1200000e+02
   1.1200000e+02   2.0800000e+02   1.1600000e+02
   1.1300000e+02   2.6200000e+02   1.0800000e+02
   1.2100000e+02   3.3900000e+02   1.5300000e+02
   1.3200000e+02   3.0000000e+02   5.0000000e+01
   1.3900000e+02   3.2600000e+02   3.0000000e+01
   1.4500000e+02   3.5000000e+02  -1.7100000e+02
   1.4600000e+02   2.7000000e+02  -9.5000000e+01
   1.4800000e+02   3.0700000e+02   5.3000000e+01
   1.4800000e+02   3.6000000e+02  -1.7600000e+02
   1.5400000e+02   8.9000000e+01   9.0000000e+00
   1.5900000e+02   2.2100000e+02   1.1600000e+02
   1.6200000e+02   1.9200000e+02  -5.0000000e+00
   1.6400000e+02   3.3000000e+02   4.7000000e+01
   1.9100000e+02   1.6500000e+02   3.6000000e+01
   2.0000000e+02   2.8400000e+02   4.7000000e+01
   2.0200000e+02   2.2200000e+02   5.1000000e+01
   2.0600000e+02   1.5400000e+02   4.2000000e+01
   2.1500000e+02   2.1700000e+02   3.9000000e+01
   2.3200000e+02   2.2200000e+02   5.3000000e+01
   2.4500000e+02   2.8300000e+02  -1.3000000e+02
   2.5700000e+02   3.5600000e+02  -1.5000000e+02
   2.7000000e+02   2.5400000e+02   6.0000000e+01
   2.7300000e+02   3.2300000e+02   3.0000000e+01
   2.8500000e+02   2.0200000e+02  -1.3300000e+02
   2.8800000e+02   2.7400000e+02  -1.4400000e+02
   2.9000000e+02   3.1300000e+02  -1.4400000e+02
