   1.5400000e+02   3.3300000e+02  -1.4036243e+01
   1.7200000e+02   1.9300000e+02   1.0403624e+02
   1.8600000e+02   1.0500000e+02   1.2928941e+02
   1.9500000e+02   1.3800000e+02  -5.6309932e+01
   2.2800000e+02   1.3700000e+02   1.7053768e+02
   2.2800000e+02   3.4400000e+02  -1.6747119e+02
   2.3700000e+02   2.9200000e+02  -1.4630993e+02
   2.3900000e+02   2.5000000e+02  -1.3198721e+02
   2.3900000e+02   3.2100000e+02  -1.5738014e+02
   2.4800000e+02   2.5000000e+02  -1.3227369e+02
   2.6500000e+02   1.5600000e+02  -1.3227369e+02
   2.6800000e+02   1.7300000e+02  -1.2200538e+02
   3.0600000e+02   1.8800000e+02  -1.3500000e+02
   1.2700000e+02   2.5900000e+02  -4.8000000e+01
   1.4200000e+02   2.4100000e+02   1.2300000e+02
   1.7100000e+02   2.5300000e+02   1.2900000e+02
   1.8700000e+02   2.3800000e+02  -9.0000000e+01
   2.0400000e+02   3.2300000e+02  -1.6600000e+02
   2.0500000e+02   2.4700000e+02   5.2000000e+01
   2.4100000e+02   1.8000000e+02   6.6000000e+01
   2.5400000e+02   2.6300000e+02  -1.5400000e+02
   2.6900000e+02   3.2200000e+02  -1.6200000e+02
   2.7500000e+02   2.6500000e+02  -1.4700000e+02
   3.0100000e+02   1.9700000e+02  -1.3000000e+02
