   1.3400000e+02   2.7700000e+02  -7.1565051e+01
   1.3700000e+02   2.3500000e+02   1.0843495e+02
   1.5800000e+02   3.3300000e+02   6.3401917e+00
   1.6200000e+02   2.9600000e+02  -1.3801279e+02
   1.7100000e+02   1.2300000e+02   1.5738014e+02
   1.8700000e+02   2.9000000e+02  -1.2025644e+02
   1.9400000e+02   1.7400000e+02   1.7053768e+02
   1.9600000e+02   2.8800000e+02  -1.2369007e+02
   2.0500000e+02   3.3000000e+02  -1.4397263e+02
   2.1400000e+02   1.7700000e+02   3.6869898e+01
   2.2400000e+02   1.4200000e+02  -1.2369007e+02
   2.2600000e+02   2.9100000e+02   2.6565051e+01
   2.3200000e+02   2.5700000e+02   4.8814075e+01
   2.4100000e+02   2.8900000e+02   3.0963757e+01
   2.5400000e+02   3.1600000e+02  -1.5343495e+02
   2.5600000e+02   2.8900000e+02   3.6869898e+01
   2.6700000e+02   2.8800000e+02   2.6565051e+01
   2.7000000e+02   2.2000000e+02  -1.4019443e+02
