   1.2000000e+02   2.6700000e+02   9.4763642e+01
   1.4800000e+02   3.5100000e+02  -5.3130102e+01
   1.5300000e+02   3.1400000e+02   9.0000000e+01
   1.6700000e+02   2.9300000e+02   8.0537678e+01
   1.7000000e+02   3.5200000e+02  -1.6596376e+02
   2.1100000e+02   2.3600000e+02   5.3130102e+01
   2.1600000e+02   1.9300000e+02  -1.5343495e+02
   2.2500000e+02   3.2600000e+02  -1.3772631e+02
   2.2800000e+02   1.5700000e+02   5.3130102e+01
   2.2800000e+02   3.5500000e+02  -1.5555605e+02
   2.3200000e+02   3.3000000e+02   3.6027373e+01
   2.5800000e+02   1.0000000e+02  -1.3118593e+02
   2.7300000e+02   3.2800000e+02  -1.3939871e+02
   2.9300000e+02   3.4400000e+02  -1.5343495e+02
   3.0400000e+02   3.2600000e+02  -1.4397263e+02
   3.1200000e+02   3.3200000e+02   1.8434949e+01
   9.2000000e+01   2.7900000e+02  -7.6000000e+01
   1.0800000e+02   2.4300000e+02  -6.4000000e+01
   1.2400000e+02   1.2900000e+02   1.4300000e+02
   1.2900000e+02   3.5600000e+02   1.2600000e+02
   1.4600000e+02   3.2000000e+02   1.0800000e+02
   1.4700000e+02   2.0600000e+02  -6.0000000e+01
   1.4800000e+02   3.3600000e+02  -9.0000000e+01
   1.8800000e+02   2.8900000e+02  -1.1700000e+02
   1.8800000e+02   3.4200000e+02   3.6000000e+01
   2.1600000e+02   3.3000000e+02   3.3000000e+01
   2.2600000e+02   1.1500000e+02   3.3000000e+01
   2.2700000e+02   1.6800000e+02   4.7000000e+01
   2.3300000e+02   9.2000000e+01  -1.4400000e+02
   2.5100000e+02   2.2300000e+02  -1.2700000e+02
   2.6000000e+02   3.5600000e+02   1.8000000e+01
   3.0100000e+02   2.2600000e+02   3.9000000e+01
   3.1200000e+02   2.2400000e+02  -1.4400000e+02
   3.1200000e+02   2.5800000e+02   5.7000000e+01
   3.2400000e+02   3.4400000e+02  -1.5800000e+02
