   9.4000000e+01   1.7400000e+02  -3.3690068e+01
   9.4000000e+01   1.8600000e+02  -3.6869898e+01
   1.4100000e+02   3.2000000e+02   7.1565051e+01
   1.8400000e+02   2.6300000e+02   4.7726311e+01
   2.0200000e+02   3.5100000e+02  -1.3748955e+02
   2.0900000e+02   3.5700000e+02   2.6565051e+01
   2.5100000e+02   3.5300000e+02  -1.3500000e+02
   2.7500000e+02   2.0400000e+02  -1.3772631e+02
   2.9300000e+02   2.1800000e+02   3.3690068e+01
   1.0500000e+02   1.8900000e+02  -9.0000000e+01
   1.5200000e+02   2.6200000e+02   1.1600000e+02
   1.6200000e+02   3.1500000e+02  -1.1700000e+02
   1.7400000e+02   2.7100000e+02  -1.5000000e+02
   1.8000000e+02   1.8000000e+02  -1.5400000e+02
   1.9000000e+02   2.1800000e+02   4.5000000e+01
   1.9300000e+02   3.5500000e+02   3.3000000e+01
   1.9600000e+02   1.9300000e+02   3.9000000e+01
   1.9700000e+02   1.3800000e+02   3.6000000e+01
   1.9900000e+02   1.1300000e+02  -1.4400000e+02
   2.2200000e+02   2.4600000e+02  -1.3000000e+02
   2.7300000e+02   3.3200000e+02   3.0000000e+01
   2.7500000e+02   3.5500000e+02  -1.4400000e+02
   2.8500000e+02   2.8000000e+02   3.6000000e+01
   2.9500000e+02   1.8000000e+02  -1.4400000e+02
   2.9700000e+02   2.6200000e+02   2.6000000e+01
   3.0400000e+02   2.3400000e+02  -1.5000000e+02
