   8.5000000e+01   2.0800000e+02  -9.4763642e+01
   9.4000000e+01   1.0000000e+02  -2.6565051e+01
   1.1200000e+02   2.9900000e+02  -3.2471192e+01
   1.2600000e+02   2.5100000e+02   7.1565051e+01
   1.8500000e+02   3.4000000e+02   2.2619865e+01
   1.8600000e+02   2.8800000e+02  -1.3500000e+02
   1.8900000e+02   3.4800000e+02  -1.6156505e+02
   2.3500000e+02   2.9100000e+02  -1.3118593e+02
   2.8700000e+02   1.5700000e+02   3.6869898e+01
   2.9500000e+02   1.6300000e+02  -1.4313010e+02
   3.2600000e+02   3.2100000e+02  -1.7523636e+02
   1.0700000e+02   3.3500000e+02   1.5500000e+02
   1.1100000e+02   2.8700000e+02  -7.2000000e+01
   1.3000000e+02   3.3400000e+02   1.6500000e+02
   1.4800000e+02   2.5000000e+02  -1.1700000e+02
   1.7000000e+02   1.1600000e+02  -1.4100000e+02
   1.7700000e+02   1.5700000e+02   4.5000000e+01
   1.7700000e+02   2.9100000e+02   3.3000000e+01
   1.8600000e+02   1.3100000e+02   5.0000000e+01
   1.9900000e+02   7.2000000e+01   4.7000000e+01
   2.0900000e+02   1.8500000e+02  -1.3000000e+02
   2.1300000e+02   4.6000000e+01  -1.3000000e+02
   2.2900000e+02   4.4000000e+01   5.6000000e+01
   2.7200000e+02   2.1500000e+02   4.2000000e+01
   2.7500000e+02   3.3300000e+02   9.0000000e+00
   2.9500000e+02   2.4900000e+02   1.4000000e+01
   2.9700000e+02   1.7400000e+02  -1.4700000e+02
