   9.5000000e+01   3.5000000e+01   1.4630993e+02
   2.6600000e+02   1.2400000e+02  -1.4500798e+02
   2.8200000e+02   2.8300000e+02   4.7636417e+00
   2.8900000e+02   2.9000000e+02   1.8000000e+02
   3.2600000e+02   3.4900000e+02  -2.0556045e+01
   3.3300000e+02   2.2200000e+02  -1.7523636e+02
   6.7000000e+01   7.4000000e+01   1.0800000e+02
   7.7000000e+01   1.2300000e+02   1.1200000e+02
   9.5000000e+01   8.3000000e+01   1.1200000e+02
   1.1200000e+02   2.2400000e+02   7.5000000e+01
   1.2700000e+02   2.0100000e+02  -1.1700000e+02
   1.3600000e+02   2.0100000e+02  -1.1700000e+02
   1.7000000e+02   3.1900000e+02  -5.7000000e+01
   1.8100000e+02   1.1200000e+02   1.7500000e+02
   1.8100000e+02   2.9500000e+02  -7.1000000e+01
   1.8200000e+02   2.6900000e+02   7.5000000e+01
   1.8600000e+02   2.7600000e+02  -7.9000000e+01
   1.9200000e+02   2.8300000e+02  -7.5000000e+01
   1.9500000e+02   1.6600000e+02   8.5000000e+01
   1.9600000e+02   3.1200000e+02  -9.0000000e+01
   2.0700000e+02   2.8600000e+02   1.0400000e+02
   2.1600000e+02   2.0700000e+02  -1.3000000e+02
   2.2700000e+02   2.7700000e+02   0.0000000e+00
   2.4300000e+02   1.1900000e+02  -1.4700000e+02
   2.5800000e+02   2.3500000e+02   1.8000000e+01
   2.6700000e+02   3.0100000e+02   1.6500000e+02
   2.6800000e+02   2.9000000e+02  -5.0000000e+00
   2.7000000e+02   2.1300000e+02   1.8000000e+01
   2.8700000e+02   1.4100000e+02   2.4000000e+01
   2.9500000e+02   1.6600000e+02   2.6000000e+01
   3.0100000e+02   1.4800000e+02  -1.5800000e+02
   3.0600000e+02   2.9000000e+02   1.5500000e+02
   3.2600000e+02   2.8300000e+02   1.5700000e+02
   3.2800000e+02   3.1400000e+02   1.6100000e+02
   3.3800000e+02   3.0900000e+02  -1.6000000e+01
   3.4200000e+02   1.9600000e+02   1.8000000e+02
   3.4500000e+02   3.0400000e+02  -2.7000000e+01
   3.5600000e+02   2.2300000e+02   1.6500000e+02
   3.5600000e+02   2.8300000e+02  -2.9000000e+01
   3.5700000e+02   2.9800000e+02   1.5300000e+02
