   7.7000000e+01   3.2900000e+02   1.8000000e+02
   1.6100000e+02   3.2700000e+02   9.4763642e+01
   1.8500000e+02   3.4900000e+02  -1.2369007e+02
   6.0000000e+01   2.1500000e+02  -6.4000000e+01
   6.0000000e+01   2.5700000e+02  -5.8000000e+01
   7.0000000e+01   3.1100000e+02  -5.4000000e+01
   7.2000000e+01   1.4700000e+02  -4.8000000e+01
   8.0000000e+01   1.2300000e+02  -5.4000000e+01
   1.1800000e+02   2.2700000e+02   1.1200000e+02
   1.2700000e+02   3.3600000e+02  -5.1000000e+01
   1.3100000e+02   2.6400000e+02   1.1600000e+02
   1.4800000e+02   5.3000000e+01  -1.6600000e+02
   1.5200000e+02   1.9700000e+02   1.3700000e+02
   1.5300000e+02   3.3000000e+02  -7.2000000e+01
   1.7500000e+02   2.6200000e+02   1.1200000e+02
   1.8000000e+02   3.1200000e+02   9.4000000e+01
   1.8300000e+02   2.6200000e+02   1.0800000e+02
   2.0200000e+02   3.1600000e+02  -1.1300000e+02
   2.0900000e+02   1.8000000e+02  -1.7100000e+02
   2.4400000e+02   1.1500000e+02  -1.5000000e+02
   2.5500000e+02   3.4900000e+02  -1.6200000e+02
