   8.7000000e+01   1.3200000e+02  -5.3130102e+01
   8.8000000e+01   2.5700000e+02   1.2602737e+02
   1.3600000e+02   2.0400000e+02   1.0843495e+02
   1.3800000e+02   7.9000000e+01   1.6156505e+02
   1.4500000e+02   2.5500000e+02   9.4763642e+01
   1.7400000e+02   8.7000000e+01   1.7523636e+02
   1.8200000e+02   5.2000000e+01   0.0000000e+00
   2.3800000e+02   3.2100000e+02  -1.2928941e+02
   2.5800000e+02   2.8600000e+02  -1.2369007e+02
   2.8800000e+02   2.8700000e+02  -1.2980557e+02
   1.1400000e+02   1.4700000e+02  -5.1000000e+01
   1.2500000e+02   7.2000000e+01   1.4900000e+02
   1.2800000e+02   1.0500000e+02   1.4000000e+02
   1.3200000e+02   2.3500000e+02  -9.0000000e+01
   1.3400000e+02   3.3700000e+02   1.4300000e+02
   1.4000000e+02   3.5600000e+02   1.4600000e+02
   1.4700000e+02   3.1600000e+02  -6.0000000e+01
   1.4800000e+02   1.3000000e+02   1.4300000e+02
   1.5100000e+02   3.3300000e+02   1.3500000e+02
   1.6500000e+02   2.1400000e+02   1.0400000e+02
   1.7300000e+02   2.0700000e+02  -5.1000000e+01
   1.7300000e+02   3.2400000e+02  -9.0000000e+01
   1.7300000e+02   3.3900000e+02   1.4300000e+02
   1.8800000e+02   2.4500000e+02   9.9000000e+01
   1.9100000e+02   2.3500000e+02   1.0400000e+02
   1.9500000e+02   2.8700000e+02   9.0000000e+01
   2.3100000e+02   1.5900000e+02  -1.5400000e+02
   2.4500000e+02   3.2800000e+02   2.6000000e+01
   2.6400000e+02   3.5600000e+02  -1.6600000e+02
   2.7500000e+02   2.2100000e+02  -1.3300000e+02
