   9.7000000e+01   2.0800000e+02  -8.5236358e+01
   1.1400000e+02   2.6200000e+02  -8.0537678e+01
   1.1800000e+02   9.2000000e+01  -3.6869898e+01
   1.1900000e+02   2.0400000e+02   1.0403624e+02
   1.2100000e+02   2.3000000e+02  -8.5236358e+01
   1.3300000e+02   3.0200000e+02  -6.3434949e+01
   1.3900000e+02   3.3000000e+02  -3.3690068e+01
   1.4400000e+02   3.1900000e+02  -3.3690068e+01
   1.4800000e+02   3.4300000e+02  -1.8434949e+01
   1.5100000e+02   2.3600000e+02  -9.5710593e+01
   1.5200000e+02   7.0000000e+01   1.7053768e+02
   1.6000000e+02   2.3800000e+02  -7.1565051e+01
   1.6000000e+02   2.4600000e+02   9.0000000e+01
   1.6500000e+02   1.1500000e+02   1.7053768e+02
   1.6600000e+02   2.7200000e+02   7.5963757e+01
   1.7300000e+02   1.1400000e+02   9.4623222e+00
   1.7900000e+02   2.4800000e+02  -8.5236358e+01
   2.5800000e+02   2.6500000e+02  -1.2025644e+02
   2.6300000e+02   1.1100000e+02  -1.3772631e+02
   2.9500000e+02   2.4700000e+02  -1.3500000e+02
   9.6000000e+01   1.3800000e+02  -5.4000000e+01
   1.3000000e+02   1.1400000e+02   1.4000000e+02
   1.6100000e+02   1.8800000e+02   1.1200000e+02
   1.8700000e+02   2.6900000e+02  -1.1700000e+02
   2.2900000e+02   1.5400000e+02   3.9000000e+01
