   1.1500000e+02   1.1700000e+02   9.9462322e+01
   1.4200000e+02   2.9000000e+02  -4.8012788e+01
   1.7800000e+02   3.3700000e+02   0.0000000e+00
   1.8600000e+02   2.1400000e+02   7.5963757e+01
   1.8600000e+02   3.0600000e+02   1.4630993e+02
   1.8700000e+02   5.0000000e+01   4.7636417e+00
   1.8700000e+02   2.7200000e+02  -1.5343495e+02
   1.9000000e+02   9.7000000e+01   1.6330076e+02
   2.0500000e+02   3.3300000e+02   1.8434949e+01
   2.3000000e+02   1.5800000e+02   5.3130102e+01
   2.3500000e+02   1.1500000e+02  -1.4500798e+02
   2.4200000e+02   2.3200000e+02  -1.1656505e+02
   2.5300000e+02   1.0000000e+02  -1.3500000e+02
   3.1300000e+02   1.7200000e+02  -1.3251045e+02
   3.1400000e+02   2.4500000e+02  -1.4313010e+02
   1.2600000e+02   1.4800000e+02   9.0000000e+01
   1.4400000e+02   5.4000000e+01   1.3500000e+02
   1.7300000e+02   2.8900000e+02   1.4000000e+02
   1.9800000e+02   1.5600000e+02   1.1600000e+02
   1.9900000e+02   3.4800000e+02   1.5300000e+02
   2.0600000e+02   2.0900000e+02  -1.1300000e+02
   2.1100000e+02   1.3500000e+02   4.1000000e+01
   2.1600000e+02   3.4700000e+02  -1.7600000e+02
   2.2800000e+02   3.3700000e+02  -1.7600000e+02
   2.4700000e+02   2.2400000e+02  -1.3000000e+02
   3.1300000e+02   2.0900000e+02  -1.3300000e+02
