   1.2500000e+02   9.1000000e+01   1.6156505e+02
   1.5000000e+02   3.0400000e+02  -5.7994617e+01
   1.5500000e+02   2.9600000e+02   1.2200538e+02
   1.5600000e+02   3.9000000e+01   1.7053768e+02
   1.5800000e+02   9.5000000e+01   1.6596376e+02
   1.6500000e+02   2.8200000e+02  -7.1565051e+01
   1.6700000e+02   1.3800000e+02   1.5738014e+02
   1.7400000e+02   2.8300000e+02  -7.5963757e+01
   1.8000000e+02   2.4400000e+02   1.0843495e+02
   1.8600000e+02   2.5000000e+01   4.7636417e+00
   1.9600000e+02   1.2900000e+02   1.4036243e+01
   2.0000000e+02   1.7100000e+02  -1.6596376e+02
   2.0400000e+02   2.3500000e+02   7.1565051e+01
   2.0700000e+02   2.9100000e+02  -1.2499202e+02
   2.1100000e+02   3.0700000e+02  -1.4313010e+02
   2.1300000e+02   2.9700000e+02   3.0963757e+01
   2.2300000e+02   3.0300000e+02  -1.4903624e+02
   2.2500000e+02   2.8300000e+02  -1.2369007e+02
   2.2900000e+02   1.5600000e+02  -1.3748955e+02
   2.3100000e+02   2.8000000e+01  -1.5738014e+02
   2.3400000e+02   2.5700000e+02  -1.3881407e+02
   2.5200000e+02   2.1800000e+02  -1.1261986e+02
   2.5400000e+02   2.3000000e+02  -1.2928941e+02
   2.5800000e+02   2.3700000e+02   5.9743563e+01
   2.7800000e+02   2.1000000e+02  -1.2025644e+02
   8.1000000e+01   1.8400000e+02  -5.4000000e+01
   1.3400000e+02   1.4100000e+02   1.4900000e+02
   1.6400000e+02   2.4200000e+02   1.0800000e+02
   1.7200000e+02   2.0300000e+02  -3.4000000e+01
   1.7300000e+02   1.9000000e+01   1.8000000e+02
   1.7400000e+02   2.2100000e+02  -5.7000000e+01
   2.2400000e+02   2.4100000e+02  -1.2100000e+02
   2.5900000e+02   1.1400000e+02  -1.4400000e+02
