   9.9000000e+01   2.9100000e+02  -5.3972627e+01
   1.2600000e+02   3.0000000e+02   1.2980557e+02
   1.4700000e+02   3.4900000e+02  -2.6565051e+01
   1.5000000e+02   3.0000000e+02   1.1861046e+02
   1.5300000e+02   9.4000000e+01   1.6596376e+02
   1.6000000e+02   1.3900000e+02   1.6156505e+02
   1.6400000e+02   2.6700000e+02   9.9462322e+01
   1.7300000e+02   2.4800000e+02   1.0843495e+02
   1.8700000e+02   1.3100000e+02   1.8434949e+01
   1.8800000e+02   3.0800000e+02  -1.2686990e+02
   1.9100000e+02   1.7500000e+02  -1.6596376e+02
   1.9500000e+02   2.3800000e+02   7.1565051e+01
   2.2300000e+02   2.9200000e+02  -1.2602737e+02
   2.2800000e+02   2.6100000e+02  -1.2025644e+02
   2.2800000e+02   3.5200000e+02   1.7053768e+02
   2.4300000e+02   2.2000000e+02  -1.1656505e+02
   2.4600000e+02   3.1900000e+02  -1.6596376e+02
   2.8700000e+02   2.6000000e+02  -1.1974488e+02
   2.9300000e+02   2.3300000e+02  -1.2247119e+02
   1.1100000e+02   2.0000000e+02   1.2300000e+02
   1.2800000e+02   1.4100000e+02   1.4900000e+02
   1.5700000e+02   2.4800000e+02   1.1200000e+02
   1.6400000e+02   2.0700000e+02  -3.4000000e+01
   1.7800000e+02   2.6700000e+02  -9.0000000e+01
   1.8700000e+02   2.4600000e+02   1.0400000e+02
   2.1600000e+02   2.4400000e+02  -1.2400000e+02
   2.5200000e+02   1.1700000e+02  -1.4400000e+02
   2.8400000e+02   1.5100000e+02   5.0000000e+01
