   1.0700000e+02   1.4800000e+02  -4.7489553e+01
   1.1000000e+02   1.3300000e+02   1.2928941e+02
   1.2300000e+02   8.6000000e+01  -5.1944289e+00
   1.3800000e+02   1.2800000e+02  -1.4036243e+01
   1.4200000e+02   2.5500000e+02  -8.5236358e+01
   1.5100000e+02   2.4600000e+02   9.0000000e+01
   1.5200000e+02   1.1900000e+02  -4.7636417e+00
   1.7200000e+02   5.0000000e+01  -1.7365981e+02
   1.7500000e+02   6.9000000e+01  -1.7053768e+02
   2.0600000e+02   2.9100000e+02  -1.7365981e+02
   2.2900000e+02   1.2000000e+02  -1.4313010e+02
   2.3600000e+02   1.5900000e+02   4.7726311e+01
   2.4600000e+02   1.5800000e+02   3.9289407e+01
   2.4600000e+02   1.9900000e+02   4.5000000e+01
   2.5800000e+02   1.6900000e+02  -1.3500000e+02
   2.6400000e+02   1.7600000e+02   4.5000000e+01
   2.6800000e+02   2.6300000e+02   1.8434949e+01
   2.8100000e+02   2.6700000e+02  -1.6156505e+02
   2.8100000e+02   2.8000000e+02   1.6596376e+02
   2.8100000e+02   2.9900000e+02  -1.8434949e+01
