   1.2200000e+02   1.1000000e+02  -2.2619865e+01
   1.2500000e+02   2.3000000e+01  -5.5007980e+01
   1.2900000e+02   1.5100000e+02   0.0000000e+00
   1.4000000e+02   1.9000000e+01   1.2928941e+02
   1.4400000e+02   1.8100000e+02   0.0000000e+00
   1.5400000e+02   8.2000000e+01  -2.2619865e+01
   1.8900000e+02   5.6000000e+01  -1.4446232e+02
   1.9100000e+02   2.3300000e+02   0.0000000e+00
   1.9500000e+02   1.6200000e+02   4.7636417e+00
   2.1800000e+02   8.5000000e+01  -1.6596376e+02
   2.2400000e+02   4.5000000e+01  -1.1656505e+02
   2.2500000e+02   6.9000000e+01   3.0963757e+01
   2.2600000e+02   1.9000000e+02   1.7053768e+02
   2.3500000e+02   7.5000000e+01  -1.4903624e+02
   2.7000000e+02   2.8000000e+01  -1.0669924e+02
   2.8000000e+02   1.1500000e+02   1.8000000e+02
   2.9100000e+02   2.5000000e+01  -1.1261986e+02
   1.8400000e+02   1.5000000e+01   1.0800000e+02
   1.9000000e+02   8.8000000e+01   9.0000000e+00
   2.2800000e+02   1.6400000e+02   1.8000000e+02
   2.3100000e+02   1.8000000e+01  -1.1500000e+02
   2.3500000e+02   4.9000000e+01   3.9000000e+01
   2.8300000e+02   1.0500000e+02   1.8000000e+02
