   9.8000000e+01   1.7000000e+02  -5.3972627e+01
   1.0800000e+02   1.1800000e+02  -4.5000000e+01
   1.2300000e+02   1.2600000e+02   1.4397263e+02
   1.3000000e+02   1.2200000e+02  -3.3690068e+01
   1.3400000e+02   2.9700000e+02  -3.9289407e+01
   1.4400000e+02   3.0000000e+02   1.3500000e+02
   1.4600000e+02   4.4000000e+01  -1.6699244e+01
   1.5100000e+02   1.7400000e+02   1.3500000e+02
   1.7200000e+02   9.5000000e+01   1.6596376e+02
   1.8300000e+02   1.3800000e+02   1.5738014e+02
   2.0700000e+02   3.4400000e+02   0.0000000e+00
   2.0900000e+02   1.2900000e+02   1.8434949e+01
   2.1400000e+02   1.7300000e+02  -1.6596376e+02
   2.4200000e+02   2.6000000e+01  -1.6156505e+02
   2.5800000e+02   3.0200000e+02  -1.3163354e+02
   2.6500000e+02   2.2100000e+02  -1.0998311e+02
   2.7400000e+02   2.7000000e+02  -1.2025644e+02
   1.3300000e+02   2.5100000e+02   1.1100000e+02
   1.3400000e+02   1.9900000e+02   1.2300000e+02
   1.5100000e+02   1.4000000e+02   1.5100000e+02
   1.5200000e+02   2.7700000e+02  -5.7000000e+01
   1.5800000e+02   1.8700000e+02   1.2900000e+02
   1.6500000e+02   2.0600000e+02   1.2600000e+02
   1.8500000e+02   1.9000000e+01   1.8000000e+02
   2.3200000e+02   2.0200000e+02   5.0000000e+01
   2.3600000e+02   2.4400000e+02  -1.1700000e+02
   2.4900000e+02   3.0800000e+02  -1.4400000e+02
   2.5100000e+02   1.6400000e+02   5.0000000e+01
   2.7200000e+02   1.1500000e+02  -1.4400000e+02
   2.9000000e+02   2.1100000e+02  -1.2300000e+02
