   8.9000000e+01   2.0900000e+02  -5.9743563e+01
   9.2000000e+01   1.6000000e+02  -5.3130102e+01
   1.0500000e+02   2.7900000e+02  -5.0194429e+01
   1.1200000e+02   1.4600000e+02   1.2247119e+02
   1.1800000e+02   3.0300000e+02  -4.1185925e+01
   1.2100000e+02   2.4400000e+02  -5.4462322e+01
   1.2500000e+02   9.3000000e+01  -3.3690068e+01
   1.5700000e+02   1.5800000e+02   1.3198721e+02
   1.5800000e+02   3.4600000e+02  -3.6027373e+01
   1.6200000e+02   2.8300000e+02   1.3227369e+02
   1.7100000e+02   3.4500000e+02  -2.6565051e+01
   1.7200000e+02   7.7000000e+01   1.5738014e+02
   1.8200000e+02   5.3000000e+01   1.6474488e+02
   1.8700000e+02   1.1900000e+02   1.5738014e+02
   1.9000000e+02   5.2000000e+01   0.0000000e+00
   2.0500000e+02   2.2900000e+02   9.9462322e+01
   2.1200000e+02   1.0900000e+02   1.4036243e+01
   2.1700000e+02   3.4400000e+02  -1.8434949e+01
   2.1900000e+02   1.5100000e+02  -1.7523636e+02
   2.5700000e+02   2.6800000e+02  -1.2980557e+02
   2.7400000e+02   9.2000000e+01   3.9805571e+01
   2.7400000e+02   1.9600000e+02  -1.1656505e+02
   2.7600000e+02   2.8500000e+02   3.3690068e+01
   1.4300000e+02   1.8400000e+02  -9.0000000e+01
   1.5400000e+02   1.2400000e+02   1.4300000e+02
   1.7100000e+02   2.5400000e+02   1.1200000e+02
   1.7400000e+02   1.8700000e+02   1.2000000e+02
   1.7500000e+02   2.4500000e+02   1.1200000e+02
   2.2000000e+02   2.2400000e+02   6.3000000e+01
   2.2100000e+02   2.4500000e+02  -1.0900000e+02
   2.3000000e+02   1.8500000e+02   4.5000000e+01
   2.3000000e+02   3.1800000e+02  -1.0000000e+01
   2.3900000e+02   1.7900000e+02   4.5000000e+01
   2.5600000e+02   1.4000000e+02   5.0000000e+01
   2.6700000e+02   2.8300000e+02  -1.5000000e+02
