   1.3900000e+02   1.0500000e+02  -2.2619865e+01
   1.3900000e+02   1.9900000e+02   9.9462322e+01
   1.4200000e+02   1.2600000e+02  -3.6869898e+01
   1.5000000e+02   3.1400000e+02   6.7380135e+01
   1.5000000e+02   3.5000000e+02  -1.2686990e+02
   1.5800000e+02   1.1500000e+02   1.4630993e+02
   1.6300000e+02   3.3700000e+02  -1.2602737e+02
   1.6400000e+02   8.0000000e+01   0.0000000e+00
   1.7500000e+02   2.5300000e+02   7.5963757e+01
   1.8000000e+02   3.3900000e+02   2.2619865e+01
   1.8200000e+02   1.5100000e+02   1.4974356e+02
   1.8500000e+02   5.0000000e+01   9.4623222e+00
   1.8600000e+02   2.4800000e+02   6.3434949e+01
   1.8700000e+02   2.8100000e+02  -1.2025644e+02
   1.9100000e+02   2.0600000e+02   7.1565051e+01
   1.9200000e+02   3.3600000e+02  -1.4974356e+02
   2.1500000e+02   3.4300000e+02  -1.5738014e+02
   2.2400000e+02   4.9000000e+01  -1.5738014e+02
   2.2800000e+02   4.2000000e+01  -1.4630993e+02
   2.3500000e+02   5.3000000e+01   3.6869898e+01
   2.3800000e+02   4.5000000e+01   0.0000000e+00
   2.4500000e+02   3.1200000e+02   3.9805571e+01
   2.5700000e+02   7.8000000e+01  -1.4630993e+02
   2.5800000e+02   3.5400000e+02  -1.6156505e+02
   2.5900000e+02   1.2900000e+02   5.6309932e+01
   2.6600000e+02   3.2800000e+02  -1.4630993e+02
   2.9400000e+02   2.9600000e+02   3.9805571e+01
   3.0600000e+02   2.4500000e+02  -1.0403624e+02
   3.0700000e+02   3.2500000e+02  -1.4974356e+02
   3.1400000e+02   2.1200000e+02   6.7380135e+01
   3.2000000e+02   2.4600000e+02  -1.2247119e+02
   3.2100000e+02   2.5500000e+02   5.6309932e+01
   3.3700000e+02   2.9900000e+02  -1.3748955e+02
   3.4200000e+02   2.5500000e+02   4.5000000e+01
   3.4300000e+02   2.4700000e+02  -1.2928941e+02
   1.1800000e+02   2.4200000e+02  -1.5000000e+02
   1.9700000e+02   1.6900000e+02   3.6000000e+01
   2.0000000e+02   3.4800000e+02   1.8000000e+01
   2.1100000e+02   2.8700000e+02   4.7000000e+01
   2.3200000e+02   2.2300000e+02  -1.1700000e+02
   2.4200000e+02   2.1800000e+02  -1.2700000e+02
   2.4600000e+02   2.6000000e+02   5.3000000e+01
   2.5300000e+02   3.3200000e+02   1.8000000e+01
   2.7600000e+02   6.1000000e+01  -1.4100000e+02
   2.8000000e+02   1.0400000e+02  -1.3500000e+02
   2.9100000e+02   1.0500000e+02   4.2000000e+01
   2.9100000e+02   3.3700000e+02   2.2000000e+01
   3.1600000e+02   3.2000000e+02   1.8000000e+01
