   1.2500000e+02   2.0900000e+02  -4.7726311e+01
   1.3100000e+02   1.5900000e+02   1.5343495e+02
   1.3300000e+02   1.2300000e+02   0.0000000e+00
   1.4900000e+02   2.9900000e+02   6.7380135e+01
   1.5300000e+02   1.9800000e+02   1.4974356e+02
   1.6300000e+02   2.9800000e+02   6.3434949e+01
   1.6300000e+02   3.3000000e+02  -1.1656505e+02
   1.6400000e+02   2.5300000e+02   6.7380135e+01
   1.7200000e+02   8.4000000e+01  -1.6156505e+02
   1.8000000e+02   8.5000000e+01   2.6565051e+01
   1.9200000e+02   9.1000000e+01  -1.5343495e+02
   1.9900000e+02   9.5000000e+01   2.1801409e+01
   2.2100000e+02   3.5900000e+02   3.6869898e+01
   2.2400000e+02   1.2000000e+02  -1.4397263e+02
   2.2800000e+02   1.7300000e+02   5.0710593e+01
   2.8200000e+02   1.0300000e+02   4.1987212e+01
   2.8300000e+02   2.8700000e+02  -1.1861046e+02
   2.8700000e+02   2.5200000e+02   6.3434949e+01
   2.9400000e+02   2.9500000e+02   4.7489553e+01
   2.9400000e+02   3.5700000e+02  -1.4630993e+02
   2.9500000e+02   2.8700000e+02  -1.2865981e+02
   3.0300000e+02   2.8500000e+02  -1.1861046e+02
   3.0700000e+02   2.9600000e+02   4.7726311e+01
   3.1100000e+02   3.3800000e+02  -1.4313010e+02
   3.1600000e+02   2.9300000e+02   3.4992020e+01
   3.1800000e+02   2.8300000e+02  -1.4134019e+02
   1.0800000e+02   2.3100000e+02  -7.2000000e+01
   1.5100000e+02   3.2600000e+02  -1.1300000e+02
   1.6900000e+02   2.1800000e+02   2.6000000e+01
   1.7100000e+02   7.1000000e+01  -1.7100000e+02
   2.0600000e+02   2.6900000e+02  -1.2100000e+02
   2.1600000e+02   2.6500000e+02  -1.2400000e+02
   2.2000000e+02   1.9300000e+02   5.9000000e+01
   2.2100000e+02   8.5000000e+01   3.3000000e+01
   2.2200000e+02   3.0700000e+02   5.0000000e+01
   2.4800000e+02   1.4500000e+02  -1.3500000e+02
   2.7600000e+02   1.7100000e+02  -1.3000000e+02
   3.2100000e+02   2.5400000e+02  -1.2700000e+02
