   9.5000000e+01   2.5800000e+02   9.0000000e+01
   1.1400000e+02   1.8000000e+02   9.9462322e+01
   1.2500000e+02   2.9500000e+02   6.5556045e+01
   1.3000000e+02   1.1800000e+02   1.3500000e+02
   1.3200000e+02   9.7000000e+01   1.4397263e+02
   1.3600000e+02   1.1200000e+02  -2.4443955e+01
   1.3800000e+02   3.1800000e+02  -1.2369007e+02
   1.4700000e+02   6.1000000e+01  -4.7636417e+00
   1.5000000e+02   2.3300000e+02   7.5963757e+01
   1.5100000e+02   7.7000000e+01   1.8000000e+02
   1.5500000e+02   3.1700000e+02   2.8610460e+01
   1.5600000e+02   1.3100000e+02   1.4313010e+02
   1.6200000e+02   2.6200000e+02  -1.1656505e+02
   1.6600000e+02   1.8600000e+02   7.1565051e+01
   1.6700000e+02   3.1600000e+02  -1.4630993e+02
   1.8300000e+02   3.5100000e+02  -1.6596376e+02
   1.9000000e+02   3.2200000e+02  -1.5738014e+02
   2.1100000e+02   3.6000000e+01   3.3690068e+01
   2.1900000e+02   2.9200000e+02   3.6869898e+01
   2.3300000e+02   6.0000000e+01  -1.4630993e+02
   2.3300000e+02   3.3300000e+02  -1.6596376e+02
   2.3400000e+02   1.1000000e+02   5.6309932e+01
   2.4100000e+02   3.0800000e+02  -1.4630993e+02
   2.8200000e+02   3.0400000e+02  -1.5343495e+02
   2.9000000e+02   1.9400000e+02   6.7380135e+01
   2.9200000e+02   2.9400000e+02  -1.4313010e+02
   2.9500000e+02   2.2700000e+02  -1.2247119e+02
   2.9600000e+02   2.3700000e+02   5.0710593e+01
   3.0300000e+02   2.2700000e+02  -1.1261986e+02
   3.0900000e+02   2.3700000e+02   5.3130102e+01
   3.1100000e+02   2.7800000e+02  -1.4019443e+02
   3.1800000e+02   2.2800000e+02  -1.2602737e+02
   3.1900000e+02   2.3800000e+02   4.5000000e+01
   3.2800000e+02   2.2700000e+02  -1.2025644e+02
   1.0400000e+02   2.4300000e+02  -9.0000000e+01
   1.7100000e+02   1.4900000e+02   3.0000000e+01
   1.7600000e+02   3.2800000e+02   1.4000000e+01
   1.8600000e+02   2.6700000e+02   4.5000000e+01
   1.9800000e+02   3.5900000e+02   1.7000000e+02
   2.0600000e+02   2.0200000e+02  -1.1700000e+02
   2.0800000e+02   3.5700000e+02   4.0000000e+00
   2.1700000e+02   1.9800000e+02  -1.2700000e+02
   2.2100000e+02   2.3900000e+02  -1.2900000e+02
   2.2400000e+02   1.2900000e+02   6.3000000e+01
   2.2900000e+02   3.1200000e+02   1.8000000e+01
   2.6600000e+02   3.1800000e+02   1.4000000e+01
