   1.3300000e+02   1.8100000e+02  -1.1261986e+02
   1.3500000e+02   1.4200000e+02   7.1565051e+01
   1.6900000e+02   2.7100000e+02  -1.1656505e+02
   1.7300000e+02   2.7800000e+02   4.2510447e+01
   2.1500000e+02   2.0100000e+02  -1.4630993e+02
   2.1800000e+02   5.1000000e+01  -1.4500798e+02
   2.2800000e+02   5.9000000e+01   3.6027373e+01
   2.2900000e+02   4.6000000e+01  -1.5738014e+02
   2.3300000e+02   2.5700000e+02   1.0304846e+01
   2.3400000e+02   1.8900000e+02  -1.4019443e+02
   2.4100000e+02   2.5200000e+02  -1.6596376e+02
   2.6400000e+02   2.4800000e+02  -1.7523636e+02
   2.7000000e+02   2.7900000e+02   1.7053768e+02
   2.7700000e+02   2.0500000e+02   2.4443955e+01
   2.9000000e+02   2.2400000e+02  -1.7053768e+02
   2.9100000e+02   1.1900000e+02  -1.3500000e+02
   3.0100000e+02   1.1600000e+02  -1.3500000e+02
   3.0700000e+02   2.4100000e+02   1.7523636e+02
   3.2200000e+02   1.8300000e+02  -1.6596376e+02
   3.2800000e+02   2.0900000e+02   1.8000000e+02
   3.3100000e+02   2.0100000e+02  -1.7523636e+02
   7.9000000e+01   1.2100000e+02   1.0800000e+02
   9.6000000e+01   5.5000000e+01  -5.1000000e+01
   1.1100000e+02   1.4300000e+02   7.1000000e+01
   1.4500000e+02   1.8400000e+02  -1.1700000e+02
   1.5100000e+02   1.0900000e+02  -9.0000000e+01
   1.6400000e+02   5.9000000e+01   1.7500000e+02
   2.0700000e+02   2.3600000e+02  -1.4100000e+02
   2.2500000e+02   1.2800000e+02  -1.4400000e+02
   2.8300000e+02   2.4300000e+02  -1.7600000e+02
