   9.7000000e+01   2.2200000e+02   9.0000000e+01
   1.1100000e+02   2.7700000e+02  -1.0998311e+02
   1.1200000e+02   2.3300000e+02   8.5236358e+01
   1.1800000e+02   1.8400000e+02  -8.5236358e+01
   1.2000000e+02   1.9200000e+02   8.5236358e+01
   1.2100000e+02   1.6000000e+02   9.9462322e+01
   1.2900000e+02   3.1400000e+02  -1.3500000e+02
   1.3500000e+02   2.7700000e+02   6.7380135e+01
   1.3900000e+02   3.1400000e+02  -1.3227369e+02
   1.4000000e+02   7.9000000e+01   1.4630993e+02
   1.5600000e+02   1.1700000e+02   1.3227369e+02
   1.6200000e+02   1.7400000e+02  -8.5236358e+01
   1.6500000e+02   1.8500000e+02   6.7380135e+01
   1.7000000e+02   2.1000000e+01   1.8000000e+02
   1.7100000e+02   1.7100000e+02   7.5963757e+01
   1.7300000e+02   1.6300000e+02  -9.0000000e+01
   1.7600000e+02   3.0100000e+02  -1.4630993e+02
   1.7900000e+02   2.2000000e+01   1.4036243e+01
   1.9600000e+02   3.3600000e+02  -1.7053768e+02
   1.9900000e+02   3.0800000e+02  -1.4752881e+02
   2.2400000e+02   3.5300000e+02   0.0000000e+00
   2.3600000e+02   3.7000000e+01  -1.4752881e+02
   2.3600000e+02   4.5000000e+01  -1.4974356e+02
   2.3600000e+02   9.1000000e+01   5.3972627e+01
   2.4400000e+02   4.8000000e+01   9.0000000e+01
   2.4400000e+02   3.1700000e+02  -1.7053768e+02
   2.5100000e+02   2.9000000e+01   5.3972627e+01
   2.6300000e+02   6.4000000e+01   4.1987212e+01
   2.6900000e+02   2.5700000e+02  -1.3227369e+02
   2.7800000e+02   2.5600000e+02   3.9289407e+01
   2.8600000e+02   8.8000000e+01   4.9398705e+01
   2.8700000e+02   2.5400000e+02  -1.4974356e+02
   2.9300000e+02   2.0500000e+02  -1.1861046e+02
   2.9400000e+02   2.5800000e+02   3.6027373e+01
   2.9800000e+02   1.7100000e+02   6.3434949e+01
   3.0300000e+02   1.6400000e+02  -1.2602737e+02
   3.0400000e+02   2.1200000e+02   4.8012788e+01
   3.0500000e+02   2.0400000e+02  -1.2865981e+02
   3.0900000e+02   1.7100000e+02   6.3434949e+01
   3.1400000e+02   2.0100000e+02  -1.2247119e+02
   2.1000000e+02   1.8700000e+02  -1.1300000e+02
   2.2800000e+02   2.2500000e+02   5.0000000e+01
   2.4100000e+02   1.3800000e+02   6.1000000e+01
   2.4300000e+02   1.6500000e+02  -1.1700000e+02
   2.7700000e+02   3.0000000e+02   1.4000000e+01
   3.1100000e+02   2.8200000e+02  -1.7600000e+02
