   1.0700000e+02   1.4900000e+02  -4.8012788e+01
   1.0800000e+02   1.2900000e+02  -5.6309932e+01
   1.0900000e+02   1.1100000e+02  -4.7489553e+01
   1.1900000e+02   2.3900000e+02   1.0843495e+02
   1.4400000e+02   8.7000000e+01   1.3227369e+02
   1.4500000e+02   3.5700000e+02  -1.7480557e+02
   1.4600000e+02   2.2500000e+02  -7.5963757e+01
   1.4600000e+02   2.3400000e+02   9.9462322e+01
   1.6000000e+02   2.4000000e+02   9.0000000e+01
   1.6400000e+02   3.5300000e+02  -1.2025644e+02
   1.9300000e+02   3.5300000e+02  -1.4019443e+02
   1.9700000e+02   8.0000000e+01  -9.4623222e+00
   2.0400000e+02   3.5400000e+02  -1.3500000e+02
   2.2200000e+02   2.5500000e+02   7.1565051e+01
   2.2900000e+02   3.4000000e+02   3.4992020e+01
   2.3500000e+02   2.8800000e+02  -1.1656505e+02
   2.3600000e+02   2.0900000e+02   7.1565051e+01
   2.3800000e+02   3.6000000e+01   1.8000000e+02
   2.4500000e+02   3.5400000e+02  -1.7523636e+02
   2.4600000e+02   3.9000000e+01   1.8434949e+01
   2.6300000e+02   3.4600000e+02  -1.5343495e+02
   2.9200000e+02   7.1000000e+01  -1.4630993e+02
   2.9200000e+02   2.1800000e+02  -1.5819859e+02
   2.9300000e+02   1.2300000e+02   4.8012788e+01
   3.0800000e+02   3.5500000e+02  -1.6596376e+02
   3.1400000e+02   9.1000000e+01   3.6027373e+01
   3.1600000e+02   1.4200000e+02  -1.1656505e+02
   3.1800000e+02   2.0500000e+02  -1.0843495e+02
   3.2100000e+02   2.1300000e+02   6.1389540e+01
   3.5000000e+02   2.8800000e+02  -1.5738014e+02
   1.3500000e+02   1.5900000e+02   1.2300000e+02
   1.5700000e+02   1.9400000e+02   1.1600000e+02
   1.7800000e+02   2.6600000e+02  -9.0000000e+01
   1.8600000e+02   2.5200000e+02  -9.5000000e+01
   2.0100000e+02   2.2600000e+02  -1.0500000e+02
   2.0300000e+02   3.1100000e+02   5.6000000e+01
   2.2500000e+02   1.4900000e+02   0.0000000e+00
   2.2800000e+02   2.4900000e+02  -1.0900000e+02
   2.4300000e+02   2.8600000e+02  -1.2700000e+02
   2.4400000e+02   1.6300000e+02  -1.6600000e+02
   2.9400000e+02   2.6300000e+02  -1.3200000e+02
   3.0600000e+02   1.3800000e+02  -1.3300000e+02
   3.0600000e+02   2.0000000e+02  -1.0900000e+02
   3.0700000e+02   2.3300000e+02  -1.1700000e+02
   3.2500000e+02   1.3900000e+02  -1.3900000e+02
   3.4200000e+02   3.3700000e+02   4.0000000e+00
