   1.3900000e+02   1.7500000e+02  -7.5963757e+01
   1.5500000e+02   1.5100000e+02  -6.3434949e+01
   1.7000000e+02   2.8300000e+02   5.3972627e+01
   1.7100000e+02   1.9800000e+02   8.5236358e+01
   1.7400000e+02   1.5200000e+02   1.0403624e+02
   1.7900000e+02   6.3000000e+01  -4.7636417e+00
   1.8100000e+02   1.8100000e+02  -9.4763642e+01
   1.8300000e+02   1.9800000e+02   0.0000000e+00
   1.8300000e+02   2.0700000e+02   8.0537678e+01
   1.8400000e+02   1.1200000e+02  -2.2619865e+01
   1.9000000e+02   2.9800000e+02   4.2273689e+01
   1.9700000e+02   2.1500000e+02  -1.0843495e+02
   1.9900000e+02   8.8000000e+01   4.7636417e+00
   1.9900000e+02   1.7500000e+02  -9.0000000e+01
   2.0500000e+02   2.0700000e+02   7.1565051e+01
   2.0700000e+02   7.9000000e+01   1.8000000e+02
   2.0700000e+02   1.7800000e+02   7.5963757e+01
   2.0900000e+02   1.0800000e+02  -1.7523636e+02
   2.1300000e+02   1.2100000e+02  -1.6474488e+02
   2.1700000e+02   8.1000000e+01   1.2528808e+01
   2.2000000e+02   1.0900000e+02   3.3690068e+01
   2.2300000e+02   1.2100000e+02   4.5000000e+01
   2.2400000e+02   2.9100000e+02  -1.3227369e+02
   2.3100000e+02   2.9500000e+02   5.4462322e+01
   2.3700000e+02   1.7300000e+02  -1.1861046e+02
   2.3800000e+02   1.8200000e+02   6.1389540e+01
   2.4000000e+02   5.0000000e+01  -1.6596376e+02
   2.4000000e+02   2.1100000e+02  -1.1261986e+02
   2.4000000e+02   2.4200000e+02  -1.0843495e+02
   2.4700000e+02   2.5000000e+02   4.7726311e+01
   2.5200000e+02   7.7000000e+01  -1.4752881e+02
   2.5600000e+02   3.2300000e+02  -1.6156505e+02
   2.5800000e+02   2.4500000e+02   5.6309932e+01
   2.5800000e+02   2.8600000e+02   3.6027373e+01
   2.5900000e+02   1.9600000e+02   6.1389540e+01
   2.6400000e+02   1.0100000e+02  -1.2865981e+02
   2.6500000e+02   3.2600000e+02   1.2528808e+01
   2.6800000e+02   8.8000000e+01   3.5537678e+01
   2.7400000e+02   1.1800000e+02   6.3434949e+01
   2.7400000e+02   3.2800000e+02  -1.6747119e+02
   2.7800000e+02   1.8100000e+02  -1.0403624e+02
   2.8000000e+02   1.5000000e+02   6.7380135e+01
   2.8100000e+02   2.4000000e+02  -1.2369007e+02
   2.8400000e+02   2.4800000e+02   4.7726311e+01
   2.8600000e+02   1.0700000e+02   1.8434949e+01
   2.9300000e+02   1.8900000e+02   6.3434949e+01
   2.9300000e+02   2.1900000e+02   5.9743563e+01
   3.0400000e+02   2.1300000e+02  -1.1261986e+02
   3.0500000e+02   1.8900000e+02   7.1565051e+01
   3.0800000e+02   2.2600000e+02   5.1340192e+01
   3.1200000e+02   2.8100000e+02  -1.5094540e+02
   3.1200000e+02   3.0100000e+02   9.0000000e+01
   3.1300000e+02   2.1400000e+02  -1.0843495e+02
   3.1600000e+02   2.3600000e+02  -1.2865981e+02
   3.1700000e+02   2.2600000e+02   0.0000000e+00
   1.6900000e+02   1.7000000e+02   1.8000000e+02
   2.1100000e+02   2.7600000e+02   4.7000000e+01
