   1.1000000e+02   1.1900000e+02  -7.5963757e+01
   1.1100000e+02   1.6300000e+02  -7.7471192e+01
   1.2900000e+02   2.6000000e+02  -6.7380135e+01
   1.3300000e+02   2.7000000e+02  -6.3434949e+01
   1.3700000e+02   3.1100000e+02  -5.5007980e+01
   1.3900000e+02   2.3700000e+02   1.1261986e+02
   1.6500000e+02   2.4700000e+02   1.0130993e+02
   1.7000000e+02   1.2300000e+02   9.0000000e+01
   1.7500000e+02   1.0300000e+02  -7.5963757e+01
   1.8400000e+02   3.2000000e+01   0.0000000e+00
   2.3500000e+02   1.4300000e+02   7.1565051e+01
   2.4000000e+02   7.2000000e+01  -1.5343495e+02
   2.4100000e+02   3.5200000e+02   1.0403624e+02
   2.6200000e+02   3.2300000e+02   1.8000000e+02
   2.7200000e+02   2.3100000e+02   1.2865981e+02
   2.8300000e+02   1.5600000e+02  -9.4763642e+01
   2.4100000e+02   8.0000000e+01  -1.6200000e+02
   2.6100000e+02   2.6800000e+02  -1.6200000e+02
   2.8100000e+02   2.4700000e+02   1.4300000e+02
