   1.2000000e+02   1.1000000e+02  -8.0537678e+01
   1.4400000e+02   2.3000000e+02   9.6340192e+01
   1.4500000e+02   1.7600000e+02  -8.5236358e+01
   1.4500000e+02   1.8500000e+02   9.0000000e+01
   2.1600000e+02   1.2300000e+02   7.5963757e+01
   2.2500000e+02   2.0000000e+02   3.0256437e+01
   2.4200000e+02   2.1000000e+01   4.5000000e+01
   2.4300000e+02   3.5700000e+02   1.0843495e+02
   2.4500000e+02   9.9000000e+01  -1.1656505e+02
   2.6100000e+02   6.3000000e+01  -1.1261986e+02
   2.6600000e+02   7.4000000e+01   7.5963757e+01
   2.7300000e+02   3.5000000e+01   6.3434949e+01
   2.8400000e+02   2.7400000e+02  -3.9289407e+01
   3.0700000e+02   1.3100000e+02  -9.9462322e+01
   1.6300000e+02   2.9700000e+02   3.6000000e+01
   1.9000000e+02   2.9400000e+02   3.3000000e+01
   1.9500000e+02   1.2200000e+02   1.0400000e+02
   2.0200000e+02   3.0200000e+02  -1.4700000e+02
   2.1100000e+02   3.2500000e+02  -1.7300000e+02
   2.1900000e+02   6.2000000e+01   3.9000000e+01
   2.4300000e+02   2.4900000e+02  -1.6800000e+02
   2.4900000e+02   2.1100000e+02  -6.4000000e+01
   2.6000000e+02   3.4700000e+02   1.8000000e+02
   2.6200000e+02   2.2900000e+02   1.4300000e+02
   2.7400000e+02   7.1000000e+01  -1.2100000e+02
   2.9400000e+02   1.1500000e+02  -1.1700000e+02
