   1.8200000e+02   2.3700000e+02   1.1261986e+02
   1.8300000e+02   1.7400000e+02   1.0252881e+02
   2.0900000e+02   2.4700000e+02   1.0130993e+02
   2.3300000e+02   3.5800000e+02   1.4212502e+02
   2.5600000e+02   3.3600000e+02  -1.4313010e+02
   2.6700000e+02   2.0900000e+02   7.1565051e+01
   2.7600000e+02   3.2300000e+02  -1.6156505e+02
   2.8100000e+02   1.4100000e+02   8.0537678e+01
   2.8500000e+02   2.3500000e+02   3.0256437e+01
   3.0700000e+02   3.2400000e+02  -1.7523636e+02
   3.1500000e+02   3.2100000e+02  -4.7636417e+00
   3.3200000e+02   9.2000000e+01   8.0537678e+01
   3.3500000e+02   3.1900000e+02   1.7523636e+02
   3.4600000e+02   2.9300000e+02  -3.6869898e+01
   3.4800000e+02   2.4700000e+02   9.9462322e+01
   2.4400000e+02   2.9400000e+02  -1.1300000e+02
   2.7400000e+02   3.3100000e+02  -1.7600000e+02
   3.0500000e+02   2.6800000e+02  -1.5800000e+02
   3.1100000e+02   2.3000000e+02   1.6000000e+02
   3.4200000e+02   9.1000000e+01   5.7000000e+01
