   1.0000000e+02   9.1000000e+01   6.7380135e+01
   1.4900000e+02   5.3000000e+01   2.6565051e+01
   1.5500000e+02   1.9600000e+02   6.7380135e+01
   2.0000000e+02   2.7900000e+02  -1.4397263e+02
   2.4700000e+02   1.6700000e+02   9.9462322e+01
   2.5500000e+02   1.4800000e+02  -1.1656505e+02
   2.5900000e+02   3.0300000e+02   6.8198591e+01
   2.6000000e+02   2.6900000e+02   1.7053768e+02
   2.8700000e+02   2.4000000e+02   1.4397263e+02
   2.8700000e+02   2.5300000e+02   1.5343495e+02
   2.9300000e+02   2.4700000e+02  -3.6869898e+01
   3.0500000e+02   2.0600000e+02  -6.3434949e+01
   3.1200000e+02   1.7600000e+02  -9.9462322e+01
   3.1700000e+02   2.8500000e+02   1.4630993e+02
   3.2500000e+02   2.3800000e+02   1.4974356e+02
   3.2900000e+02   2.1300000e+02  -4.7726311e+01
   3.3200000e+02   2.3300000e+02  -2.8610460e+01
   1.2400000e+02   4.5000000e+01   1.6300000e+02
   1.2500000e+02   6.8000000e+01   9.9000000e+01
   1.4000000e+02   4.9000000e+01   4.5000000e+01
   1.4100000e+02   6.2000000e+01   1.7500000e+02
   1.5000000e+02   1.1800000e+02  -1.2100000e+02
   2.0000000e+02   2.3500000e+02  -1.3100000e+02
   2.1700000e+02   1.0900000e+02  -1.2700000e+02
   2.1900000e+02   1.8600000e+02  -1.4400000e+02
   2.3400000e+02   1.6000000e+02   0.0000000e+00
   2.3400000e+02   2.7000000e+02   9.0000000e+00
   2.5400000e+02   2.0400000e+02   1.7300000e+02
   2.9500000e+02   3.0000000e+02  -3.4000000e+01
   3.0800000e+02   2.9200000e+02   1.4600000e+02
   3.1500000e+02   2.4400000e+02   1.4000000e+02
