   1.5300000e+02   4.3000000e+01   1.0252881e+02
   1.5400000e+02   3.5000000e+01  -8.0537678e+01
   1.5600000e+02   8.3000000e+01   1.0403624e+02
   1.6200000e+02   1.7600000e+02   1.8434949e+01
   1.6500000e+02   1.3400000e+02  -1.0843495e+02
   1.6700000e+02   1.8800000e+02  -1.6969515e+02
   1.7100000e+02   6.9000000e+01   9.4763642e+01
   1.7700000e+02   1.7000000e+02   0.0000000e+00
   2.0700000e+02   2.1100000e+02   1.8000000e+02
   2.0900000e+02   1.8800000e+02   1.6699244e+01
   2.0900000e+02   2.5000000e+02  -2.8610460e+01
   2.2200000e+02   1.6100000e+02  -1.5738014e+02
   2.5400000e+02   1.6400000e+02  -1.7523636e+02
   2.6200000e+02   2.5900000e+02   9.0000000e+01
   2.6300000e+02   1.6400000e+02  -9.4623222e+00
   2.6900000e+02   1.2200000e+02  -7.1250163e+00
   2.9900000e+02   1.3600000e+02  -3.3690068e+01
   3.0000000e+02   2.1700000e+02   1.6596376e+02
   3.1500000e+02   1.5300000e+02  -9.4623222e+00
   3.1900000e+02   7.0000000e+01   9.0000000e+01
   3.2000000e+02   2.4000000e+01  -8.4289407e+01
   3.2200000e+02   3.2000000e+01  -9.0000000e+01
   3.2300000e+02   1.1500000e+02  -7.1565051e+01
   1.5900000e+02   1.6400000e+02   1.1000000e+01
   1.9300000e+02   1.0000000e+02   6.7000000e+01
   1.9800000e+02   1.4800000e+02   3.2000000e+01
   2.2300000e+02   2.6200000e+02  -1.9000000e+01
   2.3400000e+02   1.8200000e+02  -1.7600000e+02
   2.3400000e+02   1.9300000e+02   1.8000000e+02
   2.5700000e+02   9.6000000e+01  -1.5800000e+02
   2.5800000e+02   1.1200000e+02  -1.5400000e+02
   2.6300000e+02   2.1800000e+02  -1.5000000e+01
   2.7100000e+02   2.6100000e+02   1.4600000e+02
   2.7200000e+02   7.3000000e+01  -7.2000000e+01
   2.7900000e+02   9.5000000e+01   1.4900000e+02
   2.8300000e+02   1.7200000e+02   1.7500000e+02
   2.8400000e+02   2.3100000e+02  -1.7600000e+02
   3.0600000e+02   2.0800000e+02  -1.6200000e+02
   3.0900000e+02   1.9400000e+02   1.7500000e+02
