   1.1800000e+02   1.5300000e+02   1.5343495e+02
   1.2900000e+02   1.3800000e+02  -4.7636417e+00
   1.5000000e+02   3.5800000e+02  -1.1261986e+02
   1.6900000e+02   3.6000000e+02  -1.0669924e+02
   9.9000000e+01   2.5900000e+02   1.0400000e+02
   1.2100000e+02   2.8500000e+02   7.1000000e+01
   1.3300000e+02   2.9100000e+02  -1.0500000e+02
   1.3700000e+02   1.9800000e+02  -1.5000000e+01
   1.4500000e+02   2.5700000e+02   9.4000000e+01
   1.6700000e+02   2.5600000e+02   1.2000000e+02
   1.8600000e+02   2.4600000e+02   3.3000000e+01
   1.8700000e+02   3.4100000e+02  -1.2100000e+02
   1.9300000e+02   3.5300000e+02  -1.1700000e+02
   2.2100000e+02   3.2500000e+02  -1.2100000e+02
   2.2600000e+02   2.0700000e+02   4.5000000e+01
   2.3400000e+02   2.2500000e+02  -1.3800000e+02
   2.5400000e+02   3.1400000e+02  -1.1700000e+02
   2.7300000e+02   3.5600000e+02   6.5000000e+01
