   8.4000000e+01   1.6700000e+02  -7.1565051e+01
   1.1300000e+02   3.2600000e+02   8.5236358e+01
   1.8600000e+02   3.3900000e+02   2.2619865e+01
   1.9000000e+02   1.9600000e+02  -1.3500000e+02
   2.2900000e+02   9.3000000e+01   5.3130102e+01
   2.8500000e+02   2.3200000e+02   5.9743563e+01
   1.0600000e+02   2.1600000e+02   8.0000000e+01
   1.3100000e+02   1.2200000e+02  -5.0000000e+00
   1.3600000e+02   1.9800000e+02   9.9000000e+01
   1.5300000e+02   2.9200000e+02  -1.0900000e+02
   1.5900000e+02   2.1800000e+02   9.4000000e+01
   1.6400000e+02   2.9400000e+02  -1.1300000e+02
   1.6600000e+02   3.1500000e+02  -1.1700000e+02
   1.7300000e+02   2.0000000e+02  -1.4100000e+02
   1.7700000e+02   3.0200000e+02  -1.1700000e+02
   1.9700000e+02   2.2800000e+02  -1.1300000e+02
   2.0100000e+02   3.4400000e+02  -1.6600000e+02
   2.0500000e+02   3.5300000e+02  -1.7100000e+02
   2.1100000e+02   3.4000000e+02   1.6100000e+02
   2.2000000e+02   3.3300000e+02  -6.4000000e+01
   2.2900000e+02   3.0700000e+02   7.5000000e+01
   2.4100000e+02   2.0900000e+02   6.3000000e+01
   2.6400000e+02   3.5900000e+02  -4.5000000e+01
   2.6700000e+02   2.7700000e+02  -1.1300000e+02
   2.7200000e+02   3.2100000e+02   5.9000000e+01
