   9.1000000e+01   1.5100000e+02   9.9462322e+01
   1.0000000e+02   2.4200000e+02   8.5236358e+01
   1.1800000e+02   3.1500000e+02   3.0256437e+01
   1.2200000e+02   3.4300000e+02  -1.6474488e+02
   1.4200000e+02   3.4000000e+02  -1.7053768e+02
   1.4500000e+02   2.4900000e+02   6.7380135e+01
   1.5200000e+02   3.6000000e+01   1.7053768e+02
   1.6100000e+02   2.3200000e+02   7.5963757e+01
   1.6800000e+02   4.5000000e+01   0.0000000e+00
   1.7200000e+02   2.2900000e+02   8.2874984e+01
   1.8400000e+02   3.5000000e+02  -1.7053768e+02
   1.9400000e+02   3.4900000e+02   9.4623222e+00
   1.9500000e+02   2.1500000e+02   7.1565051e+01
   2.2800000e+02   3.0200000e+02  -1.4974356e+02
   2.3800000e+02   5.1000000e+01   3.6027373e+01
   2.3900000e+02   8.0000000e+01   4.7489553e+01
   2.5200000e+02   5.4000000e+01  -1.4071059e+02
   2.5200000e+02   3.5100000e+02   1.7053768e+02
   2.5600000e+02   3.1300000e+02  -1.7523636e+02
   2.6700000e+02   2.8400000e+02  -1.6596376e+02
   2.8100000e+02   2.4500000e+02   3.9805571e+01
   2.8200000e+02   3.4200000e+02   1.6596376e+02
   2.8700000e+02   3.3400000e+02  -1.7523636e+02
   2.9000000e+02   3.4200000e+02   1.8434949e+01
   2.9600000e+02   3.3600000e+02   0.0000000e+00
   2.9800000e+02   3.1900000e+02   9.4623222e+00
   3.1000000e+02   2.6700000e+02  -1.4313010e+02
   1.4300000e+02   1.5700000e+02   9.4000000e+01
   1.6400000e+02   2.2100000e+02  -1.1900000e+02
   1.8700000e+02   2.0600000e+02   9.0000000e+01
   2.1000000e+02   1.5200000e+02   4.8000000e+01
   2.1300000e+02   3.0600000e+02   1.4000000e+01
   2.1800000e+02   2.4100000e+02  -1.2400000e+02
