   8.1000000e+01   9.8000000e+01   9.9462322e+01
   8.4000000e+01   8.7000000e+01  -5.6309932e+01
   8.7000000e+01   2.6100000e+02   3.0256437e+01
   8.9000000e+01   4.7000000e+01  -4.7726311e+01
   8.9000000e+01   3.0000000e+02   1.4036243e+01
   9.7000000e+01   9.8000000e+01   1.0843495e+02
   1.0700000e+02   2.8900000e+02  -1.6001689e+02
   1.1100000e+02   3.1500000e+02  -1.7523636e+02
   1.2000000e+02   7.4000000e+01   1.2787498e+02
   1.2500000e+02   1.9300000e+02   7.5963757e+01
   1.2600000e+02   6.7000000e+01  -3.6027373e+01
   1.4000000e+02   2.0000000e+01   1.5738014e+02
   1.4800000e+02   1.8000000e+01   4.7636417e+00
   1.5900000e+02   1.3500000e+02  -5.0710593e+01
   1.6600000e+02   2.8300000e+02  -1.5343495e+02
   1.7000000e+02   2.9800000e+02  -1.7523636e+02
   1.7800000e+02   2.9800000e+02   1.4036243e+01
   1.8200000e+02   1.6700000e+02   6.7380135e+01
   2.1300000e+02   2.5400000e+02  -1.4397263e+02
   2.1500000e+02   5.8000000e+01  -1.2980557e+02
   2.1500000e+02   2.7700000e+02  -1.6596376e+02
   2.4100000e+02   2.6500000e+02  -1.7053768e+02
   2.4400000e+02   2.2700000e+02  -1.4313010e+02
   2.5300000e+02   2.3600000e+02  -1.6156505e+02
   2.6000000e+02   2.5700000e+02  -1.6001689e+02
   2.8200000e+02   2.7100000e+02  -1.6001689e+02
   7.3000000e+01   1.2200000e+02  -6.4000000e+01
   9.8000000e+01   3.2500000e+02   1.8000000e+02
   1.1400000e+02   2.5800000e+02   3.6000000e+01
   1.3400000e+02   1.0500000e+02   9.9000000e+01
   1.5300000e+02   1.2900000e+02   1.4200000e+02
   1.7600000e+02   1.5700000e+02   9.0000000e+01
   1.9900000e+02   2.5600000e+02   1.8000000e+01
   2.0000000e+02   1.0600000e+02   5.0000000e+01
   2.0100000e+02   2.8600000e+02   4.0000000e+00
   2.2400000e+02   3.0300000e+02   1.7500000e+02
   2.6400000e+02   2.0000000e+02  -1.2400000e+02
