   1.2900000e+02   2.8900000e+02   9.0000000e+01
   1.5600000e+02   1.2100000e+02  -6.3434949e+01
   1.6700000e+02   1.6500000e+02   1.0843495e+02
   1.8700000e+02   1.6900000e+02   7.1565051e+01
   1.8800000e+02   1.1000000e+02   0.0000000e+00
   1.9500000e+02   1.5500000e+02   4.5000000e+01
   2.2200000e+02   2.5700000e+02  -1.1261986e+02
   2.2500000e+02   2.6600000e+02   5.6309932e+01
   2.3400000e+02   1.0700000e+02  -1.1905460e+02
   2.3800000e+02   1.5200000e+02  -9.9462322e+01
   2.5600000e+02   2.0800000e+02   8.0537678e+01
   2.6100000e+02   9.8000000e+01  -1.1055605e+02
   2.6100000e+02   1.8500000e+02   9.0000000e+01
   2.7500000e+02   1.9600000e+02  -9.0000000e+01
   2.2300000e+02   8.8000000e+01   5.4000000e+01
