   9.8000000e+01   1.9400000e+02   1.1261986e+02
   1.3200000e+02   3.5200000e+02  -1.2025644e+02
   1.4200000e+02   3.5300000e+02  -1.2602737e+02
   1.4300000e+02   1.2500000e+02  -4.7636417e+00
   1.4500000e+02   2.5600000e+02  -8.5236358e+01
   1.4900000e+02   2.0600000e+02   1.3772631e+02
   1.6000000e+02   2.5200000e+02  -5.6309932e+01
   1.6200000e+02   2.9500000e+02   6.7380135e+01
   1.8300000e+02   2.2200000e+02  -1.5738014e+02
   1.8500000e+02   2.8000000e+02   6.7380135e+01
   1.9100000e+02   3.5600000e+02  -1.3227369e+02
   1.9700000e+02   3.1400000e+02   4.5000000e+01
   2.0600000e+02   1.2200000e+02   3.3690068e+01
   2.2200000e+02   2.6400000e+02   6.3434949e+01
   2.2400000e+02   1.4300000e+02   4.7726311e+01
   2.4900000e+02   3.3800000e+02  -1.4313010e+02
   2.5100000e+02   2.4200000e+02   7.0016893e+01
   2.5500000e+02   2.5300000e+02  -1.0998311e+02
   2.5800000e+02   3.4600000e+02  -1.7053768e+02
   2.6800000e+02   2.4400000e+02  -1.2369007e+02
   1.2300000e+02   2.5700000e+02  -9.5000000e+01
   1.4200000e+02   2.7200000e+02  -1.0000000e+02
   1.7900000e+02   2.7200000e+02   9.0000000e+01
   2.7300000e+02   2.5500000e+02   5.0000000e+01
