   9.3000000e+01   1.5900000e+02   1.0403624e+02
   9.8000000e+01   3.3800000e+02  -1.4036243e+01
   9.9000000e+01   1.5200000e+02  -6.7380135e+01
   1.0100000e+02   1.2800000e+02   1.2247119e+02
   1.0400000e+02   3.1100000e+02   9.9462322e+01
   1.8600000e+02   3.4300000e+02  -1.2247119e+02
   1.9600000e+02   4.5000000e+01   4.7636417e+00
   2.0600000e+02   3.1000000e+01   1.7523636e+02
   2.8000000e+02   3.2300000e+02  -1.4630993e+02
   3.1000000e+02   3.6000000e+02   1.4036243e+01
   3.2100000e+02   3.5300000e+02  -1.7523636e+02
   3.2900000e+02   3.5400000e+02   1.4036243e+01
   8.7000000e+01   2.8700000e+02   1.3200000e+02
   8.9000000e+01   2.4200000e+02   1.1600000e+02
   1.1000000e+02   3.5900000e+02   1.5000000e+01
   1.2300000e+02   2.5700000e+02  -9.0000000e+01
   1.2400000e+02   2.1200000e+02  -6.2000000e+01
   1.2600000e+02   7.2000000e+01   1.4000000e+02
   1.2800000e+02   3.4300000e+02   3.0000000e+01
   1.6100000e+02   1.7900000e+02   9.4000000e+01
   1.6200000e+02   3.2400000e+02   4.7000000e+01
   1.6600000e+02   2.3700000e+02  -9.0000000e+01
   1.7000000e+02   3.4800000e+02   3.6000000e+01
   1.7300000e+02   4.4000000e+01   1.6100000e+02
   1.7700000e+02   5.3000000e+01  -2.2000000e+01
   1.7800000e+02   2.6000000e+02  -1.0500000e+02
   1.8200000e+02   1.2600000e+02   1.4000000e+02
   1.8400000e+02   4.2000000e+01   1.7000000e+02
   1.8500000e+02   1.0700000e+02   1.5300000e+02
   1.8500000e+02   1.9000000e+02   9.9000000e+01
   1.9800000e+02   2.2300000e+02  -1.1500000e+02
   2.0100000e+02   6.3000000e+01   9.0000000e+00
   2.0500000e+02   2.3300000e+02   8.5000000e+01
   2.0700000e+02   7.6000000e+01   0.0000000e+00
   2.2700000e+02   2.4800000e+02  -9.0000000e+01
   2.4700000e+02   2.7700000e+02   5.5000000e+01
   2.7400000e+02   1.1600000e+02  -1.4100000e+02
   2.8700000e+02   1.0300000e+02  -1.4100000e+02
   3.0500000e+02   2.1100000e+02   8.5000000e+01
   3.3100000e+02   2.3600000e+02  -1.3200000e+02
   3.4000000e+02   2.3100000e+02   4.7000000e+01
