   5.4000000e+01   2.1800000e+02   9.9462322e+01
   6.7000000e+01   1.5400000e+02   1.5819859e+02
   7.7000000e+01   3.5400000e+02  -1.1656505e+02
   9.1000000e+01   7.2000000e+01   0.0000000e+00
   9.4000000e+01   9.9000000e+01   1.7523636e+02
   1.0100000e+02   7.2000000e+01   4.7636417e+00
   1.2600000e+02   1.3500000e+02  -1.6869007e+02
   1.7100000e+02   1.6800000e+02  -1.3500000e+02
   2.2000000e+02   7.4000000e+01  -1.3772631e+02
   2.2300000e+02   3.0000000e+02  -1.3227369e+02
   2.2400000e+02   6.7000000e+01   5.0194429e+01
   2.4700000e+02   3.5600000e+02  -1.6596376e+02
   2.5700000e+02   2.0200000e+02  -1.2369007e+02
   2.6800000e+02   3.2200000e+02  -1.5343495e+02
   6.8000000e+01   2.5000000e+02  -9.5000000e+01
   7.3000000e+01   1.4600000e+02  -3.1000000e+01
   8.2000000e+01   8.0000000e+01  -5.0000000e+00
   9.5000000e+01   2.6000000e+02   7.4000000e+01
   1.0500000e+02   2.9900000e+02  -1.1300000e+02
   1.1000000e+02   2.5700000e+02  -9.5000000e+01
   1.1100000e+02   1.0400000e+02   4.0000000e+00
   1.1100000e+02   1.1400000e+02   4.0000000e+00
   1.3600000e+02   2.6000000e+02   9.9000000e+01
   1.4000000e+02   3.5600000e+02   4.5000000e+01
   1.7800000e+02   1.4100000e+02  -1.4400000e+02
   1.7900000e+02   1.0500000e+02  -1.5400000e+02
   2.3400000e+02   3.1600000e+02  -1.4200000e+02
   2.8200000e+02   1.7900000e+02  -1.1500000e+02
