   1.2500000e+02   1.1300000e+02  -4.5000000e+01
   1.3100000e+02   1.3400000e+02  -5.9036243e+01
   1.3900000e+02   2.4400000e+02  -9.7125016e+01
   1.5100000e+02   3.0400000e+02  -1.2025644e+02
   1.5600000e+02   9.2000000e+01   1.5738014e+02
   1.6400000e+02   9.0000000e+01  -5.7105931e+00
   1.9000000e+02   5.3000000e+01   9.4623222e+00
   2.0700000e+02   2.3800000e+02   6.7380135e+01
   3.0300000e+02   3.1000000e+02   3.0256437e+01
   3.1500000e+02   2.0300000e+02  -1.2865981e+02
   2.0000000e+02   2.2700000e+02   9.5000000e+01
   2.3500000e+02   1.6100000e+02  -1.3000000e+02
