   9.2000000e+01   5.5000000e+01   1.4630993e+02
   9.6000000e+01   2.7900000e+02   6.7380135e+01
   1.0000000e+02   2.1000000e+02   1.0403624e+02
   1.2200000e+02   1.5200000e+02   1.0843495e+02
   1.2200000e+02   2.0900000e+02   8.5236358e+01
   1.2200000e+02   2.2400000e+02  -9.0000000e+01
   1.2200000e+02   2.3400000e+02   9.0000000e+01
   1.3600000e+02   3.2600000e+02  -1.4974356e+02
   1.3900000e+02   2.4800000e+02   7.5963757e+01
   1.4000000e+02   2.3900000e+02   5.7528808e+01
   1.4400000e+02   8.2000000e+01   1.4313010e+02
   1.4600000e+02   2.9800000e+02   4.5000000e+01
   1.4700000e+02   2.2700000e+02  -9.9462322e+01
   1.4800000e+02   1.1900000e+02   1.2025644e+02
   1.5000000e+02   2.3600000e+02   6.5556045e+01
   1.5600000e+02   7.8000000e+01  -5.7105931e+00
   1.5600000e+02   2.2200000e+02  -1.0403624e+02
   1.5800000e+02   6.1000000e+01   0.0000000e+00
   1.5900000e+02   1.8800000e+02   8.5236358e+01
   1.5900000e+02   2.3000000e+02   7.1565051e+01
   1.6600000e+02   7.7000000e+01   1.7428941e+02
   1.7200000e+02   2.1800000e+02  -1.1261986e+02
   1.7200000e+02   3.4500000e+02  -1.6596376e+02
   1.7600000e+02   1.8400000e+02   7.1565051e+01
   1.8300000e+02   6.8000000e+01  -1.7053768e+02
   1.8300000e+02   2.3500000e+02   4.2510447e+01
   1.8800000e+02   8.9000000e+01   3.0256437e+01
   1.9000000e+02   2.6100000e+02   3.2471192e+01
   2.0700000e+02   1.9400000e+02   1.2369007e+02
   2.1100000e+02   3.2400000e+02   7.1250163e+00
   2.2200000e+02   3.1200000e+02  -1.7523636e+02
   2.3200000e+02   2.3400000e+02   1.0403624e+02
   2.4300000e+02   2.7800000e+02  -1.6001689e+02
   2.5000000e+02   2.2900000e+02   7.5963757e+01
   9.4000000e+01   8.3000000e+01   1.3200000e+02
   9.8000000e+01   1.8200000e+02   1.1600000e+02
   1.0000000e+02   9.2000000e+01  -4.0000000e+01
   1.0400000e+02   2.9300000e+02   5.6000000e+01
   1.2100000e+02   1.9300000e+02   9.9000000e+01
   1.4400000e+02   1.9700000e+02  -1.0500000e+02
   1.4900000e+02   1.4900000e+02   1.1600000e+02
   1.5800000e+02   3.1300000e+02   2.6000000e+01
   1.7700000e+02   3.1100000e+02   2.2000000e+01
   1.8200000e+02   2.1800000e+02  -1.1700000e+02
   1.8300000e+02   1.4600000e+02   3.6000000e+01
   1.8700000e+02   1.1300000e+02   3.0000000e+01
   2.0300000e+02   8.1000000e+01  -1.6200000e+02
   2.0500000e+02   6.5000000e+01  -1.5400000e+02
   2.0700000e+02   9.3000000e+01   3.6000000e+01
   2.1700000e+02   9.0000000e+01  -1.4400000e+02
   2.2000000e+02   1.9300000e+02  -9.0000000e+01
   2.2300000e+02   2.5100000e+02  -1.7600000e+02
   2.2700000e+02   1.0900000e+02  -1.4100000e+02
   2.3000000e+02   1.5800000e+02  -1.1700000e+02
   2.4300000e+02   2.2200000e+02   7.5000000e+01
   2.5000000e+02   5.3000000e+01   3.6000000e+01
   2.5600000e+02   1.0300000e+02  -1.3000000e+02
   2.6000000e+02   2.8100000e+02   3.0000000e+01
   2.8400000e+02   1.6500000e+02   4.5000000e+01
   2.8800000e+02   2.0100000e+02  -1.2400000e+02
