   7.9000000e+01   1.8500000e+02   1.2025644e+02
   9.8000000e+01   2.7000000e+02   8.5236358e+01
   1.1900000e+02   1.8600000e+02   1.2025644e+02
   1.2700000e+02   2.9000000e+02  -1.0843495e+02
   1.3100000e+02   2.9800000e+02   5.7528808e+01
   1.5200000e+02   2.5000000e+02   6.7380135e+01
   1.5500000e+02   1.5300000e+02   2.2619865e+01
   1.6600000e+02   2.9900000e+02   3.3690068e+01
   1.7500000e+02   2.7100000e+02  -5.0710593e+01
   1.7600000e+02   3.2200000e+02   1.8434949e+01
   1.7900000e+02   2.8000000e+01  -1.5343495e+02
   1.8500000e+02   2.5600000e+02   1.1656505e+02
   2.1500000e+02   2.9100000e+02   9.4763642e+01
   2.3800000e+02   3.2400000e+02   1.7523636e+02
   2.8200000e+02   1.0200000e+02  -1.3500000e+02
   6.9000000e+01   1.4800000e+02  -3.4000000e+01
   1.1100000e+02   1.4200000e+02  -1.1000000e+01
   1.1900000e+02   2.6300000e+02  -1.0900000e+02
   1.2200000e+02   2.1600000e+02   1.1400000e+02
   1.2400000e+02   6.4000000e+01   9.0000000e+00
   1.2700000e+02   2.0400000e+02   1.1200000e+02
   1.3200000e+02   1.8100000e+02   1.2600000e+02
   1.3300000e+02   1.9300000e+02   1.2000000e+02
   1.3400000e+02   1.4700000e+02   0.0000000e+00
   1.4200000e+02   2.1600000e+02   1.0400000e+02
   1.5700000e+02   2.0000000e+02  -1.6600000e+02
   1.6000000e+02   1.9100000e+02   3.0000000e+01
   1.6100000e+02   2.8300000e+02  -1.2100000e+02
   1.7000000e+02   2.6200000e+02  -1.3800000e+02
   1.7700000e+02   1.5500000e+02   3.9000000e+01
   1.7700000e+02   2.7900000e+02  -1.4700000e+02
   1.8700000e+02   1.5300000e+02  -1.4700000e+02
   1.9800000e+02   2.5600000e+02   7.0000000e+01
   2.0400000e+02   4.8000000e+01  -1.5000000e+02
   2.2600000e+02   1.6000000e+02  -1.3500000e+02
   2.2600000e+02   2.7800000e+02  -1.2100000e+02
   2.3200000e+02   7.5000000e+01   3.6000000e+01
   2.3700000e+02   2.7800000e+02  -1.2700000e+02
   2.6200000e+02   2.1400000e+02   3.3000000e+01
   2.6600000e+02   1.6200000e+02  -1.3500000e+02
   2.9100000e+02   1.8300000e+02  -1.4100000e+02
