   1.0700000e+02   2.3400000e+02   1.3500000e+02
   1.3800000e+02   2.9900000e+02   1.0403624e+02
   1.5500000e+02   3.2400000e+02   9.4763642e+01
   1.6000000e+02   1.7900000e+02   1.5738014e+02
   1.6400000e+02   2.4900000e+02   1.3227369e+02
   1.7300000e+02   2.2700000e+02  -1.8434949e+01
   1.7400000e+02   2.4300000e+02  -1.1309932e+01
   1.7400000e+02   2.8500000e+02   1.1261986e+02
   1.8400000e+02   2.4100000e+02   1.6869007e+02
   1.9000000e+02   3.6000000e+02  -9.0000000e+01
   2.0700000e+02   2.4800000e+02   1.4036243e+01
   2.1800000e+02   2.4000000e+02   2.8610460e+01
   2.4100000e+02   3.5700000e+02  -7.3300756e+01
   2.4200000e+02   1.5200000e+02   2.2619865e+01
   2.5000000e+02   2.2800000e+02   3.3690068e+01
   2.7900000e+02   3.1100000e+02   6.1389540e+01
   3.2400000e+02   3.1000000e+02  -1.2369007e+02
   1.1300000e+02   2.6500000e+02   1.2000000e+02
   1.2100000e+02   2.7000000e+02  -5.1000000e+01
   1.3100000e+02   2.5700000e+02   1.2300000e+02
   1.3800000e+02   3.6000000e+02   1.0800000e+02
   1.7500000e+02   2.7600000e+02  -9.0000000e+01
   1.8000000e+02   3.1500000e+02   1.0600000e+02
   1.9100000e+02   2.5100000e+02   1.6100000e+02
   1.9300000e+02   3.0200000e+02   1.0800000e+02
   2.1000000e+02   1.7600000e+02   1.8000000e+01
   2.1200000e+02   2.7000000e+02   2.6000000e+01
   2.2900000e+02   2.4800000e+02   3.0000000e+01
   2.2900000e+02   3.5600000e+02  -1.3500000e+02
   2.4900000e+02   2.6000000e+02  -1.5000000e+02
   2.5500000e+02   2.4900000e+02   4.5000000e+01
   2.5600000e+02   3.4800000e+02   6.3000000e+01
   2.6100000e+02   3.3100000e+02  -1.1300000e+02
   2.6300000e+02   2.0300000e+02   3.0000000e+01
   2.7800000e+02   2.5100000e+02  -1.3800000e+02
   3.1400000e+02   3.1400000e+02   4.5000000e+01
