   1.5500000e+02   2.3600000e+02   8.5236358e+01
   1.6400000e+02   3.1900000e+02   6.3434949e+01
   1.7200000e+02   3.0600000e+02   5.7528808e+01
   1.8500000e+02   2.5300000e+02   8.0537678e+01
   1.8800000e+02   8.1000000e+01  -9.4623222e+00
   2.0200000e+02   3.5300000e+02  -1.4903624e+02
   2.3400000e+02   3.5800000e+02   4.7636417e+00
   2.7000000e+02   3.5400000e+02  -1.7053768e+02
   2.7400000e+02   1.3700000e+02  -1.3836646e+02
   2.9500000e+02   3.0400000e+02  -1.6156505e+02
   2.9800000e+02   3.2400000e+02   4.7636417e+00
   3.0800000e+02   3.1200000e+02   1.6596376e+02
   3.1200000e+02   3.3100000e+02   1.7523636e+02
   3.4000000e+02   2.7400000e+02  -1.4397263e+02
   1.2000000e+02   2.1500000e+02   1.2200000e+02
   1.2500000e+02   1.1000000e+02   1.3200000e+02
   1.2700000e+02   1.2400000e+02  -5.4000000e+01
   1.7700000e+02   2.3200000e+02   6.1000000e+01
   1.8800000e+02   2.4400000e+02   7.0000000e+01
   2.0000000e+02   1.0100000e+02  -1.0000000e+01
   2.0400000e+02   3.2200000e+02  -1.4100000e+02
   2.1500000e+02   1.4200000e+02   1.4300000e+02
   2.2300000e+02   2.8000000e+01   1.8000000e+01
   2.3000000e+02   1.7900000e+02   9.4000000e+01
   2.3900000e+02   3.2600000e+02   1.4000000e+01
   2.4700000e+02   1.6100000e+02  -1.4700000e+02
   2.6100000e+02   3.2000000e+02   9.0000000e+00
   2.7200000e+02   5.3000000e+01   2.2000000e+01
   2.7800000e+02   1.6500000e+02  -1.2400000e+02
   2.9000000e+02   3.2000000e+01   3.0000000e+01
   2.9300000e+02   1.6300000e+02   4.5000000e+01
   2.9400000e+02   1.0600000e+02  -1.3800000e+02
   2.9700000e+02   2.3700000e+02   6.1000000e+01
   3.0400000e+02   2.2600000e+02  -1.1700000e+02
   3.1500000e+02   2.9500000e+02   1.7000000e+02
   3.1900000e+02   2.8200000e+02   1.4000000e+01
   3.2300000e+02   2.9400000e+02   4.0000000e+00
   3.2400000e+02   1.8500000e+02   5.0000000e+01
   3.3000000e+02   3.1600000e+02   1.7500000e+02
   3.3200000e+02   3.2700000e+02   1.8000000e+02
   3.4500000e+02   1.1800000e+02  -1.3800000e+02
   3.4800000e+02   3.0800000e+02  -1.7100000e+02
   3.5400000e+02   3.5500000e+02  -1.7600000e+02
   3.5900000e+02   1.5800000e+02   9.0000000e+01
   3.6300000e+02   2.8000000e+02   3.0000000e+01
