   1.1800000e+02   1.0200000e+02   1.1261986e+02
   1.2500000e+02   1.1900000e+02  -7.5963757e+01
   1.4500000e+02   1.8900000e+02   7.5963757e+01
   1.5400000e+02   2.2600000e+02  -1.0403624e+02
   1.6400000e+02   2.0700000e+02  -1.0403624e+02
   1.6400000e+02   2.5200000e+02   5.0194429e+01
   1.7100000e+02   2.0100000e+02  -1.0843495e+02
   1.7100000e+02   2.2600000e+02   7.1565051e+01
   1.7600000e+02   1.6300000e+02   8.0537678e+01
   1.7700000e+02   2.1400000e+02   4.5000000e+01
   1.8000000e+02   1.9500000e+02  -1.2247119e+02
   1.9200000e+02   6.1000000e+01   2.2619865e+01
   1.9300000e+02   1.5900000e+02   6.3434949e+01
   1.9800000e+02   3.5000000e+01  -1.7053768e+02
   2.0500000e+02   1.4500000e+02   1.1319859e+02
   2.0900000e+02   3.0000000e+01   2.2619865e+01
   2.2500000e+02   5.7000000e+01   3.0256437e+01
   2.2600000e+02   1.6200000e+02   1.1261986e+02
   2.3100000e+02   8.0000000e+01   4.2510447e+01
   2.3500000e+02   3.7000000e+01  -1.4630993e+02
   2.6100000e+02   6.8000000e+01   5.3130102e+01
   2.6100000e+02   1.2500000e+02   5.6309932e+01
   2.6300000e+02   3.0900000e+02   5.1944289e+00
   2.7500000e+02   1.9100000e+02   6.7380135e+01
   2.9700000e+02   2.3800000e+02  -1.3500000e+02
   3.0300000e+02   1.8200000e+02   5.6309932e+01
   3.1100000e+02   1.7000000e+02  -1.2025644e+02
   1.5900000e+02   1.2500000e+02   1.0400000e+02
   1.6200000e+02   1.7200000e+02  -1.0900000e+02
   1.9300000e+02   1.2000000e+02   2.2000000e+01
   2.3800000e+02   1.6200000e+02  -1.0000000e+02
   2.4000000e+02   6.5000000e+01   4.5000000e+01
   2.4300000e+02   1.2400000e+02  -1.2400000e+02
   2.4300000e+02   1.4400000e+02  -1.1700000e+02
   2.4800000e+02   2.9900000e+02   1.7500000e+02
   2.6600000e+02   1.8500000e+02  -1.1300000e+02
   2.9900000e+02   1.2500000e+02   4.5000000e+01
