   1.0700000e+02   6.0000000e+01   1.0843495e+02
   1.1200000e+02   8.9000000e+01  -7.5963757e+01
   1.3500000e+02   1.4500000e+02   7.5963757e+01
   1.3800000e+02   1.5800000e+02  -1.0403624e+02
   1.4600000e+02   5.1000000e+01   1.2247119e+02
   1.4600000e+02   1.5800000e+02  -1.0843495e+02
   1.5500000e+02   1.6300000e+02  -1.0843495e+02
   1.5700000e+02   1.7300000e+02   3.0963757e+01
   1.6000000e+02   1.8100000e+02   6.7380135e+01
   1.6100000e+02   1.5600000e+02  -1.0843495e+02
   1.6700000e+02   1.1900000e+02   8.0537678e+01
   1.6700000e+02   1.7000000e+02   3.0963757e+01
   1.7900000e+02   1.6000000e+01   1.8434949e+01
   1.9100000e+02   1.4000000e+02  -1.2247119e+02
   1.9700000e+02   9.9000000e+01   1.1656505e+02
   2.0400000e+02   2.4000000e+02  -1.4974356e+02
   2.1200000e+02   1.8600000e+02   2.8610460e+01
   2.1700000e+02   1.1700000e+02   1.1861046e+02
   2.4900000e+02   2.1000000e+01   5.0194429e+01
   2.5200000e+02   7.8000000e+01   5.9743563e+01
   2.6600000e+02   1.4600000e+02   6.7380135e+01
   2.7200000e+02   1.1300000e+02  -1.2025644e+02
   2.8600000e+02   1.9100000e+02  -1.2928941e+02
   2.9400000e+02   1.3700000e+02   5.9743563e+01
   3.0100000e+02   1.2400000e+02  -1.2025644e+02
   1.5000000e+02   8.1000000e+01   1.0400000e+02
   1.5300000e+02   1.3100000e+02  -1.0900000e+02
   1.6700000e+02   5.3000000e+01   1.3500000e+02
   2.2900000e+02   1.1600000e+02   6.3000000e+01
   2.3300000e+02   7.7000000e+01  -1.2400000e+02
   2.3400000e+02   9.8000000e+01  -1.1700000e+02
   2.5700000e+02   1.3900000e+02  -1.1700000e+02
   2.6100000e+02   1.7900000e+02   3.9000000e+01
   2.8800000e+02   7.9000000e+01   4.5000000e+01
   3.0000000e+02   9.0000000e+01  -1.3500000e+02
