   1.1800000e+02   1.2600000e+02  -6.7380135e+01
   1.4800000e+02   2.7300000e+02  -2.6565051e+01
   1.4900000e+02   2.9000000e+01   1.5343495e+02
   1.5100000e+02   2.3800000e+02  -4.2273689e+01
   1.6700000e+02   1.6300000e+02  -6.7380135e+01
   1.6800000e+02   2.7700000e+02  -2.2619865e+01
   1.6900000e+02   2.9400000e+02  -1.4036243e+01
   1.8200000e+02   3.5000000e+01   5.7528808e+01
   1.9300000e+02   2.1100000e+02  -6.0945396e+01
   2.2500000e+02   1.9300000e+02  -6.3434949e+01
   2.3200000e+02   1.0200000e+02   9.0000000e+01
   2.3800000e+02   1.5000000e+02  -9.0000000e+01
   2.4000000e+02   2.8800000e+02  -1.4036243e+01
   2.4100000e+02   2.0400000e+02  -5.0710593e+01
   2.4200000e+02   1.0600000e+02   7.5963757e+01
   2.4200000e+02   2.7900000e+02   1.5738014e+02
   2.4900000e+02   2.7500000e+02  -1.4036243e+01
   2.5000000e+02   1.0200000e+02   7.5963757e+01
   2.5900000e+02   1.0900000e+02   8.0537678e+01
   2.6600000e+02   1.9500000e+02   1.8000000e+02
   2.6700000e+02   1.1000000e+02   8.0537678e+01
   2.7300000e+02   1.0300000e+02  -1.1861046e+02
   2.7600000e+02   1.1600000e+02   7.1565051e+01
   2.8700000e+02   1.1400000e+02  -1.2025644e+02
   2.8900000e+02   1.0200000e+02   5.6309932e+01
   2.8900000e+02   1.2500000e+02   6.0255119e+01
   3.0100000e+02   1.2200000e+02  -1.2025644e+02
   1.4800000e+02   1.0200000e+02  -6.2000000e+01
   1.5700000e+02   2.0900000e+02   1.2900000e+02
   2.6400000e+02   2.4700000e+02   1.5500000e+02
