   1.1500000e+02   1.6500000e+02   9.9462322e+01
   1.2200000e+02   1.2300000e+02  -9.4623222e+00
   1.2400000e+02   1.9400000e+02   9.9462322e+01
   1.4200000e+02   1.9100000e+02  -8.5236358e+01
   1.4200000e+02   2.0000000e+02   9.9462322e+01
   1.6400000e+02   1.2400000e+02   3.7874984e+01
   1.6700000e+02   2.3900000e+02   9.4763642e+01
   1.6900000e+02   1.4200000e+02  -1.2025644e+02
   1.7100000e+02   3.0200000e+02  -7.1565051e+01
   1.7700000e+02   1.3900000e+02   6.9443955e+01
   1.9400000e+02   1.3700000e+02  -1.1396249e+02
   1.9600000e+02   1.9900000e+02  -1.0403624e+02
   1.9700000e+02   7.0000000e+01   0.0000000e+00
   1.9800000e+02   2.1600000e+02   9.0000000e+01
   2.0400000e+02   2.6400000e+02  -8.4805571e+01
   2.0800000e+02   3.1900000e+02  -4.5000000e+01
   2.1700000e+02   2.1600000e+02   8.0537678e+01
   2.2600000e+02   3.2800000e+02   1.5738014e+02
   2.2800000e+02   4.6000000e+01  -1.3801279e+02
   2.3100000e+02   5.7000000e+01  -1.4397263e+02
   2.3700000e+02   2.1500000e+02  -1.1656505e+02
   2.3800000e+02   2.4500000e+02  -1.0525512e+02
   2.4200000e+02   8.6000000e+01   4.9398705e+01
   2.4200000e+02   2.3000000e+02   7.1565051e+01
   2.4800000e+02   9.3000000e+01  -1.3060129e+02
   2.5100000e+02   6.5000000e+01   4.5000000e+01
   2.5300000e+02   2.2600000e+02  -1.2369007e+02
   2.5300000e+02   2.3600000e+02   5.9036243e+01
   2.5600000e+02   2.9500000e+02  -1.1319859e+02
   2.6100000e+02   3.3000000e+02   1.6596376e+02
   2.6500000e+02   2.3600000e+02  -1.1261986e+02
   2.6900000e+02   2.9700000e+02   3.5537678e+01
   2.7500000e+02   2.7300000e+02  -1.2602737e+02
   2.8000000e+02   2.3800000e+02  -1.2369007e+02
   2.8200000e+02   2.0400000e+02   5.6309932e+01
   2.8200000e+02   2.7900000e+02   2.9744881e+01
   2.8500000e+02   2.5000000e+02   4.5000000e+01
   2.0300000e+02   2.7200000e+02   7.4000000e+01
