   1.2000000e+02   1.9800000e+02   1.2686990e+02
   1.2900000e+02   1.8600000e+02  -6.3434949e+01
   1.6500000e+02   1.3800000e+02   1.0030485e+02
   1.6500000e+02   2.8300000e+02  -2.6565051e+01
   1.7100000e+02   6.2000000e+01   1.4903624e+02
   1.7500000e+02   2.7200000e+02  -3.9289407e+01
   1.9200000e+02   1.9600000e+02  -6.7380135e+01
   2.0600000e+02   3.0000000e+01   3.3690068e+01
   2.2100000e+02   5.9000000e+01  -1.2247119e+02
   2.2400000e+02   2.2000000e+01   3.2005383e+01
   2.3800000e+02   1.3200000e+02   8.0537678e+01
   2.5000000e+02   2.2800000e+02  -6.3434949e+01
   2.5500000e+02   1.3500000e+02   8.5236358e+01
   2.6200000e+02   1.8400000e+02  -8.5236358e+01
   2.6600000e+02   1.3800000e+02   7.5963757e+01
   2.6700000e+02   2.2300000e+02   1.1261986e+02
   2.6700000e+02   2.3800000e+02  -4.7726311e+01
   2.7400000e+02   1.3600000e+02   8.0537678e+01
   2.7800000e+02   2.0300000e+02   8.2874984e+01
   2.9500000e+02   1.3500000e+02  -1.1861046e+02
   2.9600000e+02   1.6500000e+02  -1.0998311e+02
   2.9900000e+02   1.4800000e+02   7.1565051e+01
   3.0900000e+02   1.4500000e+02  -1.2025644e+02
   3.2300000e+02   1.5400000e+02  -1.1656505e+02
   1.5500000e+02   1.0100000e+02   1.2600000e+02
   1.5700000e+02   5.5000000e+01   1.2900000e+02
   1.7300000e+02   1.3600000e+02  -9.0000000e+01
   1.7700000e+02   9.5000000e+01   1.3500000e+02
   1.7800000e+02   1.1100000e+02   1.1200000e+02
   1.8100000e+02   2.4300000e+02   1.3200000e+02
   1.8800000e+02   1.2400000e+02   1.1600000e+02
   1.8900000e+02   1.0700000e+02   9.0000000e+01
