   1.3300000e+02   1.6800000e+02  -1.4036243e+01
   1.3700000e+02   1.7500000e+02   8.0537678e+01
   1.5600000e+02   2.3600000e+02   8.0537678e+01
   1.6100000e+02   8.0000000e+01  -1.7523636e+02
   2.0600000e+02   1.3000000e+02   4.5000000e+01
   2.1200000e+02   2.7800000e+02  -1.0403624e+02
   2.2100000e+02   2.0000000e+02  -1.1656505e+02
   2.3500000e+02   1.9000000e+02   5.4462322e+01
   2.4000000e+02   1.9700000e+02  -1.2553768e+02
   2.4200000e+02   2.9800000e+02  -9.5710593e+01
   2.4800000e+02   2.0700000e+02   9.0000000e+01
   2.5100000e+02   1.9400000e+02  -1.4799462e+02
   2.5100000e+02   2.6400000e+02   7.7471192e+01
   2.7500000e+02   2.0900000e+02   4.1987212e+01
   2.7800000e+02   3.4600000e+02  -5.9743563e+01
   2.7900000e+02   2.2400000e+02  -1.3227369e+02
   2.8100000e+02   1.9700000e+02  -1.4974356e+02
   2.8500000e+02   2.1800000e+02  -1.3801279e+02
   2.8500000e+02   2.3200000e+02   4.5000000e+01
   2.9200000e+02   1.8400000e+02   3.3690068e+01
   2.9200000e+02   1.9500000e+02  -1.4974356e+02
   2.9200000e+02   2.2200000e+02   5.7528808e+01
   2.9200000e+02   2.9100000e+02  -2.9054604e+01
   2.9500000e+02   2.7000000e+02  -1.4974356e+02
