   9.0000000e+01   3.0000000e+02  -4.5000000e+01
   1.0300000e+02   2.6200000e+02   1.3500000e+02
   1.0300000e+02   3.5100000e+02  -3.6027373e+01
   1.0600000e+02   2.8600000e+02  -3.9289407e+01
   1.1500000e+02   2.4600000e+02  -5.3130102e+01
   1.3700000e+02   1.9000000e+02   1.6156505e+02
   1.5400000e+02   3.0700000e+02   1.5343495e+02
   1.7500000e+02   2.2000000e+02   0.0000000e+00
   1.8700000e+02   2.0900000e+02   0.0000000e+00
   2.3400000e+02   1.2000000e+02  -1.6330076e+02
   2.3600000e+02   1.3000000e+02  -1.7053768e+02
   2.4100000e+02   3.0800000e+02  -8.0537678e+01
   2.4200000e+02   1.2100000e+02  -1.6156505e+02
   2.4200000e+02   2.0800000e+02   3.6869898e+01
   2.4400000e+02   1.3200000e+02   1.4036243e+01
   2.4700000e+02   2.5300000e+02  -1.1396249e+02
   2.5000000e+02   1.2300000e+02   2.2619865e+01
   2.8000000e+02   1.8300000e+02  -1.4446232e+02
   2.8600000e+02   2.6100000e+02   8.4805571e+01
   2.9300000e+02   1.9500000e+02   5.3130102e+01
   1.6500000e+02   2.9000000e+02  -4.5000000e+01
   1.7700000e+02   3.1000000e+02  -5.7000000e+01
   2.0200000e+02   2.6200000e+02   1.7500000e+02
   2.0900000e+02   2.5000000e+02   1.4000000e+01
   2.0900000e+02   2.7100000e+02   6.3000000e+01
