   6.4000000e+01   2.4600000e+02   1.1261986e+02
   6.7000000e+01   2.7200000e+02  -5.9743563e+01
   6.8000000e+01   1.6400000e+02   1.4019443e+02
   7.8000000e+01   1.2200000e+02  -3.0256437e+01
   1.0900000e+02   2.3300000e+02  -5.0194429e+01
   1.5400000e+02   1.8800000e+02   9.4623222e+00
   1.6600000e+02   1.9600000e+02  -1.7053768e+02
   1.7900000e+02   4.4000000e+01  -1.7523636e+02
   1.9800000e+02   2.2000000e+01   1.4036243e+01
   2.3800000e+02   3.1100000e+02   9.0000000e+01
   2.3900000e+02   6.2000000e+01  -1.4500798e+02
   2.4000000e+02   3.4700000e+02  -1.0030485e+02
   2.4300000e+02   3.7000000e+01  -1.5944395e+02
   2.5400000e+02   5.6000000e+01  -1.4134019e+02
   2.5400000e+02   6.9000000e+01  -1.4752881e+02
   2.6000000e+02   4.7000000e+01   2.2619865e+01
   2.6100000e+02   6.1000000e+01   3.8659808e+01
   2.6200000e+02   7.5000000e+01   4.7726311e+01
   6.1000000e+01   2.6500000e+02  -9.0000000e+01
   6.4000000e+01   2.8900000e+02  -5.8000000e+01
   1.0100000e+02   1.2300000e+02   1.5100000e+02
   1.0900000e+02   2.8700000e+02   1.2000000e+02
   1.1500000e+02   2.7100000e+02   1.1600000e+02
   1.1900000e+02   3.4300000e+02   1.2900000e+02
   1.2900000e+02   3.6000000e+02   1.2900000e+02
   1.3800000e+02   2.5000000e+02   1.1200000e+02
   1.5600000e+02   2.5800000e+02  -6.8000000e+01
   1.5800000e+02   2.2000000e+02   1.5700000e+02
   1.6100000e+02   2.0600000e+02   0.0000000e+00
   1.6400000e+02   2.9000000e+02   1.2000000e+02
   1.8300000e+02   1.8700000e+02  -1.5800000e+02
   1.8500000e+02   1.2300000e+02  -1.7100000e+02
   1.8600000e+02   3.0700000e+02  -7.2000000e+01
   1.8800000e+02   7.9000000e+01   1.8000000e+01
   1.9600000e+02   2.8400000e+02  -1.7600000e+02
   2.1400000e+02   8.8000000e+01  -1.5800000e+02
   2.1700000e+02   6.3000000e+01  -1.5800000e+02
   2.2300000e+02   2.2800000e+02  -1.1900000e+02
   2.3700000e+02   3.5500000e+02   1.0400000e+02
   2.4000000e+02   2.2200000e+02  -1.1700000e+02
