   1.2100000e+02   9.6000000e+01   0.0000000e+00
   1.2700000e+02   8.4000000e+01  -2.6565051e+01
   1.2800000e+02   1.9800000e+02  -6.7380135e+01
   1.3000000e+02   3.0900000e+02  -5.0194429e+01
   1.4600000e+02   8.8000000e+01   9.0000000e+01
   1.5500000e+02   2.0500000e+02   9.9462322e+01
   1.5700000e+02   2.7100000e+02   1.2369007e+02
   1.5800000e+02   9.7000000e+01   4.7636417e+00
   1.6700000e+02   3.4000000e+02  -3.6869898e+01
   1.7300000e+02   1.0500000e+02  -1.7053768e+02
   1.8900000e+02   2.8500000e+02   1.0843495e+02
   1.9600000e+02   3.2000000e+02  -5.6309932e+01
   2.0400000e+02   1.7100000e+02   8.5236358e+01
   2.0900000e+02   1.1400000e+02   4.5000000e+01
   2.1200000e+02   3.1600000e+02  -5.6309932e+01
   2.4100000e+02   9.5000000e+01   7.8690068e+01
   2.5300000e+02   2.1600000e+02   8.5236358e+01
   2.5600000e+02   2.5100000e+02  -9.4763642e+01
   2.6000000e+02   2.5000000e+01  -1.4313010e+02
   2.6300000e+02   3.0700000e+02  -5.7528808e+01
   2.7200000e+02   2.7000000e+02   7.5963757e+01
   2.7300000e+02   2.0600000e+02   7.5963757e+01
   2.7500000e+02   1.9700000e+02  -1.1656505e+02
   2.8100000e+02   2.0900000e+02   7.1565051e+01
   3.0700000e+02   2.9000000e+01   4.5000000e+01
   3.1800000e+02   7.7000000e+01  -1.2602737e+02
   1.1700000e+02   2.3500000e+02   1.1600000e+02
   1.2000000e+02   3.0800000e+02   1.4300000e+02
   1.2500000e+02   2.5500000e+02   1.2300000e+02
   1.4300000e+02   1.6900000e+02   1.2200000e+02
   1.6600000e+02   1.1400000e+02  -5.0000000e+00
   1.6700000e+02   1.7900000e+02   1.1200000e+02
   1.7600000e+02   2.3100000e+02   1.0400000e+02
   1.7800000e+02   1.9400000e+02   1.1200000e+02
   1.9100000e+02   2.3500000e+02   9.9000000e+01
   2.0700000e+02   2.7600000e+02   1.1600000e+02
   2.2000000e+02   2.6700000e+02   9.9000000e+01
   2.2300000e+02   1.1700000e+02   5.7000000e+01
   2.3000000e+02   2.1500000e+02  -9.5000000e+01
   2.4500000e+02   3.0600000e+02   1.3200000e+02
   2.7000000e+02   3.3100000e+02   1.4900000e+02
   2.8100000e+02   3.1300000e+02   1.4700000e+02
   2.8800000e+02   2.9100000e+02   1.4000000e+01
