   1.2100000e+02   1.9700000e+02   1.2980557e+02
   1.2700000e+02   7.1000000e+01   2.8610460e+01
   1.3300000e+02   7.7000000e+01  -1.6596376e+02
   1.3400000e+02   1.8100000e+02   1.7523636e+02
   1.3600000e+02   2.1200000e+02   2.2619865e+01
   1.3700000e+02   2.2600000e+02   5.7528808e+01
   1.6300000e+02   2.0000000e+02   4.5000000e+01
   1.9300000e+02   4.8000000e+01  -1.6156505e+02
   1.9500000e+02   2.8500000e+02  -1.1656505e+02
   2.0000000e+02   5.4000000e+01   2.6565051e+01
   2.1900000e+02   2.9000000e+02  -1.1656505e+02
   2.4400000e+02   8.0000000e+01   3.0256437e+01
   2.4600000e+02   1.4500000e+02  -1.2980557e+02
   2.5100000e+02   7.4000000e+01  -1.5738014e+02
   2.5800000e+02   1.7000000e+02   4.2273689e+01
   1.2700000e+02   1.3400000e+02   1.4000000e+01
   1.4200000e+02   1.2200000e+02   9.0000000e+00
