   1.0500000e+02   2.2000000e+02   9.4763642e+01
   1.2900000e+02   2.2900000e+02  -9.4763642e+01
   1.5900000e+02   1.6200000e+02   1.2025644e+02
   1.7000000e+02   1.4400000e+02   1.7053768e+02
   1.8000000e+02   1.8800000e+02   5.6309932e+01
   2.0000000e+02   3.0900000e+02  -1.2025644e+02
   2.0500000e+02   4.0000000e+01   2.2619865e+01
   2.1500000e+02   2.7100000e+02  -1.2602737e+02
   1.1300000e+02   2.3300000e+02   7.1000000e+01
   1.4400000e+02   2.0800000e+02   6.3000000e+01
   2.1400000e+02   2.5300000e+02  -1.2700000e+02
