   1.2200000e+02   1.4200000e+02   1.4071059e+02
   1.5000000e+02   1.7700000e+02   1.2369007e+02
   1.6300000e+02   1.6000000e+02   1.7053768e+02
   1.6800000e+02   1.9000000e+02   2.2619865e+01
   1.7000000e+02   2.0500000e+02   5.9743563e+01
   1.9200000e+02   1.7700000e+02   4.2273689e+01
   2.0000000e+02   2.8500000e+02  -1.2096376e+02
   2.6800000e+02   2.6200000e+02  -1.2686990e+02
   2.6900000e+02   1.1100000e+02  -1.3772631e+02
   2.9200000e+02   1.9200000e+02  -1.2686990e+02
   9.9000000e+01   2.4400000e+02   6.3000000e+01
   1.3200000e+02   2.2200000e+02   1.0000000e+02
   1.4700000e+02   2.0300000e+02   8.5000000e+01
   1.6300000e+02   1.0100000e+02  -8.0000000e+00
   2.0100000e+02   2.6900000e+02  -1.2700000e+02
