   8.8000000e+01   2.8600000e+02   9.9462322e+01
   9.0000000e+01   3.5800000e+02  -9.9462322e+01
   1.1800000e+02   1.4700000e+02  -2.6565051e+01
   1.3200000e+02   1.4600000e+02  -9.4623222e+00
   1.4300000e+02   1.3200000e+02  -4.7636417e+00
   1.4700000e+02   2.3200000e+02   1.2928941e+02
   1.6000000e+02   2.1600000e+02   1.7523636e+02
   1.6100000e+02   2.4700000e+02   2.2619865e+01
   1.6300000e+02   2.6100000e+02   6.3434949e+01
   1.7500000e+02   3.3800000e+02   6.7380135e+01
   1.7800000e+02   1.1800000e+02   1.8434949e+01
   2.3200000e+02   8.9000000e+01   3.0256437e+01
   2.7300000e+02   1.8400000e+02  -1.2369007e+02
   2.8200000e+02   2.0900000e+02   5.0710593e+01
   2.9500000e+02   3.5400000e+02  -1.2025644e+02
   7.8000000e+01   2.3900000e+02  -5.4000000e+01
   7.8000000e+01   3.3700000e+02   7.1000000e+01
   8.9000000e+01   1.9900000e+02  -3.7000000e+01
   9.5000000e+01   3.0200000e+02   7.1000000e+01
   1.2000000e+02   1.9600000e+02  -2.3000000e+01
   1.2600000e+02   2.7600000e+02   9.9000000e+01
   1.5400000e+02   1.6900000e+02   9.0000000e+00
   1.5600000e+02   3.0600000e+02  -1.1700000e+02
   1.5700000e+02   1.6000000e+02  -1.7100000e+02
   1.6400000e+02   1.1100000e+02   0.0000000e+00
   1.6800000e+02   1.5500000e+02   1.8000000e+01
   1.7100000e+02   1.2500000e+02   9.0000000e+00
   1.7800000e+02   2.1500000e+02  -1.6200000e+02
   1.9000000e+02   3.3100000e+02  -1.2400000e+02
   1.9100000e+02   3.5100000e+02   5.3000000e+01
   2.0700000e+02   2.6900000e+02   5.5000000e+01
   2.1600000e+02   2.9800000e+02  -1.2400000e+02
   2.5200000e+02   3.5400000e+02   4.2000000e+01
