   9.3000000e+01   2.4500000e+02   1.1656505e+02
   1.0300000e+02   3.5000000e+02  -1.4036243e+01
   1.0500000e+02   3.3000000e+02  -6.3434949e+01
   1.0900000e+02   2.1500000e+02   1.1261986e+02
   1.1300000e+02   3.2900000e+02  -7.1565051e+01
   1.2800000e+02   3.5000000e+02  -1.6596376e+02
   1.2900000e+02   2.8000000e+02   9.9462322e+01
   1.3000000e+02   2.5500000e+02  -1.1656505e+02
   1.3200000e+02   6.4000000e+01   1.4313010e+02
   1.4300000e+02   6.8000000e+01   1.4974356e+02
   1.5300000e+02   7.1000000e+01   1.6596376e+02
   1.6700000e+02   2.7900000e+02  -9.9462322e+01
   1.8400000e+02   3.4200000e+02  -1.2980557e+02
   1.8800000e+02   6.8000000e+01  -1.4036243e+01
   1.9800000e+02   3.5700000e+02  -1.4974356e+02
   2.0700000e+02   3.1100000e+02   6.7380135e+01
   2.1800000e+02   1.5500000e+02   1.2686990e+02
   2.3100000e+02   1.3600000e+02   1.7053768e+02
   2.5300000e+02   2.5500000e+02   5.9743563e+01
   2.5400000e+02   3.9000000e+01  -1.6596376e+02
   2.9800000e+02   3.2300000e+02  -1.4974356e+02
   8.5000000e+01   2.0800000e+02   1.1200000e+02
   8.9000000e+01   1.4000000e+02   1.2000000e+02
   1.0200000e+02   1.7100000e+02  -5.7000000e+01
   1.1000000e+02   3.1300000e+02  -5.7000000e+01
   1.1400000e+02   2.2200000e+02   1.0400000e+02
   1.2500000e+02   2.4500000e+02   1.1600000e+02
   1.2700000e+02   2.6900000e+02   1.1200000e+02
   1.2900000e+02   2.0700000e+02   1.2000000e+02
   1.2900000e+02   3.6000000e+02  -1.7100000e+02
   1.3000000e+02   7.7000000e+01   1.4300000e+02
   1.4800000e+02   1.6300000e+02  -5.7000000e+01
   1.5300000e+02   2.5500000e+02  -9.0000000e+01
   1.5500000e+02   1.2300000e+02  -3.7000000e+01
   1.7800000e+02   1.5300000e+02  -5.1000000e+01
   1.9200000e+02   1.8400000e+02   9.0000000e+01
   2.0200000e+02   2.1900000e+02  -1.0900000e+02
   2.0600000e+02   1.5600000e+02   1.0800000e+02
   2.1100000e+02   3.6000000e+02  -1.3500000e+02
   2.1500000e+02   2.3100000e+02  -1.1300000e+02
   2.1600000e+02   8.0000000e+01  -1.7600000e+02
   2.3800000e+02   1.7600000e+02   1.4700000e+02
   2.4100000e+02   2.6200000e+02  -1.3200000e+02
   2.4600000e+02   1.3300000e+02  -1.6600000e+02
   2.7100000e+02   2.6800000e+02   5.3000000e+01
   2.9200000e+02   1.9800000e+02   5.6000000e+01
   2.9500000e+02   1.5100000e+02  -1.3500000e+02
   3.1300000e+02   3.0200000e+02  -1.3800000e+02
   3.1500000e+02   2.3400000e+02  -1.2400000e+02
   3.3100000e+02   2.6400000e+02   2.6000000e+01
