   1.2700000e+02   1.6000000e+02   1.2499202e+02
   1.4200000e+02   1.7300000e+02   4.7636417e+00
   1.4700000e+02   1.9000000e+02   5.3130102e+01
   1.5100000e+02   1.0800000e+02   1.4036243e+01
   1.6200000e+02   1.0200000e+02   2.0556045e+01
   1.6300000e+02   2.6300000e+02   5.9743563e+01
   1.9900000e+02   2.8100000e+02  -1.2787498e+02
   2.0700000e+02   3.3100000e+02  -1.4397263e+02
   2.3600000e+02   2.7000000e+02  -1.3251045e+02
   2.5300000e+02   3.2400000e+02  -1.6596376e+02
   2.6400000e+02   2.9300000e+02  -1.3500000e+02
   1.5600000e+02   2.3800000e+02  -1.2100000e+02
   1.6800000e+02   2.0200000e+02  -1.2900000e+02
   1.7600000e+02   2.5400000e+02  -1.2100000e+02
   1.9100000e+02   1.9100000e+02   4.8000000e+01
   2.0900000e+02   2.9400000e+02  -1.3300000e+02
   2.3200000e+02   3.2700000e+02  -1.5000000e+02
   2.5500000e+02   1.2600000e+02  -1.3800000e+02
