   1.0100000e+02   2.7800000e+02  -2.2619865e+01
   1.1000000e+02   2.3500000e+02   1.4974356e+02
   1.1300000e+02   2.9400000e+02  -1.4036243e+01
   1.1700000e+02   2.5800000e+02  -3.0256437e+01
   1.2900000e+02   2.7200000e+02  -2.6565051e+01
   1.3800000e+02   1.3100000e+02   1.3772631e+02
   1.4200000e+02   2.9900000e+02  -1.4036243e+01
   1.4700000e+02   2.2900000e+02   1.4313010e+02
   1.4700000e+02   2.8200000e+02  -1.4036243e+01
   1.5000000e+02   3.2000000e+02   4.7636417e+00
   1.7900000e+02   2.4000000e+02   1.4313010e+02
   1.9000000e+02   3.3600000e+02  -2.1801409e+01
   2.0500000e+02   1.7000000e+02   9.4763642e+01
   2.0600000e+02   2.3600000e+02   1.2369007e+02
   2.3500000e+02   2.1100000e+02   1.0403624e+02
   2.4100000e+02   1.0300000e+02   6.3434949e+01
   2.4800000e+02   1.4300000e+02  -1.0525512e+02
   2.4800000e+02   2.9200000e+02   1.3163354e+02
   2.5800000e+02   2.2000000e+02   9.9462322e+01
   2.5900000e+02   3.1000000e+02   5.1944289e+00
   2.6900000e+02   3.5000000e+01  -1.6596376e+02
   2.7000000e+02   4.3000000e+01   3.0256437e+01
   2.7000000e+02   3.0100000e+02  -5.9743563e+01
   2.7800000e+02   2.7500000e+02   9.4763642e+01
   2.7900000e+02   4.2000000e+01   3.3690068e+01
   2.8000000e+02   2.2600000e+02   8.5236358e+01
   2.8000000e+02   3.1000000e+02  -2.2619865e+01
   2.8700000e+02   1.1200000e+02  -1.0843495e+02
   2.9400000e+02   3.0500000e+02   1.6156505e+02
   3.0700000e+02   3.0800000e+02  -1.3801279e+02
   3.0800000e+02   2.0800000e+02  -9.9462322e+01
   3.1400000e+02   1.5300000e+02  -9.9462322e+01
   3.1700000e+02   1.0700000e+02  -1.2247119e+02
   1.5500000e+02   2.7000000e+02   1.6100000e+02
   1.8500000e+02   2.0400000e+02   1.2900000e+02
   1.9000000e+02   1.1700000e+02   1.3200000e+02
   1.9300000e+02   7.7000000e+01   1.4000000e+02
   1.9400000e+02   1.7900000e+02   1.3100000e+02
   2.0900000e+02   1.5900000e+02   6.8000000e+01
   2.3000000e+02   1.6000000e+02  -7.6000000e+01
   2.3300000e+02   6.5000000e+01   1.8000000e+02
   2.5400000e+02   1.5300000e+02   7.5000000e+01
   2.9200000e+02   3.1600000e+02   1.7500000e+02
   3.0900000e+02   9.6000000e+01  -1.1700000e+02
   3.1700000e+02   1.6100000e+02   9.4000000e+01
   3.2500000e+02   2.6000000e+01   5.3000000e+01
