   7.7000000e+01   1.0900000e+02  -4.2273689e+01
   8.8000000e+01   2.4500000e+02  -2.2619865e+01
   9.1000000e+01   9.5000000e+01   1.3500000e+02
   1.0400000e+02   2.0100000e+02   1.4313010e+02
   1.1200000e+02   8.6000000e+01  -4.7489553e+01
   1.1500000e+02   6.5000000e+01   1.3772631e+02
   1.3100000e+02   2.9900000e+02   1.0843495e+02
   1.4900000e+02   3.4700000e+02   1.5343495e+02
   1.5400000e+02   2.5500000e+02  -4.2273689e+01
   1.5600000e+02   4.8000000e+01   1.5343495e+02
   1.6000000e+02   1.4000000e+02   9.4763642e+01
   1.6000000e+02   3.5800000e+02  -1.2865981e+02
   1.6200000e+02   2.0800000e+02   1.2247119e+02
   1.7400000e+02   2.4400000e+02  -5.7528808e+01
   1.7800000e+02   3.0000000e+01   1.7053768e+02
   1.8200000e+02   2.9600000e+02  -1.4036243e+01
   1.9000000e+02   1.8000000e+02   1.0403624e+02
   1.9600000e+02   5.0000000e+01   3.2471192e+01
   2.0400000e+02   2.6500000e+02   1.3118593e+02
   2.1500000e+02   2.8200000e+02  -9.4623222e+00
   2.2400000e+02   2.9900000e+02  -4.7636417e+00
   2.2600000e+02   2.7100000e+02  -6.3434949e+01
   2.3400000e+02   2.4100000e+02   9.4763642e+01
   2.3700000e+02   2.7900000e+02  -4.1633539e+01
   2.5400000e+02   2.0000000e+02   8.0537678e+01
   2.5800000e+02   6.9000000e+01  -1.1656505e+02
   2.6900000e+02   1.1500000e+02  -1.0998311e+02
   2.6900000e+02   2.7900000e+02  -1.5343495e+02
   2.8000000e+02   2.6500000e+02  -1.3227369e+02
   3.0900000e+02   3.7000000e+01  -1.1261986e+02
   3.1400000e+02   1.5500000e+02   6.5556045e+01
   7.7000000e+01   2.3500000e+02   1.5100000e+02
   1.1100000e+02   1.8200000e+02   1.3500000e+02
   1.1300000e+02   2.4500000e+02   1.6100000e+02
   1.1400000e+02   2.8100000e+02   1.8000000e+02
   1.2000000e+02   5.2000000e+01   1.4100000e+02
   1.3300000e+02   1.7000000e+02   1.2900000e+02
   1.4600000e+02   4.2000000e+01   1.4100000e+02
   1.4900000e+02   1.4900000e+02   1.2900000e+02
   1.6400000e+02   1.2800000e+02   7.0000000e+01
   1.6500000e+02   7.1000000e+01   1.6400000e+02
   1.6800000e+02   1.7900000e+02  -7.2000000e+01
   1.7500000e+02   7.0000000e+01   2.2000000e+01
   1.8000000e+02   5.0000000e+01   1.8000000e+02
   1.8700000e+02   3.0000000e+01   1.3500000e+02
   2.0400000e+02   2.5600000e+02   1.3200000e+02
   2.0800000e+02   1.2100000e+02   1.0400000e+02
   2.1600000e+02   1.9000000e+02   1.1600000e+02
   2.2600000e+02   2.8000000e+02  -4.5000000e+01
   2.3900000e+02   8.9000000e+01   6.8000000e+01
   2.6200000e+02   5.8000000e+01  -1.2100000e+02
