   1.0100000e+02   2.1700000e+02  -4.2273689e+01
   1.0900000e+02   2.2600000e+02   1.5343495e+02
   1.1800000e+02   2.5000000e+02  -3.3690068e+01
   1.3300000e+02   1.1900000e+02   1.3500000e+02
   1.4900000e+02   2.7400000e+02  -9.4623222e+00
   1.5000000e+02   3.0700000e+02   0.0000000e+00
   1.5100000e+02   3.5000000e+01  -3.6869898e+01
   1.5400000e+02   1.1000000e+02  -5.0194429e+01
   1.7000000e+02   2.5900000e+02   1.5738014e+02
   1.7700000e+02   2.5500000e+02  -3.9805571e+01
   1.9100000e+02   1.6800000e+02   1.2025644e+02
   2.0500000e+02   1.6000000e+02   9.0000000e+01
   2.0700000e+02   2.2800000e+02   1.2247119e+02
   2.2300000e+02   5.2000000e+01   1.7053768e+02
   2.2600000e+02   1.4500000e+02  -9.9462322e+01
   2.3900000e+02   7.2000000e+01   1.6699244e+01
   2.4900000e+02   7.5000000e+01  -1.6330076e+02
   2.5700000e+02   1.4700000e+02   8.5236358e+01
   2.7100000e+02   2.9200000e+02  -5.4462322e+01
   2.7900000e+02   2.6500000e+02   9.4763642e+01
   2.8000000e+02   3.0100000e+02  -2.8610460e+01
   2.9000000e+02   2.1000000e+01   3.9289407e+01
   2.9100000e+02   2.9500000e+02   1.5138954e+02
   3.1200000e+02   1.4100000e+02  -1.0030485e+02
   3.1300000e+02   2.0600000e+02   7.0016893e+01
   3.1400000e+02   1.9700000e+02  -9.5710593e+01
   3.2000000e+02   1.6100000e+02  -1.0403624e+02
   3.2300000e+02   2.6400000e+02  -1.0030485e+02
   3.2800000e+02   2.2300000e+02   9.0000000e+01
   3.2900000e+02   1.4100000e+02  -1.0403624e+02
   3.3200000e+02   1.4900000e+02   7.1565051e+01
   3.3300000e+02   1.2700000e+02  -9.9462322e+01
   3.3300000e+02   2.0900000e+02  -1.0403624e+02
   1.5300000e+02   6.3000000e+01   1.4300000e+02
   1.5700000e+02   2.6300000e+02   1.6100000e+02
   1.5800000e+02   3.1500000e+02   1.0000000e+01
   1.8500000e+02   1.9500000e+02   1.2900000e+02
   2.1000000e+02   1.0600000e+02   1.5700000e+02
   3.1000000e+02   1.3000000e+02   7.9000000e+01
