   1.3800000e+02   2.7300000e+02   1.5343495e+02
   1.5900000e+02   2.7100000e+02  -3.3690068e+01
   1.6900000e+02   2.5100000e+02   1.5343495e+02
   1.8200000e+02   3.3800000e+02   1.1261986e+02
   2.1200000e+02   2.4600000e+02   1.7053768e+02
   2.1200000e+02   2.9300000e+02  -3.3690068e+01
   2.1600000e+02   1.4300000e+02  -9.4623222e+00
   2.4300000e+02   1.8000000e+02   4.7636417e+00
   2.4600000e+02   2.5900000e+02   4.8012788e+01
   2.6800000e+02   1.3300000e+02   0.0000000e+00
   2.7900000e+02   1.8700000e+02  -1.6156505e+02
   2.9300000e+02   1.5000000e+02   2.2619865e+01
   1.6900000e+02   3.4200000e+02  -4.8000000e+01
   1.7600000e+02   2.2500000e+02   1.6100000e+02
   1.8200000e+02   1.3800000e+02   1.6500000e+02
   1.9000000e+02   3.3000000e+02  -8.6000000e+01
   2.0800000e+02   2.3800000e+02   1.6500000e+02
   2.0800000e+02   2.8500000e+02   1.7500000e+02
   2.0900000e+02   3.3500000e+02   1.1600000e+02
   2.1000000e+02   3.2100000e+02   4.5000000e+01
   2.1200000e+02   2.7300000e+02   9.0000000e+00
   2.3400000e+02   3.3100000e+02  -7.2000000e+01
   2.4000000e+02   2.7700000e+02  -1.3300000e+02
   2.4700000e+02   2.4100000e+02  -1.5800000e+02
   2.9000000e+02   3.5300000e+02   1.1200000e+02
