   1.3400000e+02   1.8500000e+02   1.3227369e+02
   1.4600000e+02   4.5000000e+01   1.4134019e+02
   1.7100000e+02   4.3000000e+01   1.5738014e+02
   1.8000000e+02   3.4100000e+02  -7.1565051e+01
   1.8300000e+02   3.8000000e+01  -1.8434949e+01
   2.1000000e+02   8.5000000e+01   1.8000000e+02
   2.3400000e+02   3.0400000e+02   9.0000000e+01
   2.3500000e+02   1.1700000e+02   3.0256437e+01
   2.5800000e+02   3.5600000e+02   9.0000000e+01
   2.7600000e+02   3.1100000e+02   8.0537678e+01
   3.3000000e+02   1.6700000e+02  -1.2499202e+02
   3.3200000e+02   3.0000000e+02  -1.1180141e+02
   3.4500000e+02   1.6800000e+02  -1.0843495e+02
   8.6000000e+01   3.2300000e+02   1.5300000e+02
   9.4000000e+01   2.1700000e+02   1.3500000e+02
   1.2700000e+02   3.3600000e+02   1.5100000e+02
   1.3300000e+02   3.2500000e+02  -5.1000000e+01
   1.6400000e+02   1.5700000e+02   1.3500000e+02
   1.8300000e+02   3.2900000e+02  -6.8000000e+01
   1.9400000e+02   3.2300000e+02   1.0800000e+02
   2.0100000e+02   1.4400000e+02   1.8000000e+02
   2.0400000e+02   2.2800000e+02  -1.0000000e+02
   2.0600000e+02   1.8000000e+02  -1.5400000e+02
   2.0700000e+02   1.5600000e+02  -1.7100000e+02
   2.1000000e+02   2.8800000e+02  -9.0000000e+01
   2.1400000e+02   3.0200000e+02   1.0900000e+02
   2.5300000e+02   3.0200000e+02   6.7000000e+01
   2.7700000e+02   1.6900000e+02  -1.2400000e+02
   2.8800000e+02   2.3600000e+02  -1.0900000e+02
   2.8900000e+02   9.9000000e+01   4.8000000e+01
   2.9000000e+02   1.8900000e+02   7.1000000e+01
   2.9500000e+02   6.1000000e+01   4.5000000e+01
   3.2800000e+02   3.0800000e+02  -1.1500000e+02
