   8.1000000e+01   3.4500000e+02  -4.5000000e+01
   8.2000000e+01   1.8600000e+02  -4.2273689e+01
   1.5000000e+02   1.8100000e+02   1.2686990e+02
   2.2300000e+02   8.1000000e+01   1.7523636e+02
   2.2900000e+02   3.5300000e+02  -6.7380135e+01
   2.5600000e+02   2.9100000e+02   9.4763642e+01
   2.6800000e+02   6.5000000e+01   1.8434949e+01
   2.8000000e+02   3.4500000e+02   9.0000000e+01
   3.1600000e+02   1.0800000e+02  -1.4630993e+02
   8.0000000e+01   2.7400000e+02   1.3500000e+02
   8.1000000e+01   2.4800000e+02   1.3500000e+02
   8.2000000e+01   2.3600000e+02   1.4300000e+02
   8.6000000e+01   2.5600000e+02  -4.5000000e+01
   8.8000000e+01   2.6700000e+02  -4.5000000e+01
   1.0800000e+02   8.0000000e+01   1.4000000e+02
   1.1800000e+02   1.7500000e+02   1.3500000e+02
   1.2200000e+02   2.6300000e+02   1.2300000e+02
   1.2900000e+02   2.9100000e+02   1.2900000e+02
   1.4200000e+02   1.6000000e+02   1.3200000e+02
   1.4700000e+02   3.2400000e+02   1.2600000e+02
   1.6500000e+02   3.1200000e+02   1.2000000e+02
   1.7500000e+02   3.1400000e+02   1.2600000e+02
   1.7900000e+02   1.5200000e+02   1.3200000e+02
   2.0200000e+02   1.5700000e+02  -1.0000000e+01
   2.1100000e+02   2.8500000e+02  -7.6000000e+01
   2.1200000e+02   5.9000000e+01   1.7000000e+02
   2.1200000e+02   1.7500000e+02   2.6000000e+01
   2.1800000e+02   1.3600000e+02   1.7000000e+02
   2.2100000e+02   2.1800000e+02  -9.0000000e+01
   2.2400000e+02   1.7000000e+02  -1.5400000e+02
   2.2500000e+02   1.4800000e+02  -1.7600000e+02
   2.3000000e+02   2.3400000e+02  -1.5600000e+02
   2.3700000e+02   2.0400000e+02  -1.1300000e+02
   2.4800000e+02   3.1100000e+02   9.9000000e+01
   2.7600000e+02   2.9200000e+02   7.1000000e+01
   2.9600000e+02   1.6100000e+02  -1.2400000e+02
   2.9800000e+02   1.9500000e+02  -1.1700000e+02
   3.0200000e+02   4.5000000e+01   3.9000000e+01
   3.0400000e+02   8.6000000e+01   4.5000000e+01
   3.1000000e+02   1.7700000e+02   6.3000000e+01
   3.1200000e+02   2.2200000e+02   5.6000000e+01
