   7.3000000e+01   2.8200000e+02  -3.9289407e+01
   7.9000000e+01   2.2900000e+02  -4.5000000e+01
   8.2000000e+01   2.0000000e+02  -4.5000000e+01
   9.8000000e+01   1.3600000e+02  -4.5000000e+01
   1.0000000e+02   3.2400000e+02  -1.9983107e+01
   1.2800000e+02   3.1600000e+02  -3.0256437e+01
   1.5200000e+02   2.0700000e+02   1.2553768e+02
   1.9300000e+02   1.0900000e+02   1.6156505e+02
   1.9800000e+02   3.3300000e+02  -4.5000000e+01
   2.2300000e+02   3.1100000e+02  -6.6037511e+01
   2.2900000e+02   1.7000000e+01  -1.5819859e+02
   2.2900000e+02   3.2800000e+02  -5.1340192e+01
   2.3700000e+02   3.1800000e+02   1.2865981e+02
   2.5500000e+02   3.2200000e+02  -6.7380135e+01
   1.1100000e+02   3.2900000e+02   1.6500000e+02
   1.6600000e+02   3.4600000e+02   1.6500000e+02
   1.6800000e+02   2.5200000e+02   1.2300000e+02
