   1.0800000e+02   3.2800000e+02  -2.6565051e+01
   1.2800000e+02   3.4200000e+02  -2.2619865e+01
   1.2800000e+02   3.5600000e+02   1.4019443e+02
   1.3600000e+02   3.0000000e+02   1.4974356e+02
   1.4400000e+02   3.2200000e+02  -3.3690068e+01
   1.4700000e+02   1.8400000e+02   1.3227369e+02
   1.5400000e+02   1.7700000e+02  -4.1633539e+01
   1.5700000e+02   3.3600000e+02  -2.2619865e+01
   2.0400000e+02   2.0100000e+02   1.2928941e+02
   2.7900000e+02   2.2000000e+02   8.5236358e+01
   2.9400000e+02   3.0800000e+02  -9.4763642e+01
   3.1500000e+02   2.7400000e+02   8.0537678e+01
   3.3200000e+02   1.6500000e+02   6.3434949e+01
   1.8000000e+02   2.7700000e+02   1.2900000e+02
   2.0600000e+02   2.8800000e+02   1.2600000e+02
   2.1900000e+02   2.4100000e+02  -7.6000000e+01
   2.3800000e+02   1.6800000e+02   1.4900000e+02
   2.4600000e+02   1.6800000e+02   3.6000000e+01
   2.5200000e+02   1.3000000e+02   1.8000000e+02
