   1.1800000e+02   2.6100000e+02  -5.9743563e+01
   1.2600000e+02   2.9600000e+02   1.2025644e+02
   1.3500000e+02   2.6000000e+02   1.1656505e+02
   1.3800000e+02   3.0800000e+02   9.0000000e+01
   1.3900000e+02   2.4800000e+02  -6.0255119e+01
   1.4000000e+02   1.0400000e+02  -4.2510447e+01
   1.5300000e+02   2.7000000e+02   8.5236358e+01
   1.5800000e+02   7.3000000e+01  -3.3690068e+01
   1.6100000e+02   2.4900000e+02   9.9462322e+01
   1.7500000e+02   1.4500000e+02   1.3227369e+02
   2.1200000e+02   1.2700000e+02   1.5738014e+02
   2.1600000e+02   3.3100000e+02   1.4212502e+02
   2.1700000e+02   2.3600000e+02   1.2025644e+02
   2.2200000e+02   3.2500000e+02  -5.0710593e+01
   2.2500000e+02   2.9700000e+02   1.3500000e+02
   2.2800000e+02   2.4200000e+02   1.1261986e+02
   2.3700000e+02   1.1500000e+02   9.4623222e+00
   2.3800000e+02   9.9000000e+01  -1.7287498e+02
   2.4500000e+02   6.9000000e+01   9.4623222e+00
   2.5600000e+02   9.0000000e+01  -1.6596376e+02
   2.6600000e+02   1.6300000e+02   4.7726311e+01
   2.7500000e+02   1.4600000e+02  -1.4071059e+02
   2.8200000e+02   1.5100000e+02   4.7726311e+01
   1.7500000e+02   1.6600000e+02  -4.0000000e+01
   1.7900000e+02   1.5300000e+02   1.4000000e+02
   1.9900000e+02   2.1400000e+02   1.1600000e+02
   2.0500000e+02   3.1400000e+02  -2.7000000e+01
   2.1300000e+02   1.8900000e+02   1.4900000e+02
