   8.8000000e+01   2.3300000e+02   1.1656505e+02
   1.0300000e+02   2.7000000e+02   4.7636417e+00
   1.0500000e+02   2.3000000e+02   8.0537678e+01
   1.4600000e+02   3.5500000e+02   4.7636417e+00
   1.6200000e+02   1.8700000e+02  -5.7528808e+01
   1.6300000e+02   6.6000000e+01   1.5738014e+02
   1.6900000e+02   1.7600000e+02   1.2247119e+02
   1.7400000e+02   3.3400000e+02  -9.4623222e+00
   1.9000000e+02   5.5000000e+01   9.4623222e+00
   1.9100000e+02   3.0000000e+02  -2.6565051e+01
   1.9900000e+02   2.2500000e+02   1.2025644e+02
   2.1100000e+02   3.0800000e+02  -4.5000000e+01
   2.1200000e+02   3.5700000e+02   0.0000000e+00
   2.1500000e+02   3.1000000e+01  -1.6156505e+02
   2.3500000e+02   3.0500000e+02  -4.5000000e+01
   2.3900000e+02   3.3100000e+02  -1.8434949e+01
   2.5300000e+02   2.9900000e+02  -5.6309932e+01
   2.7700000e+02   2.9700000e+02  -1.0843495e+02
   2.7800000e+02   2.5200000e+02   8.0537678e+01
   7.1000000e+01   1.2400000e+02  -5.4000000e+01
   9.7000000e+01   1.6200000e+02   1.1600000e+02
   9.9000000e+01   2.4000000e+02  -9.0000000e+01
   1.0000000e+02   1.9000000e+02   1.0800000e+02
   1.0300000e+02   2.5400000e+02   3.0000000e+01
   1.0700000e+02   3.0100000e+02   1.6100000e+02
   1.0900000e+02   2.0300000e+02   7.1000000e+01
   1.1800000e+02   1.7800000e+02   1.0400000e+02
   1.2600000e+02   1.0400000e+02  -3.7000000e+01
   1.4200000e+02   2.7300000e+02   9.0000000e+00
   1.5000000e+02   1.5200000e+02   1.1600000e+02
   1.6000000e+02   1.3000000e+02   1.4600000e+02
   1.6200000e+02   8.2000000e+01   1.5700000e+02
   1.6800000e+02   2.4800000e+02  -4.0000000e+01
   1.8000000e+02   3.4000000e+01   1.7000000e+02
   1.8800000e+02   2.0800000e+02  -6.2000000e+01
   1.9600000e+02   3.3500000e+02  -1.0000000e+01
   1.9700000e+02   1.7400000e+02  -1.0900000e+02
   2.1500000e+02   1.8700000e+02   1.0400000e+02
   2.2200000e+02   1.7000000e+02  -1.1300000e+02
   2.4300000e+02   6.8000000e+01   3.6000000e+01
   2.4800000e+02   1.0200000e+02  -1.4100000e+02
   2.5200000e+02   2.0800000e+02   8.0000000e+01
   2.6300000e+02   2.8600000e+02   1.2600000e+02
   2.6700000e+02   2.9700000e+02   3.0000000e+01
   2.7500000e+02   2.7600000e+02   6.3000000e+01
   2.9900000e+02   5.1000000e+01   3.9000000e+01
   3.1000000e+02   1.3300000e+02  -1.2700000e+02
