   1.0900000e+02   2.4500000e+02   2.6565051e+01
   1.1100000e+02   2.6300000e+02  -1.5138954e+02
   1.1700000e+02   1.5400000e+02   3.9805571e+01
   1.2200000e+02   1.1600000e+02   1.4974356e+02
   1.4200000e+02   3.3000000e+02  -1.4500798e+02
   1.6600000e+02   1.0600000e+02  -5.9036243e+01
   1.6900000e+02   2.7600000e+02   1.8434949e+01
   1.7600000e+02   2.1700000e+02   4.7636417e+00
   1.9200000e+02   2.3100000e+02  -1.8434949e+01
   2.0200000e+02   2.6300000e+02   4.7636417e+00
   2.1300000e+02   2.3900000e+02  -1.8434949e+01
   2.1500000e+02   2.7500000e+02  -1.5819859e+02
   2.2100000e+02   1.5400000e+02   1.4313010e+02
   2.3000000e+02   2.4100000e+02  -2.6565051e+01
   2.3100000e+02   1.0600000e+02   1.4019443e+02
   2.3500000e+02   2.8800000e+02   1.8000000e+02
   2.4200000e+02   2.3500000e+02   1.5343495e+02
   2.5900000e+02   1.8700000e+02   1.2602737e+02
   2.6400000e+02   2.3400000e+02   9.0000000e+01
   2.9900000e+02   4.8000000e+01   7.1565051e+01
   3.1500000e+02   7.2000000e+01   8.5236358e+01
   3.4200000e+02   1.3300000e+02  -8.5236358e+01
   9.1000000e+01   2.6200000e+02   1.8000000e+01
   1.0300000e+02   1.8200000e+02  -1.7600000e+02
   1.4200000e+02   3.5800000e+02   0.0000000e+00
   1.4600000e+02   1.7500000e+02   3.0000000e+01
   1.5400000e+02   8.5000000e+01  -4.5000000e+01
   1.6400000e+02   2.4900000e+02   1.8000000e+01
   1.6500000e+02   6.1000000e+01  -4.0000000e+01
   1.7600000e+02   8.2000000e+01   1.3900000e+02
   1.8300000e+02   1.6500000e+02  -2.3000000e+01
   2.0800000e+02   3.1200000e+02  -1.6600000e+02
   2.1700000e+02   1.8000000e+01  -1.9000000e+01
   2.3800000e+02   5.4000000e+01   1.7000000e+02
   2.5400000e+02   1.2600000e+02  -5.7000000e+01
   2.7300000e+02   1.5900000e+02  -6.2000000e+01
   3.1300000e+02   1.0900000e+02   1.1200000e+02
