   8.6000000e+01   2.5600000e+02   1.0843495e+02
   8.9000000e+01   2.4700000e+02  -5.9743563e+01
   9.9000000e+01   1.0900000e+02   1.4630993e+02
   1.0400000e+02   1.9100000e+02   1.3227369e+02
   1.3200000e+02   1.1000000e+02   1.7523636e+02
   1.3800000e+02   1.7200000e+02   1.5738014e+02
   1.4000000e+02   1.8300000e+02  -1.8434949e+01
   1.5900000e+02   2.8400000e+02   1.0403624e+02
   1.6100000e+02   1.5800000e+02   9.4623222e+00
   1.6200000e+02   3.1400000e+02   1.2686990e+02
   1.7500000e+02   3.3100000e+02   1.1656505e+02
   1.7600000e+02   1.1300000e+02   9.4623222e+00
   1.8800000e+02   1.3400000e+02  -1.6596376e+02
   1.9200000e+02   2.0500000e+02   4.2273689e+01
   2.0100000e+02   8.5000000e+01  -1.7053768e+02
   2.0100000e+02   1.6400000e+02   2.2619865e+01
   2.0900000e+02   1.8700000e+02   3.9805571e+01
   2.1900000e+02   2.1700000e+02   5.9743563e+01
   2.9300000e+02   2.6900000e+02  -1.1656505e+02
   7.9000000e+01   2.7300000e+02   1.1600000e+02
   8.1000000e+01   2.9800000e+02   1.0800000e+02
   8.5000000e+01   1.2100000e+02   1.5300000e+02
   9.9000000e+01   2.8600000e+02   1.0800000e+02
   1.0500000e+02   2.1200000e+02  -4.5000000e+01
   1.0700000e+02   1.9900000e+02   1.3500000e+02
   1.2300000e+02   1.1000000e+02   1.5700000e+02
   1.3000000e+02   2.5800000e+02   1.1600000e+02
   1.3100000e+02   1.3700000e+02   1.5700000e+02
   1.4100000e+02   2.3300000e+02   1.4300000e+02
   1.4500000e+02   3.5700000e+02  -4.5000000e+01
   1.5000000e+02   1.4000000e+02   1.6500000e+02
   1.5400000e+02   2.1000000e+02   1.7000000e+02
   1.5700000e+02   3.3200000e+02   1.2900000e+02
   1.5900000e+02   2.3800000e+02  -1.7100000e+02
   1.7100000e+02   1.4500000e+02   4.0000000e+00
   1.8100000e+02   2.9600000e+02   1.0400000e+02
   1.9000000e+02   2.9300000e+02   1.0800000e+02
   2.1700000e+02   1.7000000e+02   3.3000000e+01
   2.2500000e+02   3.1200000e+02   8.0000000e+01
   2.3600000e+02   2.5200000e+02  -1.1300000e+02
