   8.2000000e+01   6.7000000e+01   1.6869007e+02
   1.2500000e+02   1.2000000e+02   1.3500000e+02
   1.6200000e+02   1.1000000e+02   1.7053768e+02
   1.8900000e+02   2.4700000e+02   1.2980557e+02
   3.0800000e+02   1.2300000e+02  -1.1861046e+02
   9.3000000e+01   7.5000000e+01   1.4600000e+02
   1.1700000e+02   1.6200000e+02   1.1600000e+02
   1.2200000e+02   2.1700000e+02   1.0800000e+02
   1.2400000e+02   1.4500000e+02  -4.3000000e+01
   1.2600000e+02   1.3100000e+02   1.4000000e+02
   1.2800000e+02   8.0000000e+01   1.5700000e+02
   1.4700000e+02   2.6600000e+02  -1.4800000e+02
   1.6100000e+02   3.7000000e+01  -1.0000000e+01
   1.7200000e+02   9.5000000e+01   1.7500000e+02
   1.7700000e+02   7.7000000e+01   1.7500000e+02
   1.9600000e+02   2.3800000e+02   1.0400000e+02
   2.0200000e+02   2.4600000e+02   1.0800000e+02
   2.1500000e+02   1.4900000e+02  -1.4700000e+02
   2.1500000e+02   2.0000000e+02  -1.1300000e+02
   2.1700000e+02   2.2500000e+02   1.0400000e+02
   2.2900000e+02   3.1000000e+01  -1.6200000e+02
   2.3700000e+02   2.1100000e+02  -1.0500000e+02
   2.4400000e+02   1.0800000e+02   3.3000000e+01
   2.6500000e+02   1.8700000e+02  -1.1700000e+02
   2.7600000e+02   1.7000000e+01   6.3000000e+01
   2.8400000e+02   1.1800000e+02   4.1000000e+01
   3.0100000e+02   6.2000000e+01   3.9000000e+01
