   6.0000000e+01   1.9500000e+02   1.2369007e+02
   7.6000000e+01   2.3200000e+02  -4.7636417e+00
   9.3000000e+01   4.2000000e+01   1.2928941e+02
   1.3000000e+02   2.2000000e+01   1.5738014e+02
   1.8700000e+02   2.6700000e+02  -5.0194429e+01
   2.1100000e+02   2.6400000e+02  -4.7489553e+01
   2.1400000e+02   5.5000000e+01  -1.4019443e+02
   2.2400000e+02   1.9600000e+02   9.0000000e+01
   2.2800000e+02   2.5800000e+02  -5.3972627e+01
   7.2000000e+01   2.0400000e+02  -9.0000000e+01
   7.8000000e+01   1.3100000e+02   9.9000000e+01
   8.0000000e+01   1.8900000e+02  -9.0000000e+01
   8.2000000e+01   1.6400000e+02   9.9000000e+01
   9.2000000e+01   1.3800000e+02   1.0400000e+02
   9.8000000e+01   4.9000000e+01   1.3500000e+02
   1.0800000e+02   2.5500000e+02  -1.6600000e+02
   1.1100000e+02   1.4200000e+02  -1.0000000e+02
   1.1200000e+02   7.8000000e+01   1.1600000e+02
   1.1400000e+02   1.8700000e+02  -1.3300000e+02
   1.3200000e+02   3.6000000e+01   1.5700000e+02
   1.3300000e+02   1.2900000e+02  -9.0000000e+01
   1.4100000e+02   2.0900000e+02  -4.3000000e+01
   1.4600000e+02   2.3100000e+02  -4.2000000e+01
   1.4700000e+02   2.9600000e+02   1.8000000e+02
   1.4800000e+02   8.5000000e+01  -1.7100000e+02
   1.5600000e+02   8.7000000e+01   4.8000000e+01
   1.5600000e+02   1.5200000e+02   1.2000000e+02
   1.6400000e+02   1.5500000e+02   9.9000000e+01
   1.7000000e+02   2.9600000e+02  -5.0000000e+00
   1.8200000e+02   1.5000000e+01   3.0000000e+01
   1.8200000e+02   2.4800000e+02   1.4100000e+02
   1.8600000e+02   1.4200000e+02   7.5000000e+01
   1.8600000e+02   2.2400000e+02   1.2000000e+02
   1.8800000e+02   1.1300000e+02  -1.0900000e+02
   1.9500000e+02   3.9000000e+01   4.2000000e+01
   2.0400000e+02   2.7600000e+02   1.5300000e+02
   2.1100000e+02   2.3000000e+01   3.6000000e+01
   2.1200000e+02   2.7200000e+02  -1.9000000e+01
   2.2300000e+02   1.6400000e+02   7.1000000e+01
   2.3200000e+02   1.0500000e+02  -1.1700000e+02
   2.8000000e+02   9.0000000e+01   5.5000000e+01
