   1.2600000e+02   2.8700000e+02  -3.0256437e+01
   1.3600000e+02   2.9000000e+02  -3.2471192e+01
   1.4000000e+02   1.5000000e+02   1.2980557e+02
   1.4200000e+02   1.2600000e+02  -4.5000000e+01
   1.4600000e+02   2.4800000e+02   1.2686990e+02
   1.4800000e+02   1.3900000e+02  -4.7489553e+01
   1.5300000e+02   2.8700000e+02   1.4036243e+01
   1.5700000e+02   2.6000000e+02   1.0403624e+02
   1.5800000e+02   2.7400000e+02   4.1633539e+01
   1.6900000e+02   3.4600000e+02  -1.6156505e+02
   1.7000000e+02   2.0300000e+02  -6.5556045e+01
   1.7600000e+02   1.5200000e+02   1.2247119e+02
   1.7700000e+02   5.6000000e+01  -3.3690068e+01
   1.7700000e+02   3.4800000e+02   1.8434949e+01
   2.1400000e+02   3.2900000e+02   1.8000000e+02
   2.1600000e+02   2.4700000e+02  -1.4903624e+02
   2.3200000e+02   2.6800000e+02  -3.3690068e+01
   2.4500000e+02   2.3700000e+02   1.4019443e+02
   2.4600000e+02   1.0000000e+02  -9.4623222e+00
   2.5100000e+02   5.9000000e+01   1.7053768e+02
   2.5700000e+02   1.7000000e+02  -1.3836646e+02
   2.5700000e+02   2.5500000e+02   1.2686990e+02
   2.5900000e+02   1.1800000e+02   1.7523636e+02
   2.6000000e+02   2.7800000e+02   1.3227369e+02
   2.6400000e+02   2.7000000e+02  -6.3434949e+01
   3.0100000e+02   1.5700000e+02   7.1565051e+01
   1.3500000e+02   2.0700000e+02   1.2200000e+02
   1.6700000e+02   3.3600000e+02  -1.6600000e+02
   1.7000000e+02   1.8300000e+02  -5.7000000e+01
   1.9300000e+02   3.2700000e+02  -1.6900000e+02
   2.0600000e+02   1.2500000e+02  -4.0000000e+01
   2.1200000e+02   3.0200000e+02  -1.7100000e+02
   2.1900000e+02   3.1000000e+02   1.7000000e+02
   2.2400000e+02   1.7500000e+02   1.2300000e+02
   2.3100000e+02   3.0400000e+02   1.5300000e+02
   2.6000000e+02   2.3700000e+02   1.1600000e+02
