   8.1000000e+01   2.0500000e+02  -2.6565051e+01
   9.3000000e+01   2.0700000e+02  -3.3690068e+01
   1.0100000e+02   1.6600000e+02   1.2369007e+02
   1.0900000e+02   2.0400000e+02   9.4623222e+00
   1.1200000e+02   1.7500000e+02   9.4763642e+01
   1.1400000e+02   1.9000000e+02   3.8659808e+01
   1.1700000e+02   1.6500000e+02   9.0000000e+01
   1.3200000e+02   2.7100000e+02  -1.6596376e+02
   1.3500000e+02   2.9400000e+02   1.4036243e+01
   1.5400000e+02   1.9000000e+01   1.3772631e+02
   1.6900000e+02   2.7700000e+02   0.0000000e+00
   1.9200000e+02   2.1700000e+02   1.5343495e+02
   2.0100000e+02   2.9800000e+02   1.7053768e+02
   2.1400000e+02   2.5200000e+02  -3.3690068e+01
   2.3700000e+02   2.5300000e+02  -3.3690068e+01
   2.4300000e+02   4.2000000e+01   5.3130102e+01
   2.4900000e+02   7.0000000e+01   7.1565051e+01
   2.6800000e+02   6.0000000e+01   6.3434949e+01
   2.7400000e+02   1.9500000e+02   9.0000000e+01
   2.7600000e+02   4.4000000e+01  -1.3227369e+02
   8.7000000e+01   2.7300000e+02   9.0000000e+00
   1.2100000e+02   9.9000000e+01  -6.4000000e+01
   1.2500000e+02   1.3900000e+02   1.0800000e+02
   1.4300000e+02   1.8200000e+02  -1.3500000e+02
   1.4700000e+02   2.1200000e+02   1.8000000e+01
   1.5500000e+02   2.7000000e+01   1.3700000e+02
   1.6200000e+02   2.2700000e+02  -1.6600000e+02
   1.7300000e+02   8.9000000e+01   1.2000000e+02
   1.7600000e+02   9.9000000e+01   1.1200000e+02
   1.8600000e+02   6.5000000e+01   1.4600000e+02
   2.1800000e+02   1.6300000e+02   1.0800000e+02
   2.2700000e+02   3.6000000e+01  -1.4700000e+02
   2.3200000e+02   1.2700000e+02   1.1200000e+02
   2.6600000e+02   1.5500000e+02   1.0800000e+02
