   1.0300000e+02   2.0700000e+02   1.1656505e+02
   1.0500000e+02   1.7500000e+02  -5.9743563e+01
   1.0800000e+02   2.2600000e+02  -6.1389540e+01
   1.2500000e+02   2.0700000e+02   1.1261986e+02
   1.3500000e+02   2.0500000e+02   1.1656505e+02
   1.4000000e+02   1.9200000e+02  -5.6309932e+01
   1.4700000e+02   2.0200000e+02   1.2369007e+02
   1.5000000e+02   1.6700000e+02  -5.0194429e+01
   1.5200000e+02   2.9200000e+02  -5.3972627e+01
   1.5500000e+02   2.0400000e+02   1.2602737e+02
   1.6700000e+02   2.0200000e+02   1.3227369e+02
   1.6900000e+02   2.9500000e+02   1.9983107e+01
   1.7000000e+02   1.9300000e+02  -3.6027373e+01
   1.8100000e+02   3.0000000e+02  -1.5138954e+02
   1.8200000e+02   3.2700000e+02  -1.4974356e+02
   1.8800000e+02   9.7000000e+01   4.7636417e+00
   1.8900000e+02   3.3100000e+02   3.9289407e+01
   1.9400000e+02   2.1900000e+02   1.6869007e+02
   1.9900000e+02   2.5000000e+02   7.1565051e+01
   2.0000000e+02   7.2000000e+01   1.8000000e+02
   2.0000000e+02   3.4000000e+02  -1.4071059e+02
   2.0300000e+02   2.6400000e+02  -1.0403624e+02
   2.0500000e+02   2.2100000e+02   4.8814075e+01
   2.1200000e+02   2.3700000e+02   7.5963757e+01
   2.2100000e+02   2.4300000e+02   7.1565051e+01
   2.3000000e+02   2.3600000e+02  -1.0403624e+02
   2.3000000e+02   2.4400000e+02   7.5963757e+01
   2.3600000e+02   2.9200000e+02  -1.0403624e+02
   2.4400000e+02   2.6700000e+02  -1.0843495e+02
   2.4800000e+02   1.3500000e+02   6.9443955e+01
   2.4800000e+02   1.7800000e+02  -9.6340192e+01
   2.4900000e+02   2.1800000e+02  -1.0525512e+02
   2.5500000e+02   1.0800000e+02  -1.2025644e+02
   2.5700000e+02   2.3300000e+02   8.0537678e+01
   2.6000000e+02   1.1600000e+02   5.6309932e+01
   2.6700000e+02   7.4000000e+01   5.4462322e+01
   1.4500000e+02   3.1800000e+02   1.4600000e+02
   1.5000000e+02   3.0000000e+02   1.3200000e+02
   1.5800000e+02   1.8000000e+02   1.2300000e+02
   1.6200000e+02   2.7800000e+02   1.2600000e+02
   1.6900000e+02   2.6400000e+02  -6.8000000e+01
   1.7300000e+02   2.3900000e+02   1.1600000e+02
   1.7600000e+02   2.7700000e+02   1.3500000e+02
   1.7900000e+02   1.8800000e+02   1.5000000e+02
   1.8000000e+02   2.5500000e+02   1.0400000e+02
   1.9000000e+02   2.3100000e+02   1.6000000e+01
   1.9400000e+02   1.4700000e+02   3.0000000e+01
   2.0200000e+02   1.9700000e+02   4.5000000e+01
   2.0800000e+02   2.0400000e+02  -1.3900000e+02
   2.1400000e+02   1.0600000e+02  -1.4700000e+02
