   7.7000000e+01   2.2500000e+02  -5.9743563e+01
   7.8000000e+01   2.9500000e+02   1.3500000e+02
   8.2000000e+01   2.8500000e+02   1.4630993e+02
   8.6000000e+01   2.2500000e+02  -6.3434949e+01
   9.4000000e+01   2.2400000e+02  -6.7380135e+01
   9.5000000e+01   2.8600000e+02   1.4134019e+02
   9.7000000e+01   2.7800000e+02  -5.0710593e+01
   1.1300000e+02   3.2000000e+02  -4.2510447e+01
   1.1900000e+02   3.4300000e+02  -9.4623222e+00
   1.2000000e+02   2.0500000e+02   1.1656505e+02
   1.2300000e+02   1.9400000e+02  -5.6309932e+01
   1.3100000e+02   2.0300000e+02   1.2247119e+02
   1.3100000e+02   3.5200000e+02   1.8000000e+02
   1.3300000e+02   1.7000000e+02  -4.7489553e+01
   1.4000000e+02   2.0500000e+02   1.2928941e+02
   1.5100000e+02   2.0500000e+02   1.3198721e+02
   1.5400000e+02   1.9700000e+02  -1.4036243e+01
   1.5700000e+02   2.9400000e+02   2.8610460e+01
   1.6600000e+02   1.0300000e+02   4.7636417e+00
   1.6800000e+02   1.8700000e+02   1.4036243e+01
   1.6800000e+02   3.0000000e+02  -1.5138954e+02
   1.7400000e+02   3.3000000e+01   0.0000000e+00
   1.8200000e+02   2.0000000e+02  -1.6156505e+02
   1.8600000e+02   2.5200000e+02   7.5963757e+01
   1.9600000e+02   2.3100000e+02  -1.2499202e+02
   1.9600000e+02   2.3900000e+02   6.5556045e+01
   2.0100000e+02   3.1800000e+02  -1.2025644e+02
   2.0300000e+02   2.7100000e+02   7.1565051e+01
   2.0600000e+02   2.4400000e+02   6.5556045e+01
   2.1400000e+02   4.8000000e+01  -1.6156505e+02
   2.1400000e+02   1.9600000e+02  -1.2602737e+02
   2.3200000e+02   1.0900000e+02  -1.3500000e+02
   2.4200000e+02   2.9800000e+02  -1.1261986e+02
   2.6000000e+02   1.4000000e+02  -1.1974488e+02
   2.6200000e+02   2.1800000e+02  -1.0403624e+02
   2.6300000e+02   2.2600000e+02   7.1565051e+01
   2.7400000e+02   1.6700000e+02  -1.1261986e+02
   1.3200000e+02   3.1500000e+02   1.4700000e+02
   1.4800000e+02   2.7900000e+02   1.2600000e+02
   1.5500000e+02   2.6500000e+02  -6.8000000e+01
   1.5900000e+02   2.4100000e+02   1.2000000e+02
   1.6200000e+02   2.7800000e+02   1.3200000e+02
   1.6600000e+02   2.5700000e+02   1.0400000e+02
   1.7500000e+02   2.3300000e+02   1.2400000e+02
   1.8800000e+02   2.7100000e+02  -1.1900000e+02
   2.3400000e+02   1.8600000e+02   9.0000000e+01
