   1.0800000e+02   1.8200000e+02  -4.9398705e+01
   1.1300000e+02   2.1100000e+02  -5.5007980e+01
   1.1500000e+02   1.3000000e+02   1.3198721e+02
   1.1900000e+02   2.6300000e+02  -7.1565051e+01
   1.2100000e+02   1.0800000e+02  -4.2273689e+01
   1.2700000e+02   2.4300000e+02   1.1261986e+02
   1.3500000e+02   2.4400000e+02   1.1656505e+02
   1.4400000e+02   2.4400000e+02   1.1656505e+02
   1.4600000e+02   3.4400000e+02  -5.3130102e+01
   1.4800000e+02   2.3100000e+02  -5.6309932e+01
   1.5600000e+02   2.4100000e+02   1.2602737e+02
   1.5800000e+02   2.0500000e+02  -5.0710593e+01
   1.5800000e+02   2.3100000e+02  -5.9743563e+01
   1.6100000e+02   3.3800000e+02   1.2928941e+02
   1.6600000e+02   2.4200000e+02   1.2865981e+02
   1.6700000e+02   2.3200000e+02  -4.2510447e+01
   1.6900000e+02   3.7000000e+01  -9.4623222e+00
   1.7500000e+02   2.4200000e+02   1.2928941e+02
   1.7900000e+02   2.3200000e+02  -3.9289407e+01
   1.9000000e+02   6.1000000e+01  -4.7636417e+00
   1.9000000e+02   1.3200000e+02   0.0000000e+00
   1.9200000e+02   3.3900000e+02  -1.4500798e+02
   2.0400000e+02   2.8100000e+02   8.5236358e+01
   2.0800000e+02   1.8700000e+02  -1.5343495e+02
   2.0900000e+02   4.6000000e+01   1.8000000e+02
   2.1000000e+02   1.4100000e+02  -1.6869007e+02
   2.1700000e+02   9.5000000e+01   7.5963757e+01
   2.1900000e+02   2.6500000e+02  -1.2928941e+02
   2.1900000e+02   2.7400000e+02   6.5556045e+01
   2.3100000e+02   7.2000000e+01  -1.6596376e+02
   2.4600000e+02   1.4600000e+02  -1.3500000e+02
   2.5000000e+02   2.6200000e+02   7.1565051e+01
   2.5500000e+02   2.7600000e+02  -1.0843495e+02
   2.5600000e+02   2.8500000e+02   7.1565051e+01
   2.5700000e+02   1.3800000e+02  -1.2686990e+02
   2.6400000e+02   6.7000000e+01   3.9805571e+01
   2.8700000e+02   7.5000000e+01  -1.3500000e+02
   1.6600000e+02   2.2100000e+02   1.2800000e+02
   1.8200000e+02   2.7900000e+02   1.1200000e+02
   1.8600000e+02   2.4200000e+02   1.2600000e+02
   1.8700000e+02   2.2700000e+02   1.4700000e+02
   1.9000000e+02   2.9400000e+02   9.9000000e+01
   1.9900000e+02   1.8400000e+02   1.8000000e+01
   1.9900000e+02   2.7000000e+02   1.5000000e+01
   2.1000000e+02   2.3500000e+02   5.6000000e+01
   2.1100000e+02   2.7400000e+02  -1.6100000e+02
   2.1100000e+02   3.0700000e+02  -1.1300000e+02
   2.2400000e+02   1.0000000e+02   3.3000000e+01
   2.5500000e+02   2.1500000e+02  -1.0500000e+02
