   1.6900000e+02   1.5100000e+02  -3.0256437e+01
   2.0900000e+02   1.4100000e+02   1.5738014e+02
   2.0900000e+02   2.9800000e+02  -8.5236358e+01
   2.1300000e+02   9.5000000e+01   0.0000000e+00
   2.1300000e+02   3.2800000e+02  -8.5236358e+01
   2.1700000e+02   3.3900000e+02   9.0000000e+01
   2.2100000e+02   3.2300000e+02  -8.0537678e+01
   2.2300000e+02   9.5000000e+01   1.8000000e+02
   2.2300000e+02   1.9500000e+02   0.0000000e+00
   2.2400000e+02   3.3100000e+02   9.0000000e+01
   2.2500000e+02   2.1600000e+02   1.5738014e+02
   2.3000000e+02   3.1900000e+02  -7.5963757e+01
   2.3300000e+02   3.2700000e+02   9.4763642e+01
   2.3900000e+02   3.1400000e+02  -6.3434949e+01
   2.4300000e+02   3.2100000e+02   1.0525512e+02
   2.8300000e+02   2.6000000e+02  -1.4071059e+02
   2.9200000e+02   3.2300000e+02  -1.4397263e+02
   2.9300000e+02   3.4600000e+02   4.2273689e+01
   3.0500000e+02   3.5800000e+02  -1.3227369e+02
   3.0700000e+02   3.2800000e+02   3.6869898e+01
   3.0800000e+02   2.4800000e+02  -1.3251045e+02
   1.3300000e+02   2.3500000e+02  -9.5000000e+01
   2.0300000e+02   2.2200000e+02   1.3200000e+02
   2.0600000e+02   1.6600000e+02   1.5300000e+02
   2.1700000e+02   1.7100000e+02   0.0000000e+00
   2.2300000e+02   3.0700000e+02  -6.8000000e+01
   2.3600000e+02   2.5900000e+02  -5.0000000e+00
   2.4500000e+02   3.0200000e+02   1.1600000e+02
   2.6100000e+02   3.2200000e+02   1.0900000e+02
   2.6700000e+02   3.3500000e+02   9.0000000e+01
   2.6800000e+02   2.9800000e+02   2.6000000e+01
   2.6800000e+02   3.5200000e+02   6.3000000e+01
   2.9400000e+02   2.6300000e+02  -1.3300000e+02
