   8.8000000e+01   1.2500000e+02  -4.2273689e+01
   9.1000000e+01   7.3000000e+01  -5.3972627e+01
   9.5000000e+01   3.7000000e+01  -5.6309932e+01
   9.5000000e+01   1.6900000e+02  -4.7726311e+01
   9.9000000e+01   2.1000000e+01  -5.9743563e+01
   1.0000000e+02   2.0300000e+02  -1.8434949e+01
   1.0100000e+02   1.8800000e+02  -3.0256437e+01
   1.2000000e+02   1.3400000e+02   1.3801279e+02
   1.2200000e+02   1.7000000e+01   1.2025644e+02
   1.2400000e+02   1.2500000e+02  -5.6309932e+01
   1.2700000e+02   5.2000000e+01   1.1656505e+02
   1.3100000e+02   1.6300000e+02  -4.2510447e+01
   1.3100000e+02   1.8700000e+02  -1.8434949e+01
   1.3700000e+02   4.9000000e+01   1.1656505e+02
   1.4000000e+02   3.9000000e+01  -5.3972627e+01
   1.4800000e+02   4.7000000e+01   1.2025644e+02
   1.5100000e+02   3.8000000e+01  -5.3130102e+01
   1.6100000e+02   2.5700000e+02  -1.7053768e+02
   1.8300000e+02   1.4300000e+02  -1.4134019e+02
   1.8700000e+02   2.4200000e+02   2.2619865e+01
   2.0200000e+02   9.1000000e+01   7.5963757e+01
   2.0400000e+02   1.5100000e+02  -1.1656505e+02
   2.0700000e+02   1.5000000e+01  -1.4071059e+02
   2.1600000e+02   1.5800000e+02  -1.2025644e+02
   2.1800000e+02   1.1000000e+02   7.5963757e+01
   2.2300000e+02   8.3000000e+01   7.5963757e+01
   2.3500000e+02   1.5000000e+01  -1.0403624e+02
   2.4100000e+02   1.6300000e+02  -1.2025644e+02
   2.5500000e+02   1.6100000e+02   6.7380135e+01
   2.5900000e+02   1.4700000e+02   5.3972627e+01
   2.6300000e+02   2.1000000e+01  -9.9462322e+01
   1.4800000e+02   1.5800000e+02   1.4300000e+02
   1.5200000e+02   1.4300000e+02   1.3500000e+02
   1.6100000e+02   2.3000000e+01   1.2300000e+02
   1.6400000e+02   1.2100000e+02   1.2600000e+02
   1.6700000e+02   6.2000000e+01   1.1600000e+02
   1.6700000e+02   1.3200000e+02   1.3800000e+02
   1.7200000e+02   1.0400000e+02  -6.8000000e+01
   1.7300000e+02   1.6200000e+02  -1.7100000e+02
   1.7600000e+02   8.1000000e+01   1.2000000e+02
   1.7800000e+02   1.1800000e+02   1.2900000e+02
   1.8100000e+02   3.1000000e+01   1.4700000e+02
   1.8100000e+02   1.6600000e+02   3.0000000e+01
   1.8300000e+02   9.6000000e+01   1.0400000e+02
   1.8900000e+02   4.3000000e+01   1.8000000e+01
   1.9900000e+02   7.2000000e+01   1.7000000e+02
   2.0300000e+02   1.1100000e+02  -1.1300000e+02
   2.0400000e+02   3.8000000e+01   5.7000000e+01
   2.3000000e+02   1.4400000e+02  -1.1700000e+02
   2.5000000e+02   2.2000000e+01   9.0000000e+01
