   1.0200000e+02   3.2800000e+02  -4.1987212e+01
   1.1700000e+02   3.4600000e+02   1.4630993e+02
   1.7500000e+02   3.0000000e+01  -2.2619865e+01
   2.0100000e+02   6.9000000e+01  -4.7636417e+00
   2.0700000e+02   1.2500000e+02   0.0000000e+00
   2.2200000e+02   1.5200000e+02  -1.7053768e+02
   2.3100000e+02   1.3300000e+02   3.0256437e+01
   2.3500000e+02   3.5500000e+02  -1.2686990e+02
   2.4200000e+02   2.6300000e+02  -1.0843495e+02
   2.4300000e+02   7.9000000e+01  -1.7053768e+02
   2.4600000e+02   3.1100000e+02   7.5963757e+01
   2.4900000e+02   3.6000000e+02  -1.3227369e+02
   1.2500000e+02   3.4600000e+02   1.3500000e+02
   1.5300000e+02   3.2600000e+02   1.2500000e+02
   1.5400000e+02   3.4000000e+02   1.2900000e+02
   1.6000000e+02   1.1500000e+02  -3.1000000e+01
   2.1500000e+02   1.6700000e+02  -1.7100000e+02
   2.1600000e+02   1.4200000e+02   1.8000000e+02
   2.3200000e+02   3.1900000e+02   6.7000000e+01
   2.3600000e+02   1.0900000e+02   2.6000000e+01
   2.6000000e+02   2.6800000e+02  -1.0900000e+02
   2.6100000e+02   3.4200000e+02   4.2000000e+01
   2.8600000e+02   2.1400000e+02  -1.1900000e+02
