   1.0000000e+02   2.5100000e+02  -5.0194429e+01
   1.0800000e+02   2.6700000e+02  -4.5000000e+01
   1.0900000e+02   2.7500000e+02  -3.9805571e+01
   1.3900000e+02   3.0400000e+02   1.2928941e+02
   1.4600000e+02   2.9800000e+02  -5.4462322e+01
   1.9600000e+02   3.0500000e+02  -6.3434949e+01
   2.3100000e+02   9.6000000e+01  -1.5738014e+02
   2.4800000e+02   2.4500000e+02  -9.0000000e+01
   2.7400000e+02   2.1800000e+02   8.0537678e+01
   8.4000000e+01   1.6500000e+02  -4.8000000e+01
   8.9000000e+01   1.4400000e+02   1.2900000e+02
   1.0400000e+02   1.7300000e+02   1.3500000e+02
   1.5400000e+02   2.7200000e+02   1.2300000e+02
   1.6500000e+02   1.9000000e+02   1.2900000e+02
   1.6800000e+02   1.7500000e+02   1.3200000e+02
   1.8000000e+02   1.3200000e+02   1.4200000e+02
   1.8000000e+02   2.0800000e+02   1.2600000e+02
   1.8100000e+02   2.2500000e+02  -8.1000000e+01
   1.9300000e+02   2.2300000e+02  -7.6000000e+01
   2.0100000e+02   1.8500000e+02   7.4000000e+01
   2.2300000e+02   8.4000000e+01   2.2000000e+01
   2.2800000e+02   2.4000000e+01   1.9000000e+01
   2.5500000e+02   1.7700000e+02   5.5000000e+01
   2.5700000e+02   2.3000000e+01  -1.6200000e+02
   2.7700000e+02   2.1000000e+01  -2.7000000e+01
   2.8100000e+02   6.5000000e+01  -1.5000000e+02
   2.8200000e+02   1.0500000e+02  -1.3500000e+02
