   7.4000000e+01   2.9000000e+02  -3.9805571e+01
   9.5000000e+01   3.1400000e+02   1.4313010e+02
   1.0100000e+02   3.0800000e+02  -4.5000000e+01
   1.0400000e+02   3.1600000e+02  -4.5000000e+01
   1.3900000e+02   3.3400000e+02  -3.0256437e+01
   1.6500000e+02   3.3600000e+02  -3.9805571e+01
   1.7900000e+02   2.9600000e+02   1.1656505e+02
   1.8800000e+02   5.4000000e+01   1.8000000e+02
   2.0200000e+02   3.3500000e+02  -3.0256437e+01
   5.2000000e+01   2.1000000e+02   1.4000000e+02
   6.3000000e+01   1.3900000e+02  -4.5000000e+01
   7.0000000e+01   1.1700000e+02   1.3200000e+02
   9.4000000e+01   6.5000000e+01   1.3700000e+02
   1.1900000e+02   1.3200000e+02   1.3500000e+02
   1.2900000e+02   1.3300000e+02   1.3500000e+02
   1.3800000e+02   2.5500000e+02  -6.0000000e+01
   1.4000000e+02   1.6800000e+02   1.3700000e+02
   1.4700000e+02   1.5300000e+02   1.4000000e+02
   1.5100000e+02   2.0400000e+02  -7.6000000e+01
   1.7300000e+02   3.6000000e+01   1.6500000e+02
   1.9000000e+02   2.7900000e+02   1.0800000e+02
   2.0100000e+02   2.7600000e+02   1.0800000e+02
   2.1100000e+02   7.0000000e+01   3.0000000e+01
   2.1700000e+02   2.1600000e+02  -6.0000000e+01
   2.2700000e+02   8.0000000e+01  -1.4700000e+02
   2.3000000e+02   1.6800000e+02   6.7000000e+01
   2.3400000e+02   7.5000000e+01   5.0000000e+01
   2.6600000e+02   9.6000000e+01  -1.3300000e+02
   2.6900000e+02   2.0500000e+02  -9.5000000e+01
   2.8500000e+02   6.1000000e+01  -1.3800000e+02
   2.8700000e+02   1.5100000e+02  -1.0900000e+02
