   1.0600000e+02   3.0500000e+02  -9.4623222e+00
   1.1300000e+02   9.1000000e+01  -5.0194429e+01
   1.2200000e+02   2.2100000e+02   1.4313010e+02
   1.2700000e+02   2.5600000e+02  -3.6869898e+01
   1.2900000e+02   2.1400000e+02  -4.2510447e+01
   1.4100000e+02   2.9500000e+02   1.8000000e+02
   1.4300000e+02   2.2000000e+02   1.3500000e+02
   1.4800000e+02   3.4400000e+02   0.0000000e+00
   1.4900000e+02   2.1300000e+02  -5.3130102e+01
   1.5000000e+02   2.9200000e+02  -2.2619865e+01
   1.5300000e+02   2.7400000e+02  -3.9805571e+01
   1.6900000e+02   3.0000000e+02  -3.0256437e+01
   1.9600000e+02   1.8000000e+01   1.4974356e+02
   2.1200000e+02   1.9000000e+02  -6.3434949e+01
   2.1400000e+02   2.9200000e+02  -5.6309932e+01
   2.2200000e+02   2.9200000e+02  -6.3434949e+01
   2.2900000e+02   2.6700000e+02   1.1656505e+02
   2.4200000e+02   2.4700000e+02   1.1261986e+02
   2.4400000e+02   1.0200000e+02   8.3659808e+01
   2.6000000e+02   4.1000000e+01   4.5000000e+01
   2.7900000e+02   5.2000000e+01  -1.6156505e+02
   1.0500000e+02   1.5300000e+02  -4.5000000e+01
   1.0700000e+02   1.7700000e+02   1.3500000e+02
   1.2300000e+02   1.0700000e+02  -4.5000000e+01
   1.3100000e+02   8.3000000e+01   1.2600000e+02
   1.4300000e+02   1.1200000e+02  -4.8000000e+01
   2.0100000e+02   1.3600000e+02   1.4300000e+02
   2.0800000e+02   1.2100000e+02   1.4600000e+02
   2.0900000e+02   1.7300000e+02  -6.8000000e+01
   2.1300000e+02   1.5400000e+02   1.3500000e+02
   2.2100000e+02   1.7200000e+02  -9.0000000e+01
   2.5200000e+02   1.5400000e+02   1.1200000e+02
   2.8600000e+02   1.3600000e+02   7.1000000e+01
   3.0000000e+02   3.5000000e+01  -1.4100000e+02
   3.0600000e+02   8.7000000e+01  -1.2400000e+02
