   7.0000000e+01   1.9600000e+02  -8.0537678e+01
   1.8700000e+02   3.2900000e+02  -8.0537678e+01
   1.9700000e+02   3.5800000e+02  -7.5963757e+01
   2.4500000e+02   3.3400000e+02  -8.0537678e+01
   2.5000000e+02   3.5900000e+02  -9.7125016e+01
   2.6700000e+02   2.6700000e+02  -7.8690068e+01
   2.7200000e+02   3.3300000e+02  -9.0000000e+01
   2.9600000e+02   1.9000000e+02  -1.2980557e+02
   5.9000000e+01   1.6800000e+02   9.5000000e+01
   6.1000000e+01   1.6000000e+02  -7.6000000e+01
   6.5000000e+01   1.3000000e+02   1.2400000e+02
   7.4000000e+01   1.0300000e+02  -6.6000000e+01
   9.2000000e+01   1.8100000e+02   1.0800000e+02
   9.4000000e+01   1.7300000e+02  -7.2000000e+01
   9.5000000e+01   2.6000000e+02   9.9000000e+01
   9.7000000e+01   1.6400000e+02   1.1600000e+02
   1.0400000e+02   2.1000000e+02   9.9000000e+01
   1.0900000e+02   1.9400000e+02   1.0800000e+02
   1.1100000e+02   1.2000000e+02   1.0800000e+02
   1.1400000e+02   2.2400000e+02   1.0400000e+02
   1.1500000e+02   2.1400000e+02   9.4000000e+01
   1.3100000e+02   2.3600000e+02   9.0000000e+01
   1.3200000e+02   1.2300000e+02   1.1600000e+02
   1.3800000e+02   2.6500000e+02   1.1200000e+02
   1.3800000e+02   2.8900000e+02   9.9000000e+01
   1.4200000e+02   5.7000000e+01   1.2600000e+02
   1.5400000e+02   3.1400000e+02   9.9000000e+01
   1.7600000e+02   8.2000000e+01   1.3500000e+02
   1.8400000e+02   6.2000000e+01   1.5100000e+02
   2.0600000e+02   2.2400000e+02   1.0800000e+02
   2.1700000e+02   2.3000000e+02   1.0800000e+02
   2.2300000e+02   6.7000000e+01   1.7500000e+02
   2.4500000e+02   7.3000000e+01  -1.6600000e+02
   2.5500000e+02   2.1700000e+02   6.3000000e+01
   2.5700000e+02   8.2000000e+01  -1.6600000e+02
   2.7200000e+02   2.3700000e+02  -1.0600000e+02
   2.8300000e+02   1.1200000e+02  -1.6200000e+02
