   4.1000000e+01   2.7800000e+02  -5.0710593e+01
   4.4000000e+01   2.5400000e+02  -4.2510447e+01
   4.6000000e+01   3.4100000e+02  -4.5000000e+01
   6.1000000e+01   3.4900000e+02  -4.5000000e+01
   6.5000000e+01   3.3500000e+02  -5.0710593e+01
   7.2000000e+01   3.6000000e+02   1.3748955e+02
   9.9000000e+01   3.5500000e+02  -4.5000000e+01
   2.0900000e+02   6.3000000e+01   1.5738014e+02
   2.3900000e+02   8.3000000e+01  -1.6596376e+02
   2.4500000e+02   2.6900000e+02  -9.9462322e+01
   4.6000000e+01   2.9500000e+02   1.3500000e+02
   6.6000000e+01   2.2800000e+02  -3.4000000e+01
   8.0000000e+01   2.3000000e+02   1.4000000e+02
   1.1300000e+02   3.4000000e+02   1.3200000e+02
   1.1400000e+02   2.8700000e+02   1.3500000e+02
   1.2500000e+02   3.5500000e+02  -4.8000000e+01
   1.3200000e+02   2.6300000e+02   1.4600000e+02
   1.3900000e+02   2.4900000e+02   1.4600000e+02
   1.5200000e+02   2.5300000e+02   1.5700000e+02
   1.5900000e+02   3.1200000e+02   1.2600000e+02
   1.9900000e+02   3.4800000e+02  -7.2000000e+01
   2.0900000e+02   1.0800000e+02   1.7500000e+02
   2.1800000e+02   1.0700000e+02   9.0000000e+00
   2.3200000e+02   1.1000000e+02  -1.7100000e+02
   2.4200000e+02   2.4900000e+02  -1.0500000e+02
   2.5300000e+02   2.6100000e+02   9.0000000e+01
   2.6400000e+02   2.0100000e+02   5.7000000e+01
   2.8000000e+02   1.1600000e+02  -1.1200000e+02
