   3.8000000e+01   2.5000000e+02  -3.3690068e+01
   5.3000000e+01   3.4000000e+02  -9.4623222e+00
   6.8000000e+01   2.8800000e+02  -3.6869898e+01
   7.9000000e+01   3.5200000e+02  -4.7636417e+00
   8.1000000e+01   3.1000000e+02   1.5094540e+02
   8.4000000e+01   2.6500000e+02   1.3772631e+02
   1.0800000e+02   2.6100000e+02  -4.7726311e+01
   1.1400000e+02   3.3100000e+02  -3.0256437e+01
   1.6400000e+02   3.3600000e+02  -2.6565051e+01
   1.8000000e+02   2.9900000e+02   1.1656505e+02
   1.9900000e+02   3.5000000e+02  -1.4036243e+01
   2.1400000e+02   3.2800000e+02  -6.3434949e+01
   2.2100000e+02   3.1200000e+02   1.0843495e+02
   3.4000000e+01   3.1800000e+02  -1.5000000e+01
   4.7000000e+01   3.1300000e+02   1.5500000e+02
   6.0000000e+01   9.1000000e+01  -4.0000000e+01
   6.6000000e+01   1.4400000e+02  -3.7000000e+01
   1.0900000e+02   1.4200000e+02   1.2800000e+02
   1.4600000e+02   2.4300000e+02   1.2000000e+02
   1.5500000e+02   2.0800000e+02  -6.4000000e+01
   1.6500000e+02   2.1100000e+02   1.0800000e+02
   1.6600000e+02   2.9200000e+02   1.2300000e+02
   1.8200000e+02   2.4300000e+02   1.1200000e+02
   1.9000000e+02   2.4800000e+02   1.1200000e+02
   1.9900000e+02   2.2800000e+02   1.1200000e+02
   2.3400000e+02   2.5400000e+02   1.0900000e+02
   2.7400000e+02   3.9000000e+01  -1.4100000e+02
   2.8200000e+02   2.1500000e+02   7.4000000e+01
   3.0000000e+02   1.0800000e+02  -1.2400000e+02
