   1.2600000e+02   3.3600000e+02  -2.6565051e+01
   1.4400000e+02   2.0700000e+02   1.4630993e+02
   1.9400000e+02   3.0400000e+02   1.2025644e+02
   8.9000000e+01   3.4200000e+02   1.8000000e+02
   1.5700000e+02   3.3500000e+02  -3.7000000e+01
   1.7200000e+02   2.1600000e+02  -5.7000000e+01
   1.8300000e+02   2.2200000e+02   1.2600000e+02
   1.9400000e+02   2.4100000e+02   1.4900000e+02
   1.9700000e+02   2.5100000e+02   1.1600000e+02
   2.0000000e+02   2.2900000e+02  -6.4000000e+01
   2.0100000e+02   7.8000000e+01   1.6500000e+02
   2.0400000e+02   2.5700000e+02   1.1600000e+02
   2.1100000e+02   3.4600000e+02   1.5100000e+02
   2.2100000e+02   1.7900000e+02  -8.3000000e+01
   2.5100000e+02   2.6100000e+02   1.1200000e+02
   2.7500000e+02   2.0600000e+02   9.4000000e+01
   2.9100000e+02   1.1500000e+02  -1.3000000e+02
   3.0200000e+02   2.2000000e+02   7.5000000e+01
