   5.5000000e+01   2.4100000e+02  -5.6309932e+01
   5.7000000e+01   2.1200000e+02  -5.6309932e+01
   6.5000000e+01   2.6300000e+02   1.2928941e+02
   7.8000000e+01   1.1300000e+02  -5.0710593e+01
   8.1000000e+01   5.5000000e+01  -5.0710593e+01
   8.1000000e+01   2.9300000e+02  -5.3130102e+01
   1.2300000e+02   2.1300000e+02   1.1261986e+02
   1.4000000e+02   2.5000000e+01  -9.4623222e+00
   1.4500000e+02   3.1500000e+02  -5.9743563e+01
   1.4700000e+02   2.8100000e+02  -7.5963757e+01
   1.5400000e+02   3.1400000e+02  -6.7380135e+01
   1.8700000e+02   3.1000000e+02  -7.5963757e+01
   1.9600000e+02   2.3200000e+02  -9.0000000e+01
   2.1100000e+02   1.4200000e+02  -1.0843495e+02
   2.1500000e+02   1.4900000e+02   9.0000000e+01
   2.1900000e+02   2.2300000e+02  -9.9462322e+01
   2.2700000e+02   1.4300000e+02  -9.9462322e+01
   2.3000000e+02   1.7300000e+02   7.8690068e+01
   2.3400000e+02   6.7000000e+01  -1.2096376e+02
   2.4000000e+02   1.7900000e+02  -9.9462322e+01
   2.5300000e+02   6.8000000e+01  -1.1261986e+02
   2.5800000e+02   7.6000000e+01  -1.1055605e+02
   2.5900000e+02   1.2300000e+02  -1.0252881e+02
   9.1000000e+01   2.9100000e+02   1.3100000e+02
   1.2800000e+02   1.9200000e+02  -8.1000000e+01
   1.3400000e+02   1.4700000e+02  -1.5000000e+01
   1.3900000e+02   1.9500000e+02  -9.0000000e+01
   1.6400000e+02   1.5200000e+02   9.9000000e+01
   1.7100000e+02   9.8000000e+01  -1.6200000e+02
   1.7100000e+02   1.7000000e+02   1.1200000e+02
