   1.0300000e+02   3.0800000e+02   1.5343495e+02
   1.1000000e+02   3.0200000e+02  -3.3690068e+01
   1.1400000e+02   1.0000000e+02  -6.3434949e+01
   1.6800000e+02   1.3200000e+02  -5.3130102e+01
   1.7300000e+02   1.8000000e+02   1.1261986e+02
   1.7800000e+02   1.6800000e+02  -5.9743563e+01
   1.7800000e+02   3.1100000e+02  -4.7726311e+01
   1.8200000e+02   2.0300000e+02  -6.7380135e+01
   2.0900000e+02   3.5200000e+02   7.1565051e+01
   2.1200000e+02   3.1300000e+02  -5.3130102e+01
   2.1600000e+02   1.7300000e+02   9.9462322e+01
   2.3300000e+02   3.2200000e+02  -5.0194429e+01
   2.3900000e+02   2.4900000e+02   9.9462322e+01
   2.4200000e+02   5.6000000e+01   1.8000000e+02
   2.4400000e+02   1.6100000e+02   8.5236358e+01
   2.4600000e+02   6.4000000e+01   2.9744881e+01
   2.4700000e+02   4.6000000e+01   1.4036243e+01
   2.5400000e+02   2.5200000e+02   9.4763642e+01
   2.6100000e+02   1.0400000e+02   6.0255119e+01
   2.7600000e+02   3.3000000e+02  -2.2619865e+01
   1.4900000e+02   2.7800000e+02   1.2600000e+02
   2.3000000e+02   1.7000000e+02   1.0400000e+02
   2.3100000e+02   1.3400000e+02  -1.4200000e+02
