   9.3000000e+01   2.4800000e+02  -5.0710593e+01
   9.3000000e+01   2.8000000e+02  -4.7726311e+01
   1.2600000e+02   2.4000000e+02   1.2025644e+02
   1.4300000e+02   1.2900000e+02   1.3772631e+02
   1.4400000e+02   1.5700000e+02   1.2686990e+02
   1.9300000e+02   2.0700000e+02  -5.3130102e+01
   1.9600000e+02   2.5200000e+02   1.0403624e+02
   2.0200000e+02   2.4300000e+02  -5.9743563e+01
   2.4000000e+02   2.4800000e+02   1.0403624e+02
   2.4200000e+02   3.4000000e+02   1.2096376e+02
   2.7000000e+02   3.5300000e+02  -8.0537678e+01
   3.1500000e+02   2.3700000e+02  -9.0000000e+01
   1.1100000e+02   2.5800000e+02   1.2600000e+02
   1.1400000e+02   3.4900000e+02   1.4300000e+02
   2.2600000e+02   2.1400000e+02   1.4600000e+02
   2.2900000e+02   1.8200000e+02   1.4600000e+02
   2.3000000e+02   2.0100000e+02   1.5100000e+02
   2.4600000e+02   2.4000000e+02  -9.0000000e+01
   2.5400000e+02   2.4800000e+02   1.0800000e+02
   3.0300000e+02   2.2500000e+02   6.3000000e+01
