   1.1300000e+02   3.1600000e+02  -3.6869898e+01
   1.2500000e+02   1.7100000e+02  -4.7726311e+01
   1.3100000e+02   3.4600000e+02  -2.6565051e+01
   1.3600000e+02   2.1300000e+02   1.2369007e+02
   1.5000000e+02   1.0100000e+02  -3.9289407e+01
   1.5600000e+02   2.0000000e+02  -5.3972627e+01
   1.7300000e+02   3.2200000e+02  -5.3130102e+01
   2.0400000e+02   1.4100000e+02  -3.9289407e+01
   2.0500000e+02   1.8300000e+02  -4.7489553e+01
   2.2300000e+02   1.5700000e+02   1.3772631e+02
   2.5000000e+02   2.2900000e+02   1.0843495e+02
   2.7900000e+02   2.1900000e+02   9.0000000e+01
   2.8800000e+02   1.0200000e+02  -1.6747119e+02
   3.0100000e+02   1.4600000e+02   4.2273689e+01
   3.0100000e+02   2.0400000e+02  -9.9462322e+01
   3.1600000e+02   1.4900000e+02  -1.3772631e+02
   2.4900000e+02   1.9000000e+02   1.6500000e+02
   2.5700000e+02   2.1900000e+02  -9.0000000e+01
   2.6400000e+02   2.2700000e+02   1.0800000e+02
   3.1700000e+02   2.0500000e+02   7.1000000e+01
