   9.6000000e+01   1.5800000e+02   9.0000000e+01
   1.6500000e+02   2.1700000e+02   9.0000000e+01
   1.7200000e+02   1.2000000e+02  -7.5963757e+01
   1.8600000e+02   3.3200000e+02  -7.5963757e+01
   1.9900000e+02   1.2300000e+02   1.0403624e+02
   2.1200000e+02   8.7000000e+01  -3.0256437e+01
   2.5500000e+02   8.4000000e+01   1.8434949e+01
   2.6200000e+02   3.2400000e+02  -6.7380135e+01
   2.6800000e+02   8.3000000e+01   2.6565051e+01
   2.7200000e+02   2.9600000e+02   1.0403624e+02
   2.8900000e+02   3.3300000e+02  -5.0194429e+01
   2.9400000e+02   1.8800000e+02   6.7380135e+01
   3.0500000e+02   3.0600000e+02  -7.5963757e+01
   3.1500000e+02   3.5100000e+02   1.3198721e+02
   3.3700000e+02   2.9200000e+02  -7.5963757e+01
   3.3800000e+02   3.1500000e+02   1.3500000e+02
   3.4200000e+02   2.3900000e+02  -1.1261986e+02
   1.0100000e+02   1.2800000e+02  -1.0000000e+02
   1.0900000e+02   2.2100000e+02   1.0800000e+02
   1.1500000e+02   2.4900000e+02  -7.1000000e+01
   1.2500000e+02   2.5300000e+02   9.4000000e+01
   1.2700000e+02   1.9700000e+02  -1.0500000e+02
   1.3200000e+02   1.3700000e+02   1.0400000e+02
   1.3700000e+02   2.3500000e+02   4.5000000e+01
   1.5700000e+02   3.0500000e+02   1.1200000e+02
   1.6200000e+02   1.4600000e+02  -1.0500000e+02
   1.6300000e+02   2.4300000e+02  -1.0500000e+02
   1.7300000e+02   1.3900000e+02   1.1200000e+02
   1.7500000e+02   6.6000000e+01   1.2600000e+02
   1.8100000e+02   2.8500000e+02  -9.0000000e+01
   1.8600000e+02   3.5900000e+02   1.2600000e+02
   1.9000000e+02   2.8500000e+02   4.5000000e+01
   2.0000000e+02   3.1500000e+02   1.0800000e+02
   2.0200000e+02   1.5700000e+02  -9.5000000e+01
   2.0600000e+02   1.8200000e+02  -1.0000000e+02
   2.1900000e+02   1.1100000e+02   1.2000000e+02
   2.2200000e+02   3.6000000e+02  -5.8000000e+01
   2.3100000e+02   3.0100000e+02   9.9000000e+01
   2.4100000e+02   1.4900000e+02   1.1200000e+02
   2.4700000e+02   1.6400000e+02   9.4000000e+01
   2.5000000e+02   3.0400000e+02  -7.1000000e+01
   2.7700000e+02   1.5500000e+02  -1.2700000e+02
   2.8600000e+02   1.3900000e+02  -1.3500000e+02
   3.1400000e+02   3.1700000e+02   1.2600000e+02
