   5.9000000e+01   1.4800000e+02  -1.8434949e+01
   6.4000000e+01   2.3100000e+02   1.8000000e+02
   7.6000000e+01   1.7600000e+02  -1.2528808e+01
   8.1000000e+01   4.3000000e+01  -5.5007980e+01
   8.3000000e+01   1.3300000e+02  -3.3690068e+01
   8.8000000e+01   2.1700000e+02   0.0000000e+00
   1.0000000e+02   1.5500000e+02  -1.8434949e+01
   1.0100000e+02   1.8500000e+02  -1.4036243e+01
   1.0600000e+02   1.1500000e+02   1.3748955e+02
   1.1400000e+02   1.8200000e+02   1.6596376e+02
   1.2100000e+02   2.4100000e+02   0.0000000e+00
   1.3700000e+02   1.6600000e+02  -1.8434949e+01
   1.6200000e+02   1.4300000e+02  -5.3130102e+01
   1.6400000e+02   1.7400000e+02  -1.4036243e+01
   1.7300000e+02   1.5600000e+02  -2.8610460e+01
   1.9000000e+02   1.5000000e+01   9.4763642e+01
   1.9700000e+02   1.6900000e+02  -2.6565051e+01
   1.9700000e+02   2.4500000e+02  -1.7053768e+02
   1.9900000e+02   1.5500000e+02  -4.5000000e+01
   2.0700000e+02   8.3000000e+01   9.4763642e+01
   2.2900000e+02   2.3200000e+02   4.7636417e+00
   2.3000000e+02   1.4600000e+02  -6.3434949e+01
   2.6800000e+02   8.4000000e+01  -1.0403624e+02
   2.7000000e+02   9.2000000e+01   6.7380135e+01
   5.6000000e+01   2.4000000e+02  -1.5000000e+01
   6.8000000e+01   9.9000000e+01   1.3500000e+02
   8.4000000e+01   1.1100000e+02   1.3700000e+02
   8.8000000e+01   9.8000000e+01   1.1200000e+02
   1.0000000e+02   1.9300000e+02   1.7500000e+02
   1.4500000e+02   9.2000000e+01   1.1600000e+02
   1.6700000e+02   2.7200000e+02  -1.6200000e+02
   1.8000000e+02   3.4000000e+01   1.1600000e+02
   1.9100000e+02   1.7800000e+02   0.0000000e+00
   2.2700000e+02   5.2000000e+01  -9.0000000e+01
   2.2800000e+02   1.9900000e+02   1.7500000e+02
   2.4000000e+02   1.1000000e+02  -9.0000000e+01
   2.4100000e+02   3.1000000e+01   7.1000000e+01
   2.4200000e+02   2.2200000e+02   1.7000000e+02
