   7.6000000e+01   2.1900000e+02  -7.1565051e+01
   1.5700000e+02   3.4700000e+02   0.0000000e+00
   1.9900000e+02   4.7000000e+01   1.7523636e+02
   2.3800000e+02   1.1300000e+02   2.8610460e+01
   2.4200000e+02   3.4700000e+02  -7.0016893e+01
   2.7300000e+02   3.0300000e+02  -8.4805571e+01
   2.9700000e+02   3.2900000e+02  -9.0000000e+01
   5.4000000e+01   2.1200000e+02  -5.4000000e+01
   7.3000000e+01   1.6500000e+02   1.5300000e+02
   7.4000000e+01   3.4100000e+02   1.4900000e+02
   9.1000000e+01   9.0000000e+01   1.3200000e+02
   1.1200000e+02   1.9400000e+02   1.2000000e+02
   1.1500000e+02   1.5600000e+02   1.2600000e+02
   1.1700000e+02   3.2800000e+02   1.3800000e+02
   1.2000000e+02   1.8200000e+02   1.2300000e+02
   1.2400000e+02   8.6000000e+01   1.4600000e+02
   1.2900000e+02   3.1500000e+02   1.2900000e+02
   1.3400000e+02   6.6000000e+01   1.3500000e+02
   1.7000000e+02   3.0100000e+02   1.1200000e+02
   1.7300000e+02   3.1200000e+02   1.1600000e+02
   1.7500000e+02   2.7100000e+02  -6.4000000e+01
   1.7600000e+02   4.5000000e+01   1.6500000e+02
   1.9400000e+02   1.3000000e+02   1.7000000e+02
   1.9900000e+02   3.5400000e+02  -6.0000000e+01
   2.0600000e+02   5.1000000e+01   0.0000000e+00
   2.0700000e+02   4.1000000e+01   1.7500000e+02
   2.2900000e+02   2.6600000e+02   9.0000000e+01
   2.3700000e+02   3.0100000e+02  -1.1400000e+02
   2.6500000e+02   1.7100000e+02  -1.2100000e+02
   2.7900000e+02   7.2000000e+01   3.0000000e+01
