   1.0800000e+02   1.8400000e+02   1.2369007e+02
   1.1900000e+02   3.2500000e+02  -3.0256437e+01
   1.6400000e+02   3.3500000e+02  -3.6869898e+01
   1.7700000e+02   1.1200000e+02  -3.9805571e+01
   1.8500000e+02   3.6000000e+02   1.6596376e+02
   1.8900000e+02   3.2100000e+02   9.0000000e+01
   1.9300000e+02   3.5800000e+02  -2.2619865e+01
   1.9700000e+02   1.2900000e+02   1.4313010e+02
   1.9900000e+02   3.4100000e+02  -4.7726311e+01
   2.2200000e+02   2.3700000e+02   1.1261986e+02
   2.2600000e+02   1.4600000e+02   9.0000000e+01
   2.4200000e+02   1.6300000e+02  -1.3836646e+02
   2.9000000e+02   1.7900000e+02   8.0537678e+01
   2.9100000e+02   2.4400000e+02   8.5236358e+01
   7.0000000e+01   2.6500000e+02   1.4900000e+02
   9.2000000e+01   2.0100000e+02   1.2600000e+02
   1.1500000e+02   2.9500000e+02   1.4000000e+02
   1.2200000e+02   3.0200000e+02   1.4900000e+02
   1.7700000e+02   5.1000000e+01   1.4300000e+02
   1.8500000e+02   2.8900000e+02   1.2300000e+02
   1.8700000e+02   2.7100000e+02  -6.0000000e+01
   2.0700000e+02   1.8800000e+02   1.1000000e+01
   2.3500000e+02   1.9900000e+02   1.1200000e+02
   2.8600000e+02   2.6000000e+02   1.3500000e+02
