   1.5300000e+02   3.1900000e+02  -3.3690068e+01
   1.6900000e+02   3.4200000e+02  -1.4036243e+01
   2.0000000e+02   1.0300000e+02  -4.5000000e+01
   2.0500000e+02   3.5600000e+02  -1.8434949e+01
   2.3300000e+02   3.3000000e+02  -4.7489553e+01
   2.4300000e+02   3.4600000e+02  -2.4443955e+01
   2.5000000e+02   1.3600000e+02  -4.5000000e+01
   2.5100000e+02   9.7000000e+01   0.0000000e+00
   2.7600000e+02   1.0900000e+02  -1.5738014e+02
   2.8200000e+02   2.7400000e+02   9.9462322e+01
   3.2200000e+02   2.2400000e+02   8.5236358e+01
   3.3000000e+02   1.4200000e+02   7.1565051e+01
   1.0600000e+02   1.6700000e+02   1.2600000e+02
   1.1300000e+02   1.8700000e+02   1.2300000e+02
   1.1400000e+02   3.3200000e+02   1.6500000e+02
   1.1600000e+02   2.5700000e+02   1.4000000e+02
   1.1800000e+02   1.3600000e+02   1.2300000e+02
   1.1800000e+02   2.8000000e+02   1.4900000e+02
   1.2000000e+02   1.9500000e+02   1.2600000e+02
   1.4100000e+02   6.3000000e+01   1.2900000e+02
   1.4400000e+02   1.7000000e+02   1.1600000e+02
   1.4700000e+02   2.6100000e+02   1.2600000e+02
   1.4700000e+02   2.8900000e+02   1.3500000e+02
   1.5500000e+02   1.6400000e+02   1.1200000e+02
   1.5800000e+02   9.1000000e+01  -4.8000000e+01
   1.6000000e+02   3.5000000e+02   1.6100000e+02
   1.7100000e+02   2.9200000e+02   1.2900000e+02
   1.7600000e+02   1.1700000e+02   1.2300000e+02
   1.8800000e+02   1.1900000e+02  -4.0000000e+01
   1.9700000e+02   1.3200000e+02   1.2300000e+02
   2.0000000e+02   1.6600000e+02   1.1600000e+02
   2.0300000e+02   1.5000000e+02   1.2300000e+02
   2.1500000e+02   2.5000000e+02   1.1600000e+02
   2.1600000e+02   2.8000000e+02   1.1600000e+02
   2.2100000e+02   3.0500000e+02   1.3200000e+02
   2.3500000e+02   5.9000000e+01   1.6100000e+02
   2.3700000e+02   1.6500000e+02   1.4300000e+02
   2.4000000e+02   1.4200000e+02   1.5300000e+02
   2.5400000e+02   2.2200000e+02   1.1600000e+02
   2.6300000e+02   1.8600000e+02   1.0800000e+02
   2.7000000e+02   2.6400000e+02   1.1600000e+02
   2.8100000e+02   1.7800000e+02   7.5000000e+01
   2.9500000e+02   1.7200000e+02  -1.0500000e+02
   2.9800000e+02   1.9300000e+02   7.1000000e+01
   3.0300000e+02   2.4300000e+02   9.9000000e+01
   3.1500000e+02   3.0300000e+02  -9.0000000e+01
   3.1600000e+02   1.6400000e+02   7.1000000e+01
