   8.7000000e+01   2.1800000e+02  -5.0194429e+01
   1.0600000e+02   2.2900000e+02   1.1656505e+02
   1.1400000e+02   1.1800000e+02  -2.6565051e+01
   1.4000000e+02   3.2000000e+02   1.0403624e+02
   1.4200000e+02   1.6900000e+02   1.5343495e+02
   1.4900000e+02   2.4600000e+02   1.3227369e+02
   1.6700000e+02   2.4200000e+02  -4.5000000e+01
   1.7700000e+02   1.4600000e+02   0.0000000e+00
   1.7700000e+02   2.0200000e+02  -9.4623222e+00
   1.8600000e+02   2.6900000e+02   1.5343495e+02
   1.8900000e+02   1.5300000e+02   1.8000000e+02
   1.8900000e+02   1.8800000e+02   0.0000000e+00
   1.9800000e+02   3.5900000e+02   1.1656505e+02
   2.0000000e+02   9.9000000e+01   1.8000000e+02
   2.3400000e+02   7.3000000e+01  -1.6156505e+02
   2.4300000e+02   2.6200000e+02   5.6309932e+01
   2.4500000e+02   1.8600000e+02   3.6869898e+01
   2.4800000e+02   9.9000000e+01  -1.5738014e+02
   3.0700000e+02   2.8100000e+02   6.3434949e+01
   1.1900000e+02   2.4000000e+02   1.2300000e+02
   1.2600000e+02   2.0200000e+02   1.3700000e+02
   1.3300000e+02   2.1500000e+02  -3.7000000e+01
   1.5700000e+02   2.6600000e+02   1.2600000e+02
   1.7400000e+02   8.1000000e+01   1.7500000e+02
   1.8400000e+02   1.0200000e+02   1.7000000e+02
   1.8400000e+02   2.6000000e+02   1.4900000e+02
   1.9500000e+02   3.1100000e+02   9.0000000e+01
   2.0100000e+02   1.9700000e+02   1.4000000e+01
   2.0200000e+02   1.8700000e+02   1.8000000e+01
   2.1300000e+02   3.0000000e+02  -1.2700000e+02
   2.3300000e+02   3.2100000e+02   9.0000000e+01
   2.3900000e+02   2.9900000e+02  -1.1300000e+02
   2.4500000e+02   1.7700000e+02   3.3000000e+01
   2.6500000e+02   1.0400000e+02  -1.4400000e+02
   2.7400000e+02   1.1300000e+02   5.0000000e+01
   2.8900000e+02   2.7900000e+02  -1.2400000e+02
