   8.8000000e+01   1.7300000e+02   1.5343495e+02
   9.4000000e+01   2.4200000e+02  -3.9805571e+01
   1.2100000e+02   2.1100000e+02  -4.7636417e+00
   1.2400000e+02   1.5500000e+02   9.4623222e+00
   1.2800000e+02   2.7700000e+02   1.5738014e+02
   1.3400000e+02   1.9900000e+02   4.7636417e+00
   1.3500000e+02   1.6400000e+02  -1.7053768e+02
   1.5000000e+02   1.0900000e+02  -1.7053768e+02
   1.6000000e+02   3.3300000e+02  -9.4763642e+01
   1.6100000e+02   3.4500000e+02   9.9462322e+01
   1.6800000e+02   6.7000000e+01  -1.4974356e+02
   1.7800000e+02   3.4800000e+02  -9.4763642e+01
   1.8600000e+02   8.5000000e+01  -1.5343495e+02
   1.8600000e+02   2.7500000e+02   5.1340192e+01
   1.9000000e+02   5.1000000e+01  -1.1656505e+02
   1.9000000e+02   2.0000000e+02   3.9805571e+01
   1.9500000e+02   3.5000000e+02  -9.0000000e+01
   1.9800000e+02   1.1200000e+02  -1.5343495e+02
   2.0200000e+02   8.1000000e+01   3.9805571e+01
   2.1200000e+02   1.7600000e+02   4.5000000e+01
   2.2000000e+02   3.5300000e+02  -9.9462322e+01
   2.3400000e+02   3.2200000e+02   6.7380135e+01
   2.4500000e+02   8.0000000e+01   1.0594540e+02
   2.5000000e+02   3.4200000e+02  -1.1656505e+02
   2.6800000e+02   9.4000000e+01  -1.3227369e+02
   2.6800000e+02   3.1900000e+02  -1.2980557e+02
   2.7700000e+02   3.1700000e+02  -1.2980557e+02
   2.7800000e+02   2.4300000e+02   3.3690068e+01
   2.8900000e+02   2.8100000e+02   4.7489553e+01
   1.2500000e+02   2.6800000e+02   1.5300000e+02
   1.2700000e+02   8.6000000e+01  -1.7600000e+02
   1.3300000e+02   1.1000000e+02   1.8000000e+02
   1.4000000e+02   2.4700000e+02   1.8000000e+02
   1.4800000e+02   1.9900000e+02   2.2000000e+01
   1.5400000e+02   2.8000000e+02   4.8000000e+01
   1.9100000e+02   9.6000000e+01   4.5000000e+01
   1.9200000e+02   1.9000000e+02   4.2000000e+01
   2.0700000e+02   5.9000000e+01   3.3000000e+01
   2.2800000e+02   6.0000000e+01   5.3000000e+01
   2.3100000e+02   2.8600000e+02  -1.3300000e+02
   2.3900000e+02   9.7000000e+01  -1.4100000e+02
   2.4600000e+02   1.0300000e+02   4.8000000e+01
   2.5200000e+02   9.3000000e+01   3.9000000e+01
   2.5500000e+02   1.1100000e+02  -1.5000000e+02
   2.6900000e+02   1.0800000e+02  -1.3800000e+02
   2.7000000e+02   1.4300000e+02  -1.4400000e+02
   2.8200000e+02   1.2000000e+02  -1.4400000e+02
