   7.3000000e+01   1.3400000e+02  -5.7528808e+01
   7.8000000e+01   1.4100000e+02  -5.6309932e+01
   8.4000000e+01   7.8000000e+01  -1.4036243e+01
   8.7000000e+01   1.7500000e+02  -5.7528808e+01
   9.9000000e+01   1.5500000e+02  -5.3130102e+01
   1.0400000e+02   1.1700000e+02   0.0000000e+00
   1.1300000e+02   1.4600000e+02  -3.2471192e+01
   1.2400000e+02   5.9000000e+01   1.8000000e+02
   1.3200000e+02   2.7300000e+02  -9.0000000e+01
   1.5000000e+02   5.1000000e+01   1.0304846e+01
   1.6100000e+02   5.3000000e+01  -1.6969515e+02
   1.6500000e+02   4.3000000e+01   1.6869007e+02
   1.7400000e+02   1.0900000e+02   2.2619865e+01
   1.7500000e+02   4.8000000e+01   2.2619865e+01
   1.9300000e+02   1.8300000e+02   4.2273689e+01
   1.9800000e+02   3.3700000e+02  -8.0537678e+01
   2.1800000e+02   3.4500000e+02  -5.5007980e+01
   2.2100000e+02   6.9000000e+01  -1.5343495e+02
   2.2800000e+02   7.4000000e+01   3.2471192e+01
   2.4700000e+02   2.1700000e+02  -1.3500000e+02
   2.4900000e+02   2.7500000e+02   7.1565051e+01
   2.5100000e+02   2.2400000e+02   5.0710593e+01
   2.5300000e+02   3.4900000e+02  -6.3434949e+01
   2.7400000e+02   1.3900000e+02  -1.4397263e+02
   2.9500000e+02   2.6000000e+02  -1.3939871e+02
   1.3100000e+02   1.3400000e+02  -5.0000000e+00
   1.3800000e+02   2.0200000e+02   1.2900000e+02
   1.7200000e+02   9.9000000e+01   1.8000000e+01
   1.7600000e+02   2.1900000e+02  -1.5400000e+02
   2.3100000e+02   2.8300000e+02  -1.0500000e+02
   2.4100000e+02   1.8600000e+02  -1.4400000e+02
   2.6100000e+02   2.6500000e+02  -1.1700000e+02
