   1.3700000e+02   2.3900000e+02   1.4036243e+01
   1.4900000e+02   2.4900000e+02  -1.6596376e+02
   1.5300000e+02   2.8900000e+02  -1.6869007e+02
   1.5400000e+02   3.5300000e+02   5.1340192e+01
   2.0400000e+02   2.9200000e+02   3.9805571e+01
   2.1100000e+02   1.9300000e+02  -1.4752881e+02
   2.2600000e+02   3.5700000e+02  -1.3500000e+02
   2.2800000e+02   2.6400000e+02   4.2273689e+01
   1.4800000e+02   2.1400000e+02  -1.7100000e+02
   1.5400000e+02   2.9800000e+02   2.6000000e+01
   2.0200000e+02   3.1200000e+02   4.5000000e+01
   2.0500000e+02   2.8300000e+02   3.3000000e+01
