   1.0400000e+02   2.0300000e+02   1.2980557e+02
   1.3300000e+02   2.9200000e+02   1.0843495e+02
   1.3400000e+02   3.1700000e+02  -7.5963757e+01
   1.4200000e+02   1.5000000e+02   1.5738014e+02
   1.4700000e+02   2.2700000e+02   1.4071059e+02
   1.5600000e+02   3.5400000e+02  -5.0194429e+01
   1.6700000e+02   3.2500000e+02   1.2247119e+02
   1.7800000e+02   2.1200000e+02   1.4630993e+02
   1.8000000e+02   1.2800000e+02   0.0000000e+00
   1.9200000e+02   3.4000000e+02   1.3500000e+02
   2.0400000e+02   1.6500000e+02   1.8000000e+02
   2.0600000e+02   7.8000000e+01   1.8000000e+02
   2.1300000e+02   3.1300000e+02  -9.0000000e+01
   2.3800000e+02   4.9000000e+01  -1.5738014e+02
   2.4000000e+02   3.4700000e+02  -7.1565051e+01
   2.4200000e+02   2.4400000e+02   5.3972627e+01
   2.5100000e+02   1.6800000e+02   3.9805571e+01
   2.5500000e+02   3.5600000e+02  -7.5963757e+01
   2.7300000e+02   1.4400000e+02   3.6869898e+01
   2.7700000e+02   3.2400000e+02  -1.0403624e+02
   2.8400000e+02   2.9100000e+02  -1.2025644e+02
   2.8600000e+02   3.2100000e+02  -1.0998311e+02
   1.1500000e+02   2.1500000e+02   1.2900000e+02
   1.3100000e+02   1.9400000e+02  -2.3000000e+01
   1.5200000e+02   2.1700000e+02   1.5300000e+02
   1.5400000e+02   2.4700000e+02   1.3500000e+02
   1.8600000e+02   2.0800000e+02   4.0000000e+00
   1.9000000e+02   8.0000000e+01   1.7500000e+02
   1.9100000e+02   3.5000000e+01  -1.7100000e+02
   2.0300000e+02   1.7900000e+02   1.4000000e+01
   2.5300000e+02   1.5800000e+02   3.2000000e+01
   2.8700000e+02   2.5900000e+02  -1.2400000e+02
