   4.8000000e+01   1.6300000e+02   1.2025644e+02
   7.4000000e+01   2.7000000e+01  -9.4623222e+00
   7.8000000e+01   2.8900000e+02  -7.5963757e+01
   8.2000000e+01   1.0100000e+02   1.4974356e+02
   8.5000000e+01   2.5200000e+02   9.9462322e+01
   9.1000000e+01   1.7900000e+02   1.2686990e+02
   1.1300000e+02   3.1300000e+02  -5.6309932e+01
   1.1900000e+02   7.7000000e+01   0.0000000e+00
   1.2000000e+02   1.3600000e+02  -1.4036243e+01
   1.3200000e+02   3.5500000e+02   1.4313010e+02
   1.3400000e+02   8.5000000e+01   1.8000000e+02
   1.4000000e+02   2.3600000e+02   8.5236358e+01
   1.4200000e+02   3.4600000e+02  -4.7489553e+01
   1.4500000e+02   2.7000000e+01  -1.7523636e+02
   1.7000000e+02   1.7000000e+01   1.4036243e+01
   1.7200000e+02   3.3800000e+02   1.2369007e+02
   1.8700000e+02   1.9100000e+02   5.6309932e+01
   1.9200000e+02   1.6000000e+01   3.3690068e+01
   1.9200000e+02   1.1500000e+02   4.2273689e+01
   1.9400000e+02   2.6000000e+01  -1.5343495e+02
   2.0300000e+02   3.4100000e+02  -6.7380135e+01
   2.1200000e+02   9.1000000e+01   3.6869898e+01
   2.2900000e+02   3.1000000e+02  -9.4763642e+01
   2.3000000e+02   2.1000000e+02   6.7380135e+01
   2.3600000e+02   3.4400000e+02   1.2096376e+02
   2.4200000e+02   3.3200000e+02   0.0000000e+00
   2.4400000e+02   3.2300000e+02  -9.0000000e+01
   2.6400000e+02   2.6700000e+02   5.4462322e+01
   6.1000000e+01   1.7400000e+02   1.2600000e+02
   6.9000000e+01   1.3500000e+02   1.3700000e+02
   7.3000000e+01   1.4700000e+02  -3.1000000e+01
   9.9000000e+01   2.0200000e+02   1.2300000e+02
   1.2900000e+02   2.9000000e+01   1.7000000e+02
   1.3900000e+02   3.2200000e+02   1.3200000e+02
   1.4400000e+02   1.3000000e+02   9.0000000e+00
   1.4500000e+02   2.8600000e+02   1.3200000e+02
   1.4600000e+02   4.4000000e+01  -1.7600000e+02
   1.5000000e+02   1.6900000e+02  -1.7100000e+02
   1.7800000e+02   2.6700000e+02  -9.0000000e+01
   1.7900000e+02   2.5900000e+02  -9.5000000e+01
   1.9200000e+02   1.0700000e+02   3.6000000e+01
   1.9400000e+02   3.3900000e+02   1.2300000e+02
   2.5500000e+02   8.4000000e+01  -1.3500000e+02
