   1.1700000e+02   2.4800000e+02   1.1656505e+02
   1.2100000e+02   2.5600000e+02  -4.5000000e+01
   1.2900000e+02   2.4800000e+02   1.3500000e+02
   1.3600000e+02   2.4300000e+02  -1.8434949e+01
   1.4800000e+02   2.5900000e+02   1.5738014e+02
   1.4900000e+02   2.2800000e+02   1.6156505e+02
   1.5500000e+02   1.4400000e+02   4.7636417e+00
   1.5800000e+02   2.2100000e+02   8.0537678e+01
   1.6700000e+02   1.5200000e+02  -1.7523636e+02
   1.7600000e+02   3.3700000e+02   1.0403624e+02
   1.7700000e+02   3.2600000e+02  -8.0537678e+01
   1.8000000e+02   9.6000000e+01   1.7523636e+02
   1.9900000e+02   3.5700000e+02  -4.5000000e+01
   2.0200000e+02   3.4800000e+02  -7.5963757e+01
   2.1400000e+02   2.6300000e+02   5.9743563e+01
   2.2400000e+02   1.8700000e+02   4.5000000e+01
   2.4300000e+02   1.0200000e+02  -1.2980557e+02
   2.4300000e+02   3.4400000e+02  -9.4763642e+01
   2.4600000e+02   1.6300000e+02   4.2273689e+01
   2.5500000e+02   3.1900000e+02   8.0537678e+01
   1.0400000e+02   2.0800000e+02  -3.1000000e+01
   1.4700000e+02   3.1500000e+02   9.0000000e+01
   1.6600000e+02   9.8000000e+01   1.7500000e+02
   1.7600000e+02   1.9700000e+02   1.8000000e+01
   2.2400000e+02   1.7900000e+02   3.6000000e+01
   2.3700000e+02   8.2000000e+01  -1.3000000e+02
