   8.8000000e+01   1.9800000e+02  -5.7528808e+01
   1.1000000e+02   1.9100000e+02   1.2247119e+02
   1.3100000e+02   2.3800000e+02  -3.9805571e+01
   1.4700000e+02   1.7800000e+02  -6.3434949e+01
   1.7100000e+02   2.3100000e+02  -3.6869898e+01
   2.1900000e+02   2.7300000e+02  -2.2619865e+01
   2.2100000e+02   1.7500000e+02   1.2686990e+02
   2.3800000e+02   2.9900000e+02   9.0000000e+01
   2.5100000e+02   3.0800000e+02   0.0000000e+00
   2.5200000e+02   3.1600000e+02  -1.7523636e+02
   2.9700000e+02   2.5200000e+02  -1.6156505e+02
   3.0500000e+02   2.5200000e+02  -1.4500798e+02
   1.1000000e+02   1.8000000e+02  -6.0000000e+01
   1.5400000e+02   2.1600000e+02   1.3200000e+02
   1.7800000e+02   1.3800000e+02   1.2000000e+02
   1.9400000e+02   2.5900000e+02   1.6500000e+02
   2.1300000e+02   1.3900000e+02   1.7500000e+02
   2.1400000e+02   1.8500000e+02   1.4300000e+02
   2.2000000e+02   1.6200000e+02   3.6000000e+01
   2.2400000e+02   2.5900000e+02  -1.5000000e+01
   2.3500000e+02   2.8000000e+02   1.7500000e+02
   2.4200000e+02   1.8000000e+02   3.3000000e+01
   2.4400000e+02   1.9400000e+02   2.6000000e+01
   2.5200000e+02   2.6600000e+02   1.7500000e+02
   2.6200000e+02   2.2600000e+02  -1.7600000e+02
   2.6400000e+02   1.8600000e+02   3.6000000e+01
   2.7000000e+02   2.3600000e+02   1.4000000e+01
