   1.3000000e+02   2.1100000e+02   1.2247119e+02
   1.5000000e+02   2.6400000e+02  -3.9289407e+01
   1.6700000e+02   2.0300000e+02  -6.3434949e+01
   1.9000000e+02   2.5800000e+02  -3.3690068e+01
   2.3800000e+02   3.0000000e+02  -2.2619865e+01
   1.0500000e+02   6.9000000e+01  -4.3000000e+01
   1.1900000e+02   2.6500000e+02   1.4700000e+02
   1.3000000e+02   2.0000000e+02  -6.0000000e+01
   1.3200000e+02   3.3700000e+02   1.7000000e+02
   1.7100000e+02   3.5100000e+02   1.7000000e+02
   1.7600000e+02   2.4100000e+02   1.3500000e+02
   1.7700000e+02   2.8300000e+02   1.4700000e+02
   1.8100000e+02   3.5000000e+02  -2.7000000e+01
   1.8600000e+02   1.1900000e+02   1.3200000e+02
   2.0100000e+02   3.6000000e+02  -1.6000000e+01
   2.1400000e+02   2.8600000e+02   1.6100000e+02
   2.1600000e+02   2.0000000e+02   1.2900000e+02
   2.2300000e+02   1.2800000e+02   1.5700000e+02
   2.3400000e+02   2.1100000e+02   1.4300000e+02
   2.3700000e+02   1.8900000e+02   3.3000000e+01
   2.4100000e+02   5.9000000e+01   2.2000000e+01
   2.4400000e+02   2.8700000e+02  -1.9000000e+01
   2.6000000e+02   2.0700000e+02   3.0000000e+01
   2.6300000e+02   2.2100000e+02   2.2000000e+01
   2.6500000e+02   2.5000000e+01   2.6000000e+01
   2.8100000e+02   2.5100000e+02   1.8000000e+02
   2.8700000e+02   2.4000000e+02   2.6000000e+01
   2.9100000e+02   2.6000000e+02   1.8000000e+01
