   8.4000000e+01   2.4100000e+02   1.2025644e+02
   8.9000000e+01   2.7000000e+02  -5.3130102e+01
   1.0600000e+02   2.9300000e+02  -3.3690068e+01
   1.2100000e+02   2.3400000e+02  -6.1389540e+01
   1.4500000e+02   2.9000000e+02  -3.0256437e+01
   1.9300000e+02   3.3400000e+02  -1.8434949e+01
   2.1400000e+02   3.5900000e+02   1.3500000e+02
   2.7000000e+02   2.7100000e+02  -1.5138954e+02
   2.7000000e+02   3.0600000e+02  -1.6969515e+02
   2.9900000e+02   3.4200000e+02   1.8000000e+02
   3.0200000e+02   3.1000000e+02   1.8000000e+02
   3.0800000e+02   2.6300000e+02  -1.6156505e+02
   3.0900000e+02   2.5000000e+02  -1.5343495e+02
   8.5000000e+01   2.3000000e+02  -6.4000000e+01
   1.2900000e+02   2.7400000e+02   1.3500000e+02
   1.4100000e+02   1.5100000e+02   1.2900000e+02
   1.4900000e+02   3.5800000e+02   1.6500000e+02
   1.5100000e+02   1.9600000e+02   1.2000000e+02
   1.6900000e+02   3.1900000e+02   1.6100000e+02
   1.7200000e+02   2.3100000e+02   1.2600000e+02
   1.7900000e+02   1.6000000e+02   1.5700000e+02
   1.7900000e+02   2.3800000e+02  -5.1000000e+01
   1.8500000e+02   1.9800000e+02   2.2000000e+01
   1.8900000e+02   2.4400000e+02   1.4300000e+02
   1.9200000e+02   2.2200000e+02   3.6000000e+01
   1.9800000e+02   9.4000000e+01   1.8000000e+01
   2.0000000e+02   6.8000000e+01  -1.7100000e+02
   2.1400000e+02   5.6000000e+01  -1.6600000e+02
   2.1500000e+02   2.4000000e+02   3.0000000e+01
   2.1700000e+02   7.5000000e+01   1.1000000e+01
   2.1700000e+02   2.5300000e+02   2.6000000e+01
   2.3600000e+02   2.4400000e+02   3.0000000e+01
   2.3600000e+02   2.8400000e+02   1.8000000e+02
   2.4100000e+02   2.7300000e+02   2.6000000e+01
   2.4600000e+02   2.9300000e+02   1.8000000e+01
   2.6700000e+02   3.3300000e+02  -5.0000000e+00
   2.8800000e+02   2.9100000e+02   4.0000000e+00
   2.9700000e+02   3.3100000e+02   1.8000000e+02
