   6.1000000e+01   2.9700000e+02   2.2619865e+01
   7.1000000e+01   2.0200000e+02  -4.7636417e+00
   9.0000000e+01   2.2100000e+02  -4.7636417e+00
   1.0700000e+02   1.6500000e+02   1.5738014e+02
   1.2700000e+02   2.4000000e+02   0.0000000e+00
   1.4100000e+02   3.0300000e+02   9.4623222e+00
   1.5500000e+02   3.5100000e+02   1.8434949e+01
   1.6500000e+02   3.1200000e+02  -1.4903624e+02
   3.2300000e+02   4.9000000e+01  -1.2247119e+02
   9.5000000e+01   3.1100000e+02  -1.5400000e+02
   1.1600000e+02   1.5600000e+02  -2.3000000e+01
   1.3000000e+02   2.7800000e+02  -1.6200000e+02
   1.3500000e+02   6.9000000e+01  -2.7000000e+01
   1.8000000e+02   3.1700000e+02   2.2000000e+01
   1.8400000e+02   2.0600000e+02  -2.3000000e+01
   1.8500000e+02   2.1600000e+02  -1.9000000e+01
   1.9000000e+02   2.2700000e+02   1.8000000e+02
   1.9900000e+02   2.2200000e+02   1.5700000e+02
   2.0600000e+02   1.2200000e+02   1.6100000e+02
   2.0600000e+02   1.9000000e+02   1.7500000e+02
   2.1000000e+02   1.6300000e+02   1.6500000e+02
   2.1600000e+02   2.0000000e+02  -1.3500000e+02
   2.2100000e+02   2.1400000e+02  -1.0500000e+02
   2.7600000e+02   2.3700000e+02  -9.0000000e+01
   2.7700000e+02   1.8000000e+01   1.8000000e+01
   3.1700000e+02   3.9000000e+01  -1.4400000e+02
