   6.1000000e+01   2.4500000e+02   1.2928941e+02
   9.6000000e+01   2.1200000e+02   1.0030485e+02
   1.9400000e+02   3.5200000e+02  -1.6474488e+02
   2.5400000e+02   3.2400000e+02   1.8000000e+02
   5.6000000e+01   7.8000000e+01   1.5000000e+02
   6.2000000e+01   8.6000000e+01  -7.4000000e+01
   9.8000000e+01   4.7000000e+01  -1.6000000e+01
   1.1700000e+02   1.8700000e+02   1.2300000e+02
   1.2300000e+02   1.9500000e+02   1.2300000e+02
   1.2400000e+02   1.5000000e+01  -1.0000000e+01
   1.3300000e+02   2.9400000e+02  -2.9000000e+01
   1.6400000e+02   2.6200000e+02  -6.0000000e+00
   1.9000000e+02   3.4300000e+02   1.8000000e+02
   2.0100000e+02   3.3100000e+02  -5.0000000e+00
   2.1100000e+02   1.3100000e+02  -1.5000000e+02
   2.1200000e+02   3.1400000e+02   1.7500000e+02
   2.2500000e+02   3.1200000e+02   0.0000000e+00
   2.4700000e+02   3.3500000e+02  -5.0000000e+00
   2.6700000e+02   2.2000000e+01   2.2000000e+01
   2.7000000e+02   4.7000000e+01   2.6000000e+01
   2.8300000e+02   1.4300000e+02  -1.4400000e+02
   2.8500000e+02   2.6000000e+02   1.8000000e+01
   2.8900000e+02   1.3600000e+02   3.6000000e+01
   3.0100000e+02   1.3100000e+02  -1.4400000e+02
