   9.3000000e+01   2.8100000e+02  -2.6565051e+01
   2.3300000e+02   2.9300000e+02  -2.8610460e+01
   1.0300000e+02   2.1400000e+02   1.3500000e+02
   1.0600000e+02   2.5600000e+02   1.4600000e+02
   1.1800000e+02   3.5000000e+02  -1.5000000e+01
   1.3300000e+02   3.5800000e+02  -2.3000000e+01
   1.4100000e+02   3.0000000e+01   1.7300000e+02
   1.4100000e+02   3.5600000e+02  -1.5000000e+01
   1.5700000e+02   1.9000000e+01  -3.4000000e+01
   1.5800000e+02   2.8100000e+02   1.6500000e+02
   1.7100000e+02   3.5200000e+02   0.0000000e+00
   1.7700000e+02   1.1400000e+02  -3.7000000e+01
   1.8200000e+02   2.7500000e+02   1.6100000e+02
   1.8300000e+02   3.0500000e+02   1.6500000e+02
   1.8900000e+02   2.8300000e+02   1.7500000e+02
   2.0500000e+02   3.2200000e+02  -5.0000000e+00
   2.1500000e+02   1.2300000e+02   1.5300000e+02
   2.1500000e+02   3.0100000e+02  -1.3000000e+01
   2.4600000e+02   2.5900000e+02   1.7000000e+02
   2.6400000e+02   2.7600000e+02  -1.5000000e+01
   2.7400000e+02   2.8600000e+02  -5.0000000e+00
   3.1600000e+02   2.6500000e+02  -1.5800000e+02
   3.3100000e+02   1.0600000e+02  -1.3800000e+02
