   1.0100000e+02   1.5600000e+02  -6.1389540e+01
   1.0600000e+02   1.6300000e+02  -5.9743563e+01
   1.1600000e+02   6.7000000e+01   1.5555605e+02
   1.4300000e+02   2.0000000e+01   1.8000000e+02
   1.7800000e+02   1.5000000e+01   9.4623222e+00
   1.8400000e+02   2.5100000e+02  -1.4036243e+01
   2.0800000e+02   8.1000000e+01  -1.4752881e+02
   2.1600000e+02   8.5000000e+01   3.3690068e+01
   2.1600000e+02   1.2900000e+02   4.5000000e+01
   2.3900000e+02   2.6400000e+02   1.4036243e+01
   2.8600000e+02   1.4300000e+02  -1.4212502e+02
   1.2800000e+02   1.9800000e+02   1.1100000e+02
   1.3400000e+02   1.4000000e+02   1.2900000e+02
   1.4700000e+02   2.1600000e+02   1.2000000e+02
   1.7800000e+02   2.1100000e+02   1.3500000e+02
