   1.0700000e+02   2.0500000e+02  -7.3300756e+01
   1.2300000e+02   2.3200000e+02  -6.3434949e+01
   1.3000000e+02   4.1000000e+01  -1.9983107e+01
   1.5400000e+02   1.7600000e+02   1.3500000e+02
   1.8900000e+02   2.2300000e+02   3.0256437e+01
   2.0700000e+02   1.6000000e+01   3.2005383e+01
   2.2000000e+02   1.3600000e+02  -1.3801279e+02
   2.2300000e+02   9.6000000e+01  -1.5343495e+02
   2.4300000e+02   1.4300000e+02  -1.4019443e+02
   2.5100000e+02   1.4700000e+02   6.3434949e+01
   2.6600000e+02   2.8100000e+02  -1.6596376e+02
   2.7900000e+02   2.0800000e+02  -1.3836646e+02
   2.8200000e+02   8.9000000e+01  -1.3500000e+02
   2.9300000e+02   1.1400000e+02  -1.4071059e+02
   9.0000000e+01   1.7900000e+02   1.2000000e+02
   1.0500000e+02   1.1500000e+02  -4.8000000e+01
   1.2300000e+02   1.5600000e+02   1.2300000e+02
   2.0600000e+02   2.9000000e+02  -1.0000000e+01
   2.2200000e+02   2.0000000e+02  -1.4100000e+02
   2.6800000e+02   3.9000000e+01  -1.4400000e+02
