   1.3400000e+02   1.1300000e+02  -6.7380135e+01
   1.4100000e+02   1.5000000e+02  -6.7380135e+01
   1.4100000e+02   1.5800000e+02   1.1261986e+02
   1.4300000e+02   1.7500000e+02  -7.1565051e+01
   1.5100000e+02   2.6700000e+02  -2.2619865e+01
   1.5400000e+02   2.4500000e+02  -3.6869898e+01
   1.5500000e+02   2.9100000e+02  -9.4623222e+00
   1.6100000e+02   1.5100000e+02   1.1444395e+02
   1.6200000e+02   1.4200000e+02  -6.7380135e+01
   1.6500000e+02   2.1400000e+02  -5.0710593e+01
   1.8300000e+02   3.1800000e+02  -1.7523636e+02
   1.8400000e+02   1.9700000e+02  -1.1261986e+02
   1.9900000e+02   2.9200000e+02   1.8000000e+02
   2.1400000e+02   2.0700000e+02   3.0256437e+01
   2.1600000e+02   1.0000000e+02  -1.4630993e+02
   2.2100000e+02   3.0600000e+02  -1.6156505e+02
   2.2400000e+02   1.6300000e+02  -1.2928941e+02
   2.4700000e+02   2.8000000e+01   9.0000000e+01
   2.4800000e+02   2.9000000e+02  -1.6596376e+02
   2.4900000e+02   2.3400000e+02  -1.5025512e+02
   2.6100000e+02   3.9000000e+01   4.5000000e+01
   2.6400000e+02   1.7300000e+02   4.5000000e+01
   2.6800000e+02   2.8000000e+02  -1.5738014e+02
   2.6900000e+02   3.1100000e+02   1.7523636e+02
   2.7400000e+02   1.6200000e+02  -1.1861046e+02
   2.8700000e+02   2.3700000e+02  -1.4974356e+02
   2.8800000e+02   2.0000000e+02   5.0194429e+01
   2.8800000e+02   2.4700000e+02  -1.5738014e+02
   1.8300000e+02   2.4600000e+02   1.7500000e+02
   2.0300000e+02   1.5100000e+02   4.0000000e+01
