   1.4600000e+02   1.2700000e+02  -7.0016893e+01
   1.5200000e+02   2.4000000e+02  -3.6869898e+01
   1.5400000e+02   1.4000000e+02  -5.9743563e+01
   1.5400000e+02   1.4800000e+02   1.2025644e+02
   1.6200000e+02   1.4800000e+02   1.0843495e+02
   1.6400000e+02   2.1000000e+02  -4.2273689e+01
   1.6500000e+02   1.3900000e+02  -5.9743563e+01
   1.8500000e+02   8.5000000e+01  -9.4623222e+00
   1.8500000e+02   1.9500000e+02  -1.1261986e+02
   1.9200000e+02   1.4500000e+02   1.1656505e+02
   1.9500000e+02   2.4600000e+02   1.7428941e+02
   1.9700000e+02   1.5800000e+02   9.4763642e+01
   2.0000000e+02   3.2500000e+02  -1.6747119e+02
   2.0800000e+02   2.3200000e+02  -1.4313010e+02
   2.1400000e+02   2.0700000e+02   3.0256437e+01
   2.1700000e+02   3.0400000e+02  -1.7523636e+02
   2.2300000e+02   1.0300000e+02  -1.4630993e+02
   2.4300000e+02   2.9100000e+02  -1.6156505e+02
   2.6500000e+02   3.1300000e+02   1.8000000e+02
   2.6700000e+02   2.8200000e+02  -1.6156505e+02
   2.7100000e+02   4.3000000e+01   5.4462322e+01
   2.7900000e+02   1.7600000e+02   4.8012788e+01
   2.8000000e+02   1.6700000e+02  -1.2602737e+02
   3.0000000e+02   2.4900000e+02  -1.4752881e+02
   3.0200000e+02   3.1800000e+02   1.7523636e+02
   3.0500000e+02   2.0800000e+02  -1.2980557e+02
   1.8100000e+02   2.4400000e+02  -1.7600000e+02
   2.0700000e+02   1.5200000e+02   4.5000000e+01
   2.1300000e+02   3.4800000e+02   0.0000000e+00
   2.2000000e+02   3.3700000e+02   1.8000000e+02
   3.0400000e+02   3.3900000e+02   1.7000000e+02
