   1.3200000e+02   1.8600000e+02  -8.0537678e+01
   1.4400000e+02   7.8000000e+01  -9.4623222e+00
   1.4400000e+02   1.9300000e+02  -1.0843495e+02
   1.5300000e+02   2.8900000e+02   1.7523636e+02
   1.6000000e+02   1.8700000e+02   5.9743563e+01
   1.6500000e+02   1.7800000e+02   6.7380135e+01
   1.6700000e+02   2.2300000e+02  -1.3500000e+02
   1.6800000e+02   2.0000000e+02  -1.2025644e+02
   1.7400000e+02   2.0600000e+02   3.6869898e+01
   1.7400000e+02   3.0600000e+02  -1.7053768e+02
   1.7600000e+02   1.9800000e+02  -1.2247119e+02
   1.7600000e+02   3.3600000e+02   7.5963757e+01
   1.7800000e+02   2.6000000e+01   3.6869898e+01
   1.8400000e+02   2.8900000e+02  -1.5343495e+02
   1.8700000e+02   3.3600000e+02   0.0000000e+00
   2.0000000e+02   2.9200000e+02  -1.6156505e+02
   2.0300000e+02   2.2400000e+02  -1.2369007e+02
   2.2000000e+02   2.7000000e+01   9.0000000e+01
   2.2100000e+02   3.1400000e+02   1.8000000e+02
   2.2400000e+02   2.8300000e+02  -1.6156505e+02
   2.3900000e+02   1.6600000e+02  -1.2602737e+02
   2.3900000e+02   1.7600000e+02   5.3972627e+01
   2.4300000e+02   6.4000000e+01  -1.2928941e+02
   2.4300000e+02   3.4300000e+02   1.6869007e+02
   2.4800000e+02   8.6000000e+01  -1.2369007e+02
   2.4900000e+02   1.2500000e+02  -1.1261986e+02
   2.5000000e+02   1.6900000e+02  -1.2686990e+02
   2.5000000e+02   1.7800000e+02   4.7726311e+01
   2.5700000e+02   2.5000000e+02  -1.4752881e+02
   1.4000000e+02   3.0300000e+02  -5.0000000e+00
   1.8000000e+02   2.3700000e+02  -1.4300000e+02
   2.3600000e+02   3.2100000e+02   1.7000000e+02
   2.4200000e+02   3.5900000e+02  -1.9000000e+01
