   2.0500000e+02   7.4000000e+01  -9.4623222e+00
   2.1700000e+02   1.2500000e+02   1.4500798e+02
   2.1800000e+02   1.9600000e+02  -1.2602737e+02
   2.2000000e+02   1.8600000e+02   4.5000000e+01
   2.2400000e+02   2.0300000e+02   4.7726311e+01
   2.2500000e+02   1.2700000e+02   3.6027373e+01
   2.2800000e+02   4.6000000e+01  -1.6156505e+02
   2.2900000e+02   1.8500000e+02   5.7994617e+01
   2.3500000e+02   3.0000000e+01   3.4992020e+01
   2.3600000e+02   2.0400000e+02   3.6027373e+01
   2.4000000e+02   2.4800000e+02   2.6565051e+01
   2.4700000e+02   2.1200000e+02  -1.4397263e+02
   2.5600000e+02   1.2200000e+02   0.0000000e+00
   2.6100000e+02   2.8800000e+02  -1.6156505e+02
   2.6400000e+02   2.2000000e+02  -1.3060129e+02
   2.6900000e+02   6.8000000e+01  -1.1656505e+02
   2.7400000e+02   2.4000000e+02   3.3690068e+01
   2.8200000e+02   3.1000000e+02   1.8000000e+02
   2.8300000e+02   2.7800000e+02  -1.5738014e+02
   2.8400000e+02   2.2000000e+02  -1.2369007e+02
   2.8800000e+02   2.2700000e+02   3.3690068e+01
   3.0100000e+02   2.3500000e+02  -1.4630993e+02
   3.0500000e+02   3.3900000e+02   1.7000000e+02
