   1.3300000e+02   2.8100000e+02  -4.5000000e+01
   1.4600000e+02   1.8100000e+02   0.0000000e+00
   1.5100000e+02   3.0800000e+02   1.5255119e+01
   1.6000000e+02   1.7000000e+02   1.6596376e+02
   1.7200000e+02   1.6000000e+02  -9.4623222e+00
   1.9800000e+02   3.4500000e+02  -1.3500000e+02
   2.2000000e+02   4.3000000e+01   0.0000000e+00
   2.2600000e+02   3.4400000e+02   1.5944395e+02
   2.2800000e+02   2.1100000e+02  -1.0252881e+02
   2.3900000e+02   3.1600000e+02  -1.5343495e+02
   2.5100000e+02   5.7000000e+01   1.5255119e+01
   2.8100000e+02   3.8000000e+01  -1.6001689e+02
   2.8600000e+02   3.1000000e+01   4.5000000e+01
   2.9100000e+02   1.7900000e+02   8.5236358e+01
   2.9300000e+02   1.7100000e+02  -9.0000000e+01
   3.0000000e+02   1.8200000e+02   8.0537678e+01
   3.0100000e+02   1.7400000e+02  -8.0537678e+01
   3.3100000e+02   1.0000000e+02  -9.0000000e+01
   1.2400000e+02   2.7900000e+02   2.8000000e+01
   1.7400000e+02   2.4000000e+02   5.7000000e+01
   1.8400000e+02   1.0500000e+02   1.3100000e+02
   2.1400000e+02   2.0000000e+02  -9.0000000e+01
   2.3800000e+02   1.7100000e+02  -9.5000000e+01
   2.6300000e+02   2.1000000e+02  -1.0000000e+02
