   1.1200000e+02   1.0400000e+02  -6.5556045e+01
   1.2800000e+02   3.4000000e+01  -4.1987212e+01
   1.4900000e+02   3.5000000e+01  -2.8610460e+01
   1.7000000e+02   1.0500000e+02  -9.4623222e+00
   2.0500000e+02   1.7300000e+02   5.9743563e+01
   2.2100000e+02   2.5000000e+01  -1.5138954e+02
   2.2400000e+02   8.9000000e+01  -1.3500000e+02
   2.3000000e+02   3.1700000e+02  -1.6747119e+02
   2.3200000e+02   2.3700000e+02  -1.2096376e+02
   2.3300000e+02   2.4900000e+02  -1.3227369e+02
   2.5700000e+02   6.3000000e+01   5.0710593e+01
   2.7800000e+02   2.8700000e+02  -1.6156505e+02
   2.8600000e+02   2.7300000e+02  -1.5138954e+02
   3.0300000e+02   2.2800000e+02  -1.3500000e+02
   3.0500000e+02   1.0400000e+02  -1.2025644e+02
   1.7300000e+02   2.2900000e+02  -1.0900000e+02
   1.9500000e+02   1.7200000e+02   5.0000000e+01
   3.0400000e+02   2.4000000e+02  -1.3900000e+02
   3.0500000e+02   8.7000000e+01  -1.2400000e+02
