   1.2200000e+02   1.8000000e+02  -7.1565051e+01
   1.3200000e+02   1.1800000e+02   1.1261986e+02
   1.4300000e+02   2.1800000e+02  -4.2273689e+01
   1.4600000e+02   1.8800000e+02  -6.9443955e+01
   1.6400000e+02   8.6000000e+01  -9.4623222e+00
   1.8800000e+02   2.3900000e+02  -1.4974356e+02
   1.9800000e+02   1.5500000e+02   5.6309932e+01
   2.1300000e+02   3.5500000e+02   1.0304846e+01
   2.2300000e+02   3.0000000e+02  -1.6156505e+02
   2.2600000e+02   2.3400000e+02  -1.2025644e+02
   2.4700000e+02   2.9000000e+02  -1.5738014e+02
   2.4900000e+02   4.1000000e+01   5.6309932e+01
   2.5700000e+02   1.3900000e+02  -1.1656505e+02
   2.7100000e+02   2.6900000e+02  -1.6156505e+02
   2.7800000e+02   2.5500000e+02  -1.4134019e+02
   2.8800000e+02   3.0000000e+01  -1.2686990e+02
   2.9800000e+02   2.4400000e+02  -1.5343495e+02
   3.0900000e+02   2.9200000e+02  -1.7053768e+02
   3.1300000e+02   3.0300000e+02  -6.0945396e+01
   1.5200000e+02   3.1100000e+02  -1.7600000e+02
   1.6300000e+02   1.3100000e+02   1.2300000e+02
   1.8500000e+02   2.8600000e+02   1.8000000e+01
   1.8500000e+02   3.4700000e+02   1.8000000e+02
   1.8600000e+02   1.1500000e+02   3.7000000e+01
   1.9800000e+02   2.4300000e+02  -1.2700000e+02
   2.0800000e+02   2.4800000e+02   3.3000000e+01
   2.0900000e+02   1.9300000e+02   5.0000000e+01
   2.2600000e+02   2.5700000e+02   3.3000000e+01
   2.3400000e+02   2.8400000e+02  -1.5800000e+02
   2.4900000e+02   2.1700000e+02  -1.2400000e+02
   2.5100000e+02   3.5400000e+02   1.7000000e+02
   2.5700000e+02   1.0400000e+02   6.7000000e+01
   2.6100000e+02   3.2700000e+02   1.6900000e+02
   3.1200000e+02   2.2800000e+02  -1.6600000e+02
   3.1400000e+02   1.0900000e+02  -1.2700000e+02
