   1.4600000e+02   1.4400000e+02  -5.0710593e+01
   1.5000000e+02   1.5300000e+02  -5.3972627e+01
   1.5600000e+02   1.6100000e+02   1.1180141e+02
   1.5900000e+02   1.5200000e+02  -5.3130102e+01
   1.6300000e+02   5.1000000e+01   1.4446232e+02
   1.7100000e+02   2.3000000e+02   2.9744881e+01
   1.9100000e+02   4.5000000e+01   0.0000000e+00
   1.9700000e+02   1.5000000e+01  -1.6969515e+02
   2.2300000e+02   2.9800000e+02   2.6565051e+01
   2.3100000e+02   3.1100000e+02  -1.5680141e+02
   2.4100000e+02   2.8400000e+02   4.5000000e+01
   2.6200000e+02   2.1900000e+02   3.3690068e+01
   2.7100000e+02   1.8300000e+02  -1.2499202e+02
   2.8100000e+02   1.8500000e+02  -1.1656505e+02
   2.8100000e+02   2.1000000e+02  -1.0843495e+02
   2.8700000e+02   2.0100000e+02  -1.2553768e+02
