   8.1000000e+01   2.3000000e+02  -8.5236358e+01
   1.0100000e+02   2.2400000e+02   9.4763642e+01
   1.3800000e+02   2.4300000e+02  -6.7380135e+01
   1.4300000e+02   1.3300000e+02   1.6156505e+02
   1.4800000e+02   2.0100000e+02   1.2025644e+02
   1.6900000e+02   1.3300000e+02   1.4036243e+01
   1.8000000e+02   6.6000000e+01  -1.7523636e+02
   2.1300000e+02   3.3200000e+02  -1.3500000e+02
   2.5900000e+02   1.0200000e+02  -1.3163354e+02
   2.8000000e+02   2.8700000e+02  -1.4397263e+02
   1.4200000e+02   2.3200000e+02   1.0900000e+02
   1.7300000e+02   7.4000000e+01  -1.6600000e+02
   1.7400000e+02   2.0300000e+02   3.0000000e+01
   1.8200000e+02   2.3000000e+02  -1.6200000e+02
   1.9800000e+02   1.0800000e+02  -1.5800000e+02
   2.3200000e+02   1.5900000e+02   4.5000000e+01
   2.5400000e+02   1.6000000e+02  -1.3300000e+02
