   1.1600000e+02   1.4100000e+02   9.9462322e+01
   1.4600000e+02   1.2900000e+02   0.0000000e+00
   1.5800000e+02   3.8000000e+01   1.4036243e+01
   1.9400000e+02   4.0000000e+01  -1.5343495e+02
   2.0200000e+02   3.0200000e+02  -1.4019443e+02
   2.0300000e+02   4.5000000e+01   2.6565051e+01
   2.1200000e+02   3.2900000e+02  -1.5738014e+02
   2.2500000e+02   2.4500000e+02  -1.1656505e+02
   2.2800000e+02   5.9000000e+01   3.5537678e+01
   2.4200000e+02   3.5300000e+02   0.0000000e+00
   2.4300000e+02   7.4000000e+01  -1.1974488e+02
   2.5000000e+02   2.0200000e+02   4.7726311e+01
   2.5100000e+02   9.6000000e+01   3.9805571e+01
   2.5400000e+02   2.9200000e+02  -1.5738014e+02
   2.7000000e+02   2.2100000e+02  -1.4019443e+02
   2.8000000e+02   2.3600000e+02  -1.4974356e+02
   2.8600000e+02   2.4600000e+02  -1.5944395e+02
   1.6800000e+02   1.4600000e+02  -1.6600000e+02
   1.7000000e+02   2.7100000e+02  -1.1900000e+02
   2.1700000e+02   7.6000000e+01   4.5000000e+01
