   1.0300000e+02   2.4800000e+02   9.9462322e+01
   1.4400000e+02   2.6300000e+02   1.0403624e+02
   1.5300000e+02   2.3300000e+02   1.2369007e+02
   1.5700000e+02   3.3200000e+02  -1.1656505e+02
   1.8200000e+02   9.7000000e+01   1.8434949e+01
   1.8800000e+02   2.4600000e+02  -1.7523636e+02
   2.6000000e+02   1.2800000e+02  -1.3500000e+02
   2.6300000e+02   1.7800000e+02  -1.4446232e+02
   2.6900000e+02   1.9600000e+02   2.6565051e+01
   2.9100000e+02   1.8900000e+02  -1.5738014e+02
   2.9500000e+02   2.0100000e+02  -1.5343495e+02
   2.9600000e+02   3.0300000e+02  -1.4630993e+02
   3.0300000e+02   3.1900000e+02  -1.3772631e+02
   3.0300000e+02   3.2700000e+02  -1.4630993e+02
   1.7900000e+02   2.3400000e+02   2.2000000e+01
   2.3600000e+02   1.8500000e+02   4.2000000e+01
   2.7500000e+02   2.8600000e+02  -1.4400000e+02
   2.8900000e+02   3.3000000e+02  -1.5000000e+02
