   7.1000000e+01   1.3500000e+02   8.5236358e+01
   7.6000000e+01   1.2300000e+02  -9.4763642e+01
   9.6000000e+01   1.0700000e+02  -8.0537678e+01
   1.0000000e+02   3.0000000e+01   1.2928941e+02
   1.1700000e+02   1.6300000e+02   7.1565051e+01
   1.2100000e+02   5.7000000e+01   1.2369007e+02
   1.4400000e+02   2.5000000e+02  -9.4763642e+01
   1.5900000e+02   4.5000000e+01  -1.8434949e+01
   1.9600000e+02   1.1100000e+02   0.0000000e+00
   2.0500000e+02   2.5100000e+02   5.6309932e+01
   2.2300000e+02   3.1400000e+02  -1.2369007e+02
   2.3000000e+02   3.1900000e+02   3.2471192e+01
   2.6000000e+02   3.1900000e+02  -1.7053768e+02
   2.7200000e+02   2.9900000e+02  -1.6156505e+02
   2.8900000e+02   2.8200000e+02  -1.5738014e+02
   3.1700000e+02   2.8900000e+02  -1.7523636e+02
   1.4300000e+02   1.7400000e+02   9.0000000e+01
   1.6800000e+02   2.1200000e+02   6.1000000e+01
   1.8300000e+02   1.0200000e+02   1.0400000e+02
   2.0800000e+02   1.4500000e+02  -1.2400000e+02
   2.2600000e+02   1.1800000e+02  -1.7600000e+02
   2.3100000e+02   2.3900000e+02  -1.3000000e+02
   2.3400000e+02   1.4100000e+02   1.8000000e+02
   2.7800000e+02   2.2600000e+02  -1.4700000e+02
   2.8900000e+02   2.3300000e+02   2.2000000e+01
