   1.1900000e+02   7.7000000e+01   1.4019443e+02
   1.5900000e+02   9.2000000e+01   1.4019443e+02
   3.0600000e+02   3.4000000e+02  -1.2369007e+02
   9.5000000e+01   2.7400000e+02   1.1600000e+02
   1.1000000e+02   1.4500000e+02  -6.2000000e+01
   1.1900000e+02   2.8500000e+02   1.2000000e+02
   1.2700000e+02   6.9000000e+01  -3.4000000e+01
   1.2800000e+02   1.5600000e+02   9.4000000e+01
   1.2800000e+02   1.6900000e+02   1.1200000e+02
   1.3600000e+02   2.5800000e+02  -7.2000000e+01
   1.4200000e+02   8.3000000e+01   1.4300000e+02
   1.5500000e+02   2.9200000e+02   0.0000000e+00
   1.5800000e+02   1.0300000e+02   1.3700000e+02
   1.7400000e+02   2.0900000e+02   1.0800000e+02
   1.8900000e+02   3.4400000e+02  -9.5000000e+01
   1.9500000e+02   1.9700000e+02   1.1600000e+02
   1.9900000e+02   3.4600000e+02  -1.0500000e+02
   2.0500000e+02   1.3000000e+02  -1.5000000e+01
   2.1400000e+02   3.5000000e+02  -1.3200000e+02
   2.1900000e+02   1.3700000e+02  -5.0000000e+00
   2.3800000e+02   1.4500000e+02  -1.7600000e+02
   2.4200000e+02   2.6500000e+02   6.1000000e+01
   2.4500000e+02   8.0000000e+01  -1.7600000e+02
   2.4500000e+02   3.5400000e+02  -1.1700000e+02
   2.5200000e+02   6.8000000e+01   1.8000000e+01
   2.5800000e+02   3.3700000e+02  -1.2100000e+02
   3.0600000e+02   1.1300000e+02  -1.4400000e+02
   3.2000000e+02   1.3400000e+02   4.2000000e+01
   3.2700000e+02   1.6900000e+02   3.9000000e+01
   3.3000000e+02   1.8400000e+02  -1.3800000e+02
   3.3400000e+02   2.9100000e+02  -1.3000000e+02
