   1.1900000e+02   2.8200000e+02  -1.0843495e+02
   1.3700000e+02   1.6400000e+02   9.4763642e+01
   1.5000000e+02   1.4700000e+02   1.1656505e+02
   1.7500000e+02   1.8100000e+02   4.9398705e+01
   1.7500000e+02   3.4300000e+02  -1.4974356e+02
   1.7600000e+02   4.4000000e+01   2.0556045e+01
   1.7800000e+02   3.5400000e+02  -1.4752881e+02
   1.8200000e+02   3.4700000e+02   2.2619865e+01
   1.8300000e+02   3.3100000e+02  -1.4313010e+02
   1.9400000e+02   3.1100000e+02  -1.3748955e+02
   2.2100000e+02   3.4200000e+02  -1.6156505e+02
   2.2300000e+02   3.2900000e+02  -1.5138954e+02
   2.3100000e+02   2.5700000e+02  -1.2369007e+02
   2.3800000e+02   2.1300000e+02   6.3434949e+01
   2.4300000e+02   3.5700000e+02   0.0000000e+00
   2.6200000e+02   3.0400000e+02  -1.6156505e+02
   2.8300000e+02   2.4600000e+02  -1.4974356e+02
   2.9400000e+02   2.3700000e+02  -1.1656505e+02
   1.2100000e+02   2.5900000e+02  -1.0500000e+02
   1.6000000e+02   1.9300000e+02   6.3000000e+01
   1.7200000e+02   2.7200000e+02  -1.2100000e+02
   1.7700000e+02   2.8300000e+02   4.7000000e+01
   1.8000000e+02   1.7400000e+02   5.6000000e+01
   2.4100000e+02   2.8500000e+02   2.6000000e+01
   2.5400000e+02   2.0700000e+02  -1.2400000e+02
