   1.2600000e+02   2.2100000e+02   8.5236358e+01
   1.3200000e+02   1.1800000e+02   9.4763642e+01
   1.4200000e+02   3.0300000e+02  -1.4630993e+02
   1.5700000e+02   3.4400000e+02  -1.6596376e+02
   1.6300000e+02   2.9300000e+02  -1.3227369e+02
   1.7300000e+02   1.2600000e+02   9.4763642e+01
   1.9000000e+02   3.3200000e+02  -1.6596376e+02
   2.1900000e+02   2.9200000e+02  -1.4974356e+02
   2.2600000e+02   3.3400000e+02  -1.6596376e+02
   2.2800000e+02   2.8400000e+02  -1.3801279e+02
   2.5500000e+02   3.0300000e+02  -1.6156505e+02
   2.5900000e+02   2.9000000e+02  -1.5738014e+02
   2.6600000e+02   2.1800000e+02  -1.2686990e+02
   2.6800000e+02   3.4100000e+02  -1.7053768e+02
   2.7300000e+02   2.4800000e+02  -1.4630993e+02
   2.9500000e+02   2.6600000e+02  -1.5738014e+02
   3.0400000e+02   2.8600000e+02  -1.6596376e+02
   1.3900000e+02   3.3100000e+02   1.4000000e+01
   1.5600000e+02   2.2100000e+02  -1.0900000e+02
   1.6100000e+02   3.5100000e+02   1.7100000e+02
   1.7100000e+02   9.6000000e+01   1.0800000e+02
   1.8100000e+02   2.4300000e+02   6.7000000e+01
   2.0600000e+02   2.3400000e+02  -1.1700000e+02
   2.1200000e+02   2.4400000e+02   5.0000000e+01
   2.1500000e+02   1.3700000e+02   5.3000000e+01
   2.1800000e+02   2.1600000e+02  -1.2400000e+02
   2.3700000e+02   3.2700000e+02  -1.6200000e+02
   2.8300000e+02   3.5900000e+02   1.7500000e+02
   2.9000000e+02   1.7100000e+02  -1.2700000e+02
