   7.6000000e+01   1.1000000e+02  -4.5000000e+01
   7.9000000e+01   2.1000000e+02  -5.3972627e+01
   9.3000000e+01   9.4000000e+01   1.4313010e+02
   1.0400000e+02   2.8700000e+02  -9.4623222e+00
   1.1000000e+02   1.2400000e+02  -3.9805571e+01
   1.1100000e+02   2.7900000e+02  -3.6869898e+01
   1.4000000e+02   6.9000000e+01  -3.9289407e+01
   1.4100000e+02   6.0000000e+01   1.3748955e+02
   1.4500000e+02   3.0800000e+02   4.7636417e+00
   1.5100000e+02   2.7200000e+02  -4.5000000e+01
   1.6100000e+02   2.7000000e+02  -3.9289407e+01
   1.7900000e+02   4.1000000e+01   9.4623222e+00
   1.8700000e+02   4.9000000e+01  -1.6156505e+02
   1.9500000e+02   2.9000000e+01  -1.7053768e+02
   2.1200000e+02   1.4300000e+02   7.1565051e+01
   2.1800000e+02   2.7700000e+02  -1.5025512e+02
   2.3900000e+02   6.5000000e+01   4.5000000e+01
   2.7800000e+02   7.2000000e+01  -1.2025644e+02
   7.7000000e+01   8.4000000e+01   1.3500000e+02
   7.9000000e+01   2.3000000e+02  -5.7000000e+01
   8.9000000e+01   1.9300000e+02  -5.8000000e+01
   1.0300000e+02   9.3000000e+01   1.3100000e+02
   1.1400000e+02   4.1000000e+01   1.4000000e+02
   1.1600000e+02   3.0600000e+02  -5.0000000e+00
   1.2900000e+02   3.0500000e+02  -1.0000000e+01
   1.4200000e+02   1.2700000e+02   1.4600000e+02
   1.6000000e+02   3.1000000e+02  -1.7100000e+02
   1.6100000e+02   9.5000000e+01   1.5100000e+02
   1.6100000e+02   2.1000000e+02  -9.0000000e+01
   1.7700000e+02   1.0600000e+02  -1.7600000e+02
   1.7800000e+02   1.3400000e+02   5.9000000e+01
   1.9500000e+02   5.6000000e+01  -1.7100000e+02
