   1.0300000e+02   9.4000000e+01   1.3772631e+02
   1.1700000e+02   2.7700000e+02  -5.0194429e+01
   1.4500000e+02   6.1000000e+01  -4.7726311e+01
   1.4600000e+02   5.1000000e+01   1.2686990e+02
   1.7800000e+02   2.7200000e+02  -5.3972627e+01
   1.8200000e+02   2.9000000e+01   9.4623222e+00
   1.9300000e+02   3.7000000e+01  -1.6596376e+02
   2.0000000e+02   1.8000000e+01  -1.7523636e+02
   2.0700000e+02   3.2500000e+02   1.7480557e+02
   2.2100000e+02   1.3500000e+02   7.1565051e+01
   2.2400000e+02   1.6000000e+01   3.3690068e+01
   2.2700000e+02   1.5300000e+02  -1.0843495e+02
   2.5900000e+02   2.1600000e+02   7.5963757e+01
   2.7600000e+02   4.1000000e+01   2.6565051e+01
   2.9600000e+02   6.9000000e+01  -1.1656505e+02
   1.1100000e+02   1.7500000e+02   1.2000000e+02
   1.1200000e+02   9.1000000e+01   1.2300000e+02
   1.1900000e+02   3.7000000e+01   1.3200000e+02
   1.1900000e+02   1.2500000e+02   1.2300000e+02
   1.3300000e+02   2.8500000e+02   1.5300000e+02
   1.4200000e+02   3.0400000e+02   0.0000000e+00
   1.6300000e+02   1.3700000e+02   1.3500000e+02
   1.6700000e+02   8.4000000e+01   1.4300000e+02
   1.8100000e+02   2.1000000e+02  -9.0000000e+01
   1.8200000e+02   1.9900000e+02  -8.1000000e+01
   1.8300000e+02   9.4000000e+01   1.8000000e+02
   1.8700000e+02   1.2400000e+02   6.3000000e+01
   1.9100000e+02   2.8600000e+02   1.7500000e+02
   1.9500000e+02   2.7400000e+02   1.6100000e+02
   1.9800000e+02   4.4000000e+01  -1.6600000e+02
   2.0000000e+02   1.7400000e+02  -1.1500000e+02
   2.0300000e+02   2.1500000e+02   9.9000000e+01
   2.5000000e+02   8.7000000e+01  -1.2400000e+02
