   7.1000000e+01   1.6000000e+02   9.0000000e+01
   7.8000000e+01   1.3900000e+02   9.4763642e+01
   8.3000000e+01   3.0000000e+01  -3.3690068e+01
   9.1000000e+01   7.9000000e+01   9.4763642e+01
   9.1000000e+01   1.3700000e+02  -8.5236358e+01
   9.5000000e+01   8.7000000e+01  -7.5963757e+01
   1.1300000e+02   4.3000000e+01  -1.4036243e+01
   1.2400000e+02   2.6000000e+01   1.6596376e+02
   1.2400000e+02   4.5000000e+01   1.6156505e+02
   1.3100000e+02   2.7700000e+02  -7.0016893e+01
   1.5600000e+02   3.0300000e+02  -7.0016893e+01
   1.6400000e+02   2.2500000e+02  -9.4763642e+01
   1.8800000e+02   3.1600000e+02  -5.3972627e+01
   2.1100000e+02   2.9000000e+01   3.0256437e+01
   2.1200000e+02   3.2800000e+02  -2.4443955e+01
   2.1700000e+02   2.6500000e+02  -6.3434949e+01
   2.4000000e+02   3.3200000e+02  -3.9289407e+01
   2.4300000e+02   1.2400000e+02  -1.4019443e+02
   2.5200000e+02   1.2400000e+02  -1.4019443e+02
   2.6200000e+02   2.1500000e+02   4.5000000e+01
   2.6400000e+02   3.1500000e+02   4.5000000e+01
   2.7700000e+02   2.2800000e+02  -1.4630993e+02
   2.8800000e+02   2.1200000e+02  -1.4019443e+02
   3.1200000e+02   2.0500000e+02  -1.4397263e+02
   3.2300000e+02   2.6600000e+02   1.6596376e+02
   3.2500000e+02   2.9000000e+02   1.8000000e+02
   6.0000000e+01   1.4300000e+02  -7.6000000e+01
   8.3000000e+01   1.3100000e+02  -1.1700000e+02
   1.0600000e+02   1.5500000e+02  -1.0000000e+02
   1.2600000e+02   9.8000000e+01   1.1600000e+02
   1.2800000e+02   2.0100000e+02  -1.0500000e+02
   1.3800000e+02   3.1000000e+01   1.7500000e+02
   1.4700000e+02   1.9000000e+01   9.0000000e+00
   1.5000000e+02   1.4100000e+02   1.0800000e+02
   1.6500000e+02   1.2000000e+02   1.9000000e+01
   1.7700000e+02   3.3000000e+01  -1.6600000e+02
   2.0100000e+02   6.0000000e+01   2.6000000e+01
   2.2200000e+02   1.1700000e+02  -1.4400000e+02
   2.2800000e+02   3.5300000e+02   1.6000000e+02
   2.3500000e+02   1.9500000e+02  -1.2100000e+02
   2.3600000e+02   2.8400000e+02   1.4700000e+02
   2.3800000e+02   1.7000000e+02  -1.3000000e+02
   2.4700000e+02   3.5800000e+02   1.6100000e+02
   2.5100000e+02   3.0200000e+02  -1.9000000e+01
   2.5400000e+02   3.2400000e+02   1.5700000e+02
   2.7000000e+02   2.6000000e+02   1.5300000e+02
   3.0600000e+02   3.2300000e+02   1.6100000e+02
