   1.0300000e+02   6.9000000e+01  -4.7726311e+01
   1.0800000e+02   2.9000000e+01  -5.3130102e+01
   1.3300000e+02   3.1000000e+01   1.1656505e+02
   1.4200000e+02   4.3000000e+01  -5.9036243e+01
   1.4500000e+02   6.1000000e+01  -6.3434949e+01
   1.4500000e+02   1.8300000e+02  -1.6596376e+02
   1.5200000e+02   1.9000000e+01  -6.3434949e+01
   1.5400000e+02   1.4000000e+02  -2.6565051e+01
   1.7000000e+02   6.1000000e+01  -6.1389540e+01
   1.8000000e+02   1.8900000e+02   1.5255119e+01
   2.1400000e+02   1.1900000e+02  -5.3130102e+01
   2.1600000e+02   2.2600000e+02   1.4036243e+01
   2.2200000e+02   1.1800000e+02  -4.1987212e+01
   2.2800000e+02   1.3100000e+02  -9.4623222e+00
   2.5700000e+02   1.0600000e+02   7.4744881e+01
   2.6000000e+02   1.9100000e+02  -1.7523636e+02
   2.9000000e+02   7.3000000e+01   7.4744881e+01
   1.3900000e+02   1.0900000e+02  -4.5000000e+01
   1.7500000e+02   9.4000000e+01   1.3200000e+02
   2.0000000e+02   1.5000000e+02   1.8000000e+02
   2.1800000e+02   4.5000000e+01  -1.0000000e+02
   2.2000000e+02   2.1000000e+02  -1.7600000e+02
