   7.6000000e+01   2.6500000e+02  -5.9036243e+01
   8.3000000e+01   1.9300000e+02  -5.3972627e+01
   8.6000000e+01   2.1600000e+02   1.1656505e+02
   9.0000000e+01   2.4900000e+02  -6.3434949e+01
   1.0500000e+02   3.1300000e+02   1.3198721e+02
   1.0600000e+02   1.9900000e+02   1.2928941e+02
   1.3700000e+02   3.5900000e+02  -3.6869898e+01
   1.5400000e+02   2.1500000e+02  -4.2273689e+01
   1.6400000e+02   1.5900000e+02   1.4974356e+02
   1.7200000e+02   1.5600000e+02  -9.4623222e+00
   1.8700000e+02   1.3500000e+02   1.8434949e+01
   1.9600000e+02   1.4300000e+02  -1.6596376e+02
   2.1600000e+02   3.5600000e+02  -7.1565051e+01
   2.2000000e+02   3.4300000e+02   1.0403624e+02
   2.2400000e+02   3.5000000e+02   8.0537678e+01
   2.2700000e+02   1.6500000e+02  -1.4313010e+02
   2.4300000e+02   3.0500000e+02  -9.4763642e+01
   2.4900000e+02   2.6300000e+02  -1.2499202e+02
   1.2100000e+02   2.2400000e+02   1.1600000e+02
   1.5100000e+02   3.5700000e+02  -4.3000000e+01
   1.6900000e+02   1.8700000e+02   1.4900000e+02
   1.9100000e+02   1.9500000e+02  -1.7100000e+02
   1.9100000e+02   2.2300000e+02   5.3000000e+01
