   6.8000000e+01   1.9500000e+02  -5.9743563e+01
   7.5000000e+01   1.4800000e+02   1.3227369e+02
   8.0000000e+01   2.1500000e+02   1.2025644e+02
   8.0000000e+01   3.0900000e+02   9.0000000e+01
   9.2000000e+01   3.2800000e+02  -4.5000000e+01
   1.0700000e+02   1.6700000e+02  -5.0710593e+01
   1.1000000e+02   8.0000000e+01  -4.7726311e+01
   1.1600000e+02   6.6000000e+01   1.3772631e+02
   1.1600000e+02   2.5300000e+02  -5.9743563e+01
   1.2400000e+02   3.3900000e+02   1.7523636e+02
   1.3100000e+02   5.5000000e+01  -4.5000000e+01
   1.3400000e+02   1.0900000e+02  -3.9805571e+01
   1.3600000e+02   1.6400000e+02  -4.2273689e+01
   1.5100000e+02   1.8700000e+02   9.4623222e+00
   1.5600000e+02   3.0200000e+02   1.4134019e+02
   1.7200000e+02   3.0600000e+02  -3.9289407e+01
   1.7500000e+02   8.1000000e+01   1.8434949e+01
   1.8400000e+02   8.9000000e+01  -1.6596376e+02
   1.9300000e+02   7.2000000e+01  -1.6596376e+02
   2.0100000e+02   2.3000000e+02  -9.5194429e+01
   2.0800000e+02   1.8300000e+02   7.1565051e+01
   2.1400000e+02   2.0200000e+02  -1.0843495e+02
   2.1500000e+02   6.9000000e+01   3.6027373e+01
   2.1600000e+02   2.5200000e+02  -1.0843495e+02
   2.3500000e+02   3.0300000e+02  -1.1261986e+02
   2.4200000e+02   2.1900000e+02   7.1565051e+01
   2.4500000e+02   1.4100000e+02  -1.1656505e+02
   2.5100000e+02   2.2200000e+02   7.1565051e+01
   2.5300000e+02   2.4900000e+02  -1.1261986e+02
   2.5600000e+02   2.3600000e+02  -1.1261986e+02
   2.5900000e+02   2.2800000e+02   5.7528808e+01
   2.6000000e+02   2.1800000e+02  -1.1861046e+02
   2.6300000e+02   1.1400000e+02   6.3434949e+01
   2.6700000e+02   9.5000000e+01   5.9743563e+01
   7.4000000e+01   1.3000000e+02   1.3200000e+02
   9.7000000e+01   2.1400000e+02   1.1200000e+02
   9.9000000e+01   1.3300000e+02   1.1400000e+02
   1.2900000e+02   3.0800000e+02   1.5000000e+02
   1.5300000e+02   8.8000000e+01   1.5700000e+02
   1.5700000e+02   2.5600000e+02  -7.6000000e+01
   1.7000000e+02   1.4300000e+02   1.8000000e+02
   1.7300000e+02   1.7300000e+02   5.7000000e+01
   1.7400000e+02   3.2200000e+02   1.7500000e+02
   1.8400000e+02   3.4200000e+02  -1.7100000e+02
   1.9600000e+02   2.6000000e+02   1.0800000e+02
   1.9800000e+02   3.5300000e+02  -1.7600000e+02
   2.0000000e+02   8.3000000e+01  -1.5800000e+02
   2.1500000e+02   8.0000000e+01   3.6000000e+01
   2.3300000e+02   1.0600000e+02  -1.3500000e+02
   2.5100000e+02   8.8000000e+01   5.9000000e+01
   2.6900000e+02   1.9900000e+02  -1.1700000e+02
