   1.1400000e+02   1.2200000e+02  -5.0710593e+01
   1.1600000e+02   1.4400000e+02   1.2602737e+02
   1.5000000e+02   7.5000000e+01  -5.4462322e+01
   1.5500000e+02   8.4000000e+01   1.3227369e+02
   1.7800000e+02   1.5400000e+02  -3.9289407e+01
   1.9300000e+02   4.8000000e+01   0.0000000e+00
   2.1900000e+02   3.2800000e+02   1.7523636e+02
   2.3400000e+02   6.3000000e+01  -1.7053768e+02
   2.4800000e+02   1.7700000e+02   7.5963757e+01
   2.5200000e+02   1.9500000e+02  -1.0403624e+02
   2.6600000e+02   1.8700000e+02   7.1565051e+01
   2.7100000e+02   2.1100000e+02   8.0537678e+01
   2.8200000e+02   1.8100000e+02  -1.0669924e+02
   1.6800000e+02   3.2100000e+02  -6.0000000e+00
   2.1600000e+02   1.6400000e+02   6.3000000e+01
