   1.1800000e+02   1.3900000e+02   1.4974356e+02
   1.2000000e+02   2.0000000e+02  -5.3972627e+01
   1.3300000e+02   2.7000000e+02  -4.8366461e+01
   1.6000000e+02   2.9900000e+02  -4.2273689e+01
   1.6900000e+02   1.0200000e+02  -4.2273689e+01
   2.1400000e+02   3.2000000e+01   7.1250163e+00
   2.1400000e+02   1.3400000e+02   3.9289407e+01
   2.3000000e+02   2.5500000e+02   9.9462322e+01
   2.4400000e+02   1.7500000e+02   7.1565051e+01
   2.5000000e+02   1.9200000e+02  -1.0843495e+02
   2.6100000e+02   2.9200000e+02  -1.0843495e+02
   2.6400000e+02   1.8200000e+02   7.1565051e+01
   2.7000000e+02   2.0600000e+02   7.1565051e+01
   2.8000000e+02   1.2900000e+02  -1.2247119e+02
   2.9100000e+02   2.2400000e+02  -1.1861046e+02
   2.9400000e+02   2.0900000e+02  -1.1261986e+02
   1.1700000e+02   1.5000000e+02   1.1600000e+02
   1.8000000e+02   3.5100000e+02   1.7400000e+02
   1.8800000e+02   1.2700000e+02   1.4600000e+02
   2.1100000e+02   1.6300000e+02   5.9000000e+01
