   1.2100000e+02   2.9200000e+02   1.6330076e+02
   1.3000000e+02   1.8500000e+02   1.2980557e+02
   1.3200000e+02   1.3500000e+02   1.4313010e+02
   1.4600000e+02   1.2900000e+02   1.3881407e+02
   1.5400000e+02   1.7400000e+02   2.2619865e+01
   1.5500000e+02   2.7100000e+02  -1.7287498e+02
   1.7700000e+02   1.6500000e+02  -1.4799462e+02
   1.7700000e+02   1.9100000e+02  -1.2980557e+02
   1.8100000e+02   1.9900000e+02   5.9743563e+01
   2.0300000e+02   3.5900000e+02  -1.6330076e+02
   2.1000000e+02   2.4000000e+02  -1.2686990e+02
   2.2400000e+02   6.4000000e+01   3.9289407e+01
   2.2500000e+02   3.2300000e+02  -1.6869007e+02
   2.3200000e+02   2.4600000e+02  -1.3060129e+02
   2.4200000e+02   2.6300000e+02  -1.3500000e+02
   2.5800000e+02   2.5100000e+02  -1.2865981e+02
   2.8500000e+02   1.3100000e+02  -1.2928941e+02
   9.5000000e+01   1.8000000e+02   1.2900000e+02
   1.2500000e+02   1.0500000e+02   1.4600000e+02
   1.3700000e+02   2.6000000e+02   1.5100000e+02
   1.5000000e+02   2.3000000e+02   1.4000000e+02
   1.6400000e+02   2.9100000e+02   0.0000000e+00
   1.7500000e+02   3.5400000e+02  -1.7600000e+02
   2.1300000e+02   2.7000000e+02   2.6000000e+01
   2.1500000e+02   1.4000000e+02   5.9000000e+01
   2.2500000e+02   3.5700000e+02   1.6900000e+02
   2.3800000e+02   1.0600000e+02   5.0000000e+01
