   7.7000000e+01   1.9600000e+02   1.3251045e+02
   8.3000000e+01   1.8800000e+02  -5.6309932e+01
   8.3000000e+01   2.0200000e+02   1.3500000e+02
   8.7000000e+01   2.6300000e+02  -3.6869898e+01
   9.2000000e+01   3.1600000e+02  -2.1801409e+01
   1.0500000e+02   1.1800000e+02   1.4397263e+02
   1.1400000e+02   3.1700000e+02   1.6156505e+02
   1.1800000e+02   3.3700000e+02  -5.1944289e+00
   1.2600000e+02   3.1500000e+02   1.4974356e+02
   1.4100000e+02   2.4700000e+02   1.2686990e+02
   1.5100000e+02   3.1900000e+02   1.6596376e+02
   1.5200000e+02   2.6300000e+02  -4.2273689e+01
   1.5900000e+02   6.4000000e+01  -1.0304846e+01
   1.6500000e+02   3.2800000e+02   1.4036243e+01
   1.9200000e+02   1.9800000e+02   2.2619865e+01
   2.0400000e+02   3.4600000e+02   4.7636417e+00
   2.2400000e+02   1.0100000e+02   1.8434949e+01
   2.4300000e+02   2.6900000e+02  -1.2369007e+02
   2.5500000e+02   1.3700000e+02  -1.4071059e+02
   2.6400000e+02   3.0200000e+02  -1.4313010e+02
   1.0800000e+02   2.8700000e+02   1.3500000e+02
   1.4000000e+02   9.4000000e+01   1.4000000e+02
   1.5900000e+02   1.3200000e+02   1.4600000e+02
   1.6800000e+02   6.0000000e+01   1.5600000e+02
   1.6900000e+02   2.8800000e+02   1.5700000e+02
   1.8400000e+02   2.5700000e+02   1.4300000e+02
   1.9600000e+02   3.1800000e+02   1.4000000e+01
   2.4600000e+02   3.0000000e+02   3.0000000e+01
   2.6900000e+02   1.6700000e+02  -1.2400000e+02
   2.7300000e+02   1.3100000e+02   4.7000000e+01
   2.7300000e+02   1.9000000e+02  -1.1700000e+02
