   9.7000000e+01   2.1200000e+02   1.4313010e+02
   9.8000000e+01   2.3400000e+02  -3.6027373e+01
   9.8000000e+01   3.0000000e+02  -1.4036243e+01
   1.0300000e+02   2.0600000e+02  -4.7489553e+01
   1.0400000e+02   2.7600000e+02  -2.6565051e+01
   1.0400000e+02   3.2100000e+02  -2.6565051e+01
   1.1200000e+02   3.3200000e+02  -1.0304846e+01
   1.1400000e+02   3.2400000e+02  -1.8434949e+01
   1.2600000e+02   2.7600000e+02   1.6156505e+02
   1.2900000e+02   2.9600000e+02  -9.4623222e+00
   1.3200000e+02   1.3700000e+02   9.0000000e+01
   1.4700000e+02   2.6100000e+02  -3.0256437e+01
   1.5000000e+02   2.0600000e+02   1.2602737e+02
   1.6100000e+02   2.2200000e+02  -4.2510447e+01
   1.6200000e+02   2.7700000e+02   1.6156505e+02
   1.7000000e+02   2.7500000e+02  -1.4036243e+01
   1.7900000e+02   2.4200000e+02  -1.8434949e+01
   1.7900000e+02   3.6000000e+02   1.8000000e+02
   1.9900000e+02   1.5500000e+02   2.6565051e+01
   2.3100000e+02   8.1000000e+01  -1.7053768e+02
   2.5300000e+02   2.2400000e+02  -1.2980557e+02
   2.6300000e+02   3.0900000e+02  -1.7053768e+02
   2.6500000e+02   2.8900000e+02  -1.6156505e+02
   2.7500000e+02   2.3200000e+02  -1.2553768e+02
   1.1600000e+02   3.0400000e+02   1.5700000e+02
   1.1900000e+02   2.4600000e+02   1.3500000e+02
   1.2700000e+02   3.5800000e+02  -1.7100000e+02
   1.4500000e+02   5.9000000e+01   1.4000000e+02
   1.6600000e+02   1.3700000e+02   1.3700000e+02
   1.6700000e+02   9.0000000e+01   1.4300000e+02
   1.7200000e+02   2.8400000e+02   1.6100000e+02
   1.8200000e+02   1.1600000e+02   1.4900000e+02
   1.9200000e+02   1.1300000e+02  -1.0000000e+01
   1.9400000e+02   2.1400000e+02   1.4000000e+02
   1.9800000e+02   2.3700000e+02   1.7000000e+02
   2.0500000e+02   2.7500000e+02   1.4000000e+01
   2.1600000e+02   2.1000000e+02   3.6000000e+01
   2.4600000e+02   1.8500000e+02  -1.2100000e+02
   2.5600000e+02   2.5600000e+02   3.0000000e+01
   2.7900000e+02   1.2800000e+02  -1.2400000e+02
   2.8000000e+02   1.0200000e+02  -1.3800000e+02
   2.8200000e+02   9.3000000e+01   5.0000000e+01
