   9.6000000e+01   3.3900000e+02   1.2928941e+02
   1.4200000e+02   2.9200000e+02   2.6565051e+01
   1.9700000e+02   3.5900000e+02  -1.2980557e+02
   2.5900000e+02   1.7200000e+02   5.2125016e+01
   2.6300000e+02   2.4000000e+02   5.6309932e+01
   2.6800000e+02   1.8500000e+02   4.5000000e+01
   2.7600000e+02   2.9100000e+02  -1.2602737e+02
   8.3000000e+01   2.5400000e+02  -4.0000000e+01
   1.0700000e+02   2.7200000e+02   1.3800000e+02
   1.3000000e+02   2.7300000e+02   1.5300000e+02
   1.3900000e+02   3.5100000e+02   1.4300000e+02
   1.8900000e+02   3.2000000e+02  -1.2100000e+02
   2.0600000e+02   3.0900000e+02  -1.2100000e+02
   2.2300000e+02   2.8200000e+02  -1.2100000e+02
   2.4200000e+02   1.5700000e+02  -1.4400000e+02
