   1.4700000e+02   2.9000000e+02  -1.6596376e+02
   1.8500000e+02   3.1700000e+02  -1.7523636e+02
   1.9300000e+02   3.1800000e+02   1.4036243e+01
   2.5500000e+02   2.9100000e+02  -1.6156505e+02
   2.8100000e+02   2.4400000e+02  -1.3772631e+02
   7.8000000e+01   1.2800000e+02   1.5300000e+02
   7.8000000e+01   2.0400000e+02   1.6900000e+02
   1.0900000e+02   1.8900000e+02   1.5300000e+02
   1.1000000e+02   2.3900000e+02   1.5300000e+02
   1.1900000e+02   1.0600000e+02   1.6100000e+02
   1.2600000e+02   1.7600000e+02  -5.7000000e+01
   1.4400000e+02   2.4000000e+01  -5.0000000e+00
   1.4400000e+02   3.2000000e+01   3.2000000e+01
   1.7200000e+02   3.5000000e+01   3.0000000e+01
   1.7400000e+02   2.3600000e+02   7.1000000e+01
   1.8700000e+02   1.6000000e+01  -1.7100000e+02
   1.8900000e+02   7.3000000e+01   2.2000000e+01
   1.9400000e+02   2.3500000e+02  -1.1900000e+02
   2.2100000e+02   2.8800000e+02   2.4000000e+01
   2.2600000e+02   6.2000000e+01  -1.5400000e+02
   2.4300000e+02   2.8700000e+02   1.8000000e+01
   2.4500000e+02   1.2800000e+02  -1.3500000e+02
   2.5000000e+02   3.4000000e+01  -1.5000000e+02
   2.6200000e+02   2.4700000e+02  -1.4700000e+02
   2.7300000e+02   9.7000000e+01  -8.3000000e+01
   2.7300000e+02   2.3700000e+02   4.1000000e+01
   2.7700000e+02   1.2700000e+02  -1.3000000e+02
   2.8800000e+02   1.1100000e+02   4.5000000e+01
   2.9300000e+02   2.4000000e+01  -1.4700000e+02
   2.9900000e+02   4.1000000e+01  -1.4700000e+02
   3.0300000e+02   1.1100000e+02  -1.4100000e+02
   3.0900000e+02   1.0400000e+02   4.7000000e+01
