   1.0700000e+02   3.1400000e+02  -1.8434949e+01
   1.6300000e+02   3.1300000e+02  -1.7523636e+02
   1.9700000e+02   2.4700000e+02  -1.3836646e+02
   2.9300000e+02   5.7000000e+01  -1.2787498e+02
   7.2000000e+01   2.3600000e+02  -3.4000000e+01
   8.3000000e+01   2.4100000e+02   1.4300000e+02
   9.1000000e+01   2.0800000e+02   1.3700000e+02
   9.6000000e+01   1.9500000e+02  -5.8000000e+01
   1.0800000e+02   1.1500000e+02   1.5300000e+02
   1.2300000e+02   3.6000000e+01   1.6500000e+02
   1.2900000e+02   2.2900000e+02  -5.1000000e+01
   1.4200000e+02   3.0300000e+02   1.6100000e+02
   1.4400000e+02   1.1100000e+02   1.5700000e+02
   1.5600000e+02   3.4000000e+01   1.6100000e+02
   1.6900000e+02   2.1000000e+01   1.6500000e+02
   1.7500000e+02   3.0800000e+02  -1.7100000e+02
   1.7700000e+02   2.0000000e+01   0.0000000e+00
   1.9500000e+02   1.0900000e+02  -1.7100000e+02
   1.9800000e+02   3.2400000e+02   1.8000000e+01
   2.1500000e+02   3.1300000e+02  -1.5000000e+02
   2.2600000e+02   3.1500000e+02   2.2000000e+01
   2.3600000e+02   1.9000000e+02  -1.3000000e+02
   2.6000000e+02   7.2000000e+01  -1.5800000e+02
   2.7000000e+02   5.1000000e+01  -1.5000000e+02
   2.7800000e+02   5.4000000e+01   3.9000000e+01
   3.0100000e+02   7.1000000e+01  -1.4700000e+02
