   8.4000000e+01   2.5200000e+02  -3.4992020e+01
   9.3000000e+01   8.0000000e+01  -2.9054604e+01
   1.4500000e+02   3.2400000e+02  -1.7053768e+02
   1.7400000e+02   3.1000000e+02  -1.6747119e+02
   1.8500000e+02   9.8000000e+01  -1.6596376e+02
   1.9700000e+02   2.0900000e+02  -1.1656505e+02
   2.0600000e+02   2.8700000e+02  -1.7365981e+02
   2.4100000e+02   1.8100000e+02   5.9743563e+01
   2.5400000e+02   1.2800000e+02  -1.3500000e+02
   1.0100000e+02   7.4000000e+01   1.4300000e+02
   1.3800000e+02   2.3200000e+02   1.4100000e+02
