   6.3000000e+01   1.3800000e+02  -4.5000000e+01
   7.1000000e+01   2.3100000e+02  -4.5000000e+01
   9.6000000e+01   1.5500000e+02   1.3198721e+02
   1.1100000e+02   1.9500000e+02  -4.1987212e+01
   1.6900000e+02   3.9000000e+01   1.6596376e+02
   2.2000000e+02   2.8100000e+02   4.9398705e+01
   2.3000000e+02   6.9000000e+01   3.0256437e+01
   2.3900000e+02   1.5700000e+02   5.5007980e+01
   6.4000000e+01   2.0000000e+02  -4.9000000e+01
   8.0000000e+01   2.2200000e+02   1.3500000e+02
   1.0500000e+02   1.8500000e+02   1.3700000e+02
   1.4700000e+02   2.2300000e+02  -4.5000000e+01
   1.5900000e+02   2.3100000e+02   0.0000000e+00
   2.0200000e+02   1.8300000e+02  -1.2400000e+02
   2.0700000e+02   3.0700000e+02  -1.7600000e+02
   2.4000000e+02   1.7900000e+02  -1.2400000e+02
