   8.3000000e+01   1.2800000e+02  -6.7380135e+01
   8.3000000e+01   1.5100000e+02   1.0843495e+02
   8.3000000e+01   2.1700000e+02   7.1565051e+01
   8.6000000e+01   1.4100000e+02  -6.7380135e+01
   9.1000000e+01   1.5400000e+02   1.0403624e+02
   9.3000000e+01   1.4600000e+02  -7.1565051e+01
   1.2300000e+02   2.0500000e+02  -7.5963757e+01
   1.2700000e+02   2.9600000e+02   0.0000000e+00
   1.6200000e+02   1.2900000e+02   9.5194429e+01
   1.7100000e+02   2.8000000e+02  -4.1987212e+01
   1.7200000e+02   1.1300000e+02   7.5963757e+01
   1.7400000e+02   3.5500000e+02   9.4623222e+00
   1.8100000e+02   2.6400000e+02   1.0403624e+02
   1.9200000e+02   3.0300000e+02  -1.5555605e+02
   1.9300000e+02   2.3400000e+02   8.5236358e+01
   2.0900000e+02   2.9500000e+02  -1.3772631e+02
   2.4000000e+02   2.7800000e+02  -1.1180141e+02
   2.4900000e+02   2.0900000e+02  -1.0403624e+02
   9.6000000e+01   2.7600000e+02   3.9000000e+01
   1.0500000e+02   1.1000000e+02   1.2800000e+02
   1.3500000e+02   1.2300000e+02  -1.1300000e+02
   1.5800000e+02   2.9100000e+02   1.6000000e+02
   1.7000000e+02   3.4600000e+02  -1.7100000e+02
   1.7800000e+02   2.1400000e+02   1.1200000e+02
   1.9100000e+02   3.4700000e+02  -1.7100000e+02
