   4.3000000e+01   2.7500000e+02  -9.0000000e+01
   4.9000000e+01   3.0900000e+02  -1.1974488e+02
   6.6000000e+01   1.1400000e+02  -5.6309932e+01
   7.7000000e+01   3.1400000e+02  -1.2369007e+02
   8.6000000e+01   1.0900000e+02   1.2025644e+02
   9.3000000e+01   2.0700000e+02  -7.0016893e+01
   9.9000000e+01   2.2000000e+02  -8.0537678e+01
   1.5100000e+02   2.5800000e+02   3.9805571e+01
   1.7700000e+02   3.1000000e+01   0.0000000e+00
   1.8100000e+02   2.3000000e+02  -7.1565051e+01
   1.8700000e+02   3.2000000e+02   4.7636417e+00
   2.2000000e+02   2.5100000e+02   1.1261986e+02
   2.2100000e+02   1.5600000e+02   9.0000000e+01
   2.3100000e+02   1.4000000e+02   7.1565051e+01
   8.2000000e+01   1.3600000e+02   1.1200000e+02
   8.4000000e+01   2.6600000e+02   6.7000000e+01
   9.1000000e+01   1.3100000e+02  -6.0000000e+01
   1.2000000e+02   3.2400000e+02   4.5000000e+01
   1.2800000e+02   1.8500000e+02   1.1200000e+02
   1.4700000e+02   3.1200000e+02  -1.4100000e+02
   1.5300000e+02   2.9900000e+02   3.6000000e+01
   1.7300000e+02   2.2000000e+02  -5.8000000e+01
