   5.0000000e+01   3.0000000e+02   4.8012788e+01
   5.7000000e+01   2.9600000e+02  -1.2200538e+02
   9.4000000e+01   6.9000000e+01   1.2686990e+02
   1.5600000e+02   2.4200000e+02   4.2273689e+01
   1.8700000e+02   2.1600000e+02  -7.1565051e+01
   1.9200000e+02   3.0700000e+02   4.7636417e+00
   2.0500000e+02   2.7000000e+01  -1.7053768e+02
   2.2700000e+02   1.4300000e+02   9.0000000e+01
   9.0000000e+01   1.1800000e+02   1.1200000e+02
   9.0000000e+01   3.1300000e+02  -1.4100000e+02
   9.9000000e+01   1.1300000e+02  -6.4000000e+01
   1.2600000e+02   3.1000000e+02   4.7000000e+01
   1.3300000e+02   2.6800000e+02  -1.1300000e+02
   1.5300000e+02   2.9800000e+02  -1.3800000e+02
   1.5900000e+02   2.8500000e+02   3.9000000e+01
   1.8000000e+02   2.0500000e+02  -6.1000000e+01
   1.8800000e+02   2.2700000e+02  -1.6100000e+02
   2.2100000e+02   3.0600000e+02   1.7000000e+02
