   9.8000000e+01   3.2100000e+02   1.1656505e+02
   1.7900000e+02   2.3500000e+02   0.0000000e+00
   2.3700000e+02   3.5600000e+02   8.5236358e+01
   2.4500000e+02   3.3800000e+02   7.1565051e+01
   2.7000000e+02   3.4700000e+02   6.5556045e+01
   2.8100000e+02   3.2300000e+02  -1.2686990e+02
   1.0200000e+02   3.6000000e+02   1.0400000e+02
   1.1300000e+02   3.2500000e+02   1.1200000e+02
   1.1700000e+02   3.1500000e+02  -6.0000000e+01
   1.2900000e+02   2.3000000e+02  -3.7000000e+01
   1.3700000e+02   3.3000000e+02   1.1600000e+02
   1.5900000e+02   3.5600000e+02   1.0800000e+02
   1.6300000e+02   3.3200000e+02   1.2000000e+02
   1.7400000e+02   3.0100000e+02   1.4300000e+02
   2.2100000e+02   3.3000000e+02  -1.3000000e+02
   2.2600000e+02   3.3900000e+02   7.5000000e+01
   2.5800000e+02   3.0900000e+02  -1.3500000e+02
   2.5800000e+02   3.5600000e+02  -1.0900000e+02
