   1.1800000e+02   3.1600000e+02   1.2686990e+02
   1.3100000e+02   2.0700000e+02   1.2025644e+02
   1.4900000e+02   3.5000000e+02   9.0000000e+01
   1.8200000e+02   2.0200000e+02   1.1261986e+02
   2.5500000e+02   1.1000000e+02  -9.4623222e+00
   2.9300000e+02   3.1400000e+02  -8.5236358e+01
   3.2000000e+02   2.3200000e+02   8.5236358e+01
   1.1700000e+02   3.0200000e+02   1.2000000e+02
   1.6000000e+02   2.4500000e+02   1.0400000e+02
   1.6300000e+02   2.3100000e+02   1.0400000e+02
   1.7200000e+02   1.8900000e+02   1.1600000e+02
   1.9800000e+02   2.2900000e+02   9.9000000e+01
   2.0000000e+02   2.5400000e+02   1.1200000e+02
   2.0400000e+02   1.0800000e+02  -3.7000000e+01
   2.1400000e+02   2.0800000e+02   1.0800000e+02
   2.7000000e+02   2.3500000e+02   1.3800000e+02
   2.7300000e+02   3.0500000e+02  -1.0900000e+02
   2.8200000e+02   3.2000000e+02  -1.3200000e+02
   2.8300000e+02   3.0600000e+02  -1.1300000e+02
   2.8800000e+02   2.1900000e+02  -1.4400000e+02
   3.0500000e+02   2.4500000e+02   9.0000000e+01
