   9.0000000e+01   1.3800000e+02   1.1444395e+02
   1.2100000e+02   2.5900000e+02  -1.3881407e+02
   1.4000000e+02   1.1100000e+02   9.9462322e+01
   1.4700000e+02   2.5500000e+02  -1.4446232e+02
   1.5100000e+02   2.3700000e+02  -1.1444395e+02
   1.6000000e+02   2.5600000e+02  -1.3500000e+02
   1.8600000e+02   2.7100000e+02   0.0000000e+00
   1.9800000e+02   1.0600000e+02  -8.0537678e+01
   2.0800000e+02   2.4600000e+02  -1.3500000e+02
   2.1500000e+02   1.9000000e+02   2.6565051e+01
   2.2600000e+02   1.6100000e+02  -1.2247119e+02
   2.4000000e+02   1.5600000e+02  -7.5963757e+01
   9.0000000e+01   1.0900000e+02   1.0400000e+02
   1.0700000e+02   2.3800000e+02  -1.1700000e+02
   2.0700000e+02   1.3700000e+02  -1.0700000e+02
   2.3800000e+02   1.8100000e+02  -1.4400000e+02
