   9.7000000e+01   2.6600000e+02   9.0000000e+01
   1.1200000e+02   2.0000000e+02  -7.5963757e+01
   1.1200000e+02   3.0100000e+02  -1.3772631e+02
   1.1300000e+02   1.5500000e+02   1.2025644e+02
   1.2200000e+02   2.9600000e+02   5.3972627e+01
   1.2700000e+02   2.1100000e+02  -7.5963757e+01
   1.3100000e+02   2.5400000e+02  -1.0403624e+02
   1.3200000e+02   2.9500000e+02  -1.3500000e+02
   1.3500000e+02   2.6400000e+02   6.6037511e+01
   1.3600000e+02   1.1000000e+02  -6.3434949e+01
   1.3700000e+02   3.0200000e+02   9.0000000e+01
   1.4600000e+02   1.1700000e+02  -5.6309932e+01
   1.4800000e+02   2.1400000e+02   9.0000000e+01
   1.5600000e+02   2.5000000e+01   1.4630993e+02
   1.6900000e+02   3.1600000e+02  -1.4974356e+02
   1.7400000e+02   2.4000000e+01   1.4974356e+02
   1.7500000e+02   6.3000000e+01   1.4313010e+02
   1.7900000e+02   7.7000000e+01  -3.6869898e+01
   1.7900000e+02   1.7100000e+02  -7.1565051e+01
   1.8300000e+02   5.7000000e+01  -2.6565051e+01
   1.8300000e+02   2.1200000e+02  -1.1656505e+02
   1.8600000e+02   3.0300000e+02  -1.4019443e+02
   1.8700000e+02   1.9100000e+02   8.5236358e+01
   1.9500000e+02   1.9200000e+02   7.4744881e+01
   1.9800000e+02   2.8000000e+02  -1.2686990e+02
   1.9900000e+02   9.1000000e+01   1.4974356e+02
   2.0400000e+02   1.2700000e+02  -2.2619865e+01
   2.0500000e+02   1.9500000e+02  -9.4763642e+01
   2.0700000e+02   2.0500000e+02   8.2874984e+01
   2.0800000e+02   1.8400000e+02  -4.5000000e+01
   2.1400000e+02   8.8000000e+01   1.4630993e+02
   2.1700000e+02   2.3300000e+02  -1.1261986e+02
   2.2100000e+02   7.0000000e+01   1.7523636e+02
   2.2300000e+02   2.3900000e+02   5.3130102e+01
   2.2600000e+02   1.2400000e+02  -1.7053768e+02
   2.2900000e+02   1.1200000e+02  -1.7053768e+02
   2.3300000e+02   6.7000000e+01  -1.6156505e+02
   2.3300000e+02   1.7000000e+02   9.0000000e+01
   2.3500000e+02   8.4000000e+01   2.0556045e+01
   2.3800000e+02   1.1900000e+02   6.7380135e+01
   2.4200000e+02   2.6300000e+02  -1.2928941e+02
   2.4400000e+02   1.8000000e+02  -1.0403624e+02
   2.4500000e+02   7.0000000e+01   3.0256437e+01
   2.4600000e+02   5.2000000e+01   2.2619865e+01
   2.4600000e+02   1.1900000e+02   5.4462322e+01
   2.5800000e+02   1.2100000e+02  -1.3227369e+02
