   7.9000000e+01   7.2000000e+01  -6.8198591e+01
   8.3000000e+01   6.2000000e+01   1.1180141e+02
   8.3000000e+01   2.1400000e+02  -1.1261986e+02
   8.7000000e+01   7.6000000e+01  -7.5963757e+01
   9.4000000e+01   2.1100000e+02  -1.0403624e+02
   1.1400000e+02   1.9700000e+02   7.1565051e+01
   1.2100000e+02   2.0100000e+02   6.5556045e+01
   1.4000000e+02   7.6000000e+01  -5.9743563e+01
   1.4900000e+02   1.1200000e+02   9.0000000e+01
   1.5000000e+02   1.0300000e+02  -7.5963757e+01
   1.5800000e+02   9.2000000e+01   9.0000000e+01
   1.6100000e+02   7.1000000e+01  -2.2619865e+01
   1.6300000e+02   1.9400000e+02   4.8012788e+01
   1.6800000e+02   1.4000000e+02  -9.9462322e+01
   1.7600000e+02   1.1200000e+02   9.0000000e+01
   1.8700000e+02   5.7000000e+01  -1.7053768e+02
   1.8900000e+02   1.3200000e+02   9.0000000e+01
   1.9900000e+02   1.3000000e+02   7.1565051e+01
   2.0200000e+02   1.3900000e+02  -1.0843495e+02
   2.0600000e+02   1.2600000e+02  -1.0843495e+02
   2.1100000e+02   2.0700000e+02  -1.2928941e+02
   2.1600000e+02   2.8000000e+01  -1.4397263e+02
   2.2300000e+02   4.3000000e+01  -1.4446232e+02
   2.2700000e+02   5.0000000e+01   5.7528808e+01
