   1.0700000e+02   1.4500000e+02   9.4763642e+01
   1.0900000e+02   1.3700000e+02  -6.7380135e+01
   1.1600000e+02   1.4400000e+02  -7.8690068e+01
   1.5100000e+02   1.3000000e+02  -7.3300756e+01
   1.5100000e+02   1.7100000e+02   9.0000000e+01
   1.5800000e+02   1.6600000e+02  -9.4763642e+01
   1.6100000e+02   6.7000000e+01   1.3227369e+02
   1.6300000e+02   5.6000000e+01  -2.6565051e+01
   1.7000000e+02   6.0000000e+01  -2.2619865e+01
   1.7100000e+02   1.9600000e+02  -1.1656505e+02
   1.7300000e+02   1.5000000e+02   9.4763642e+01
   1.7500000e+02   1.4000000e+02  -7.1565051e+01
   1.8100000e+02   1.5600000e+02  -7.5963757e+01
   1.8500000e+02   1.1100000e+02  -3.3690068e+01
   1.8600000e+02   9.9000000e+01   1.2369007e+02
   1.8600000e+02   1.8500000e+02  -1.0669924e+02
   1.8800000e+02   1.9300000e+02   7.3300756e+01
   1.9200000e+02   1.7700000e+02  -9.9462322e+01
   1.9300000e+02   9.3000000e+01  -4.7636417e+00
   1.9800000e+02   5.2000000e+01   1.7053768e+02
   2.0100000e+02   1.5300000e+02   9.0000000e+01
   2.0200000e+02   2.0100000e+02   6.3434949e+01
   2.0500000e+02   1.2500000e+02   1.6596376e+02
   2.0800000e+02   1.0400000e+02  -1.7523636e+02
   2.1200000e+02   9.6000000e+01  -1.6156505e+02
   2.1300000e+02   1.6800000e+02   9.0000000e+01
   2.1600000e+02   2.5000000e+01  -1.7523636e+02
   2.2700000e+02   2.4900000e+02  -1.2980557e+02
   2.3400000e+02   2.4300000e+02  -1.2928941e+02
   2.4500000e+02   1.9200000e+02  -1.1656505e+02
