   1.3700000e+02   1.6900000e+02   1.0669924e+02
   1.4000000e+02   1.6100000e+02  -6.0945396e+01
   1.7100000e+02   2.6700000e+02  -8.2874984e+01
   1.8300000e+02   1.4100000e+02   1.2499202e+02
   1.9200000e+02   1.3400000e+02  -3.9805571e+01
   1.9700000e+02   1.7800000e+02   1.1261986e+02
   2.0000000e+02   1.6100000e+02   1.2025644e+02
   2.0100000e+02   2.4200000e+02  -8.0537678e+01
   2.1300000e+02   1.4800000e+02  -3.0256437e+01
   2.3000000e+02   1.1300000e+02   1.5343495e+02
   2.3500000e+02   1.8800000e+02   1.2980557e+02
   2.4500000e+02   2.5900000e+02  -9.9462322e+01
   2.4700000e+02   1.6300000e+02   1.5343495e+02
   2.5100000e+02   1.2200000e+02   1.5738014e+02
   2.5300000e+02   1.1300000e+02   1.7053768e+02
   2.5300000e+02   2.5500000e+02  -9.4763642e+01
   2.5400000e+02   2.6300000e+02   7.1565051e+01
   2.5800000e+02   2.7500000e+02  -1.0843495e+02
   2.5900000e+02   1.2200000e+02   0.0000000e+00
   2.5900000e+02   1.9900000e+02  -4.7636417e+00
   2.7600000e+02   1.9900000e+02  -1.7523636e+02
   2.8700000e+02   1.6900000e+02  -1.6156505e+02
   2.8800000e+02   2.5100000e+02   5.3972627e+01
   2.9600000e+02   2.6200000e+02  -1.2602737e+02
   2.9800000e+02   2.5400000e+02  -1.1180141e+02
   1.7600000e+02   8.1000000e+01   1.4300000e+02
   2.2200000e+02   2.0500000e+02   1.0400000e+02
