   1.3000000e+02   5.7000000e+01  -5.1340192e+01
   1.3800000e+02   2.1000000e+02  -5.9743563e+01
   1.4200000e+02   5.9000000e+01  -6.5556045e+01
   1.6400000e+02   2.0200000e+02  -1.0843495e+02
   1.6500000e+02   1.4900000e+02  -8.0537678e+01
   1.6900000e+02   1.1900000e+02  -7.7471192e+01
   1.7000000e+02   2.0800000e+02   5.3972627e+01
   1.7800000e+02   2.3600000e+02   6.8198591e+01
   1.8700000e+02   2.3300000e+02  -1.4397263e+02
   2.0400000e+02   2.1100000e+02   5.0710593e+01
   2.1300000e+02   2.0800000e+02   4.8012788e+01
   2.2100000e+02   1.6000000e+01   1.3500000e+02
   2.2400000e+02   1.1900000e+02   9.0000000e+01
   2.3200000e+02   1.1500000e+02  -9.0000000e+01
   2.5000000e+02   1.0300000e+02  -7.5963757e+01
   2.5300000e+02   9.1000000e+01   1.0403624e+02
   2.5700000e+02   4.2000000e+01   9.4623222e+00
   2.5900000e+02   7.7000000e+01   1.4500798e+02
   2.6100000e+02   6.2000000e+01   1.5138954e+02
   2.6700000e+02   2.3000000e+01   1.2528808e+01
   2.5300000e+02   6.7000000e+01   1.4900000e+02
