   6.1000000e+01   2.3800000e+02   1.2553768e+02
   7.0000000e+01   1.7400000e+02   1.3251045e+02
   7.2000000e+01   3.2800000e+02   1.3118593e+02
   7.3000000e+01   2.8400000e+02   1.2369007e+02
   8.1000000e+01   1.6700000e+02  -4.2510447e+01
   8.2000000e+01   3.3200000e+02  -7.3300756e+01
   8.4000000e+01   1.0400000e+02   1.4071059e+02
   8.5000000e+01   2.3300000e+02  -4.8366461e+01
   9.3000000e+01   2.2400000e+02   1.3163354e+02
   9.3000000e+01   3.4200000e+02   1.1261986e+02
   9.8000000e+01   1.7300000e+02   1.3227369e+02
   1.0400000e+02   6.3000000e+01  -1.4630993e+02
   1.1900000e+02   2.9900000e+02   1.1656505e+02
   1.2300000e+02   3.5000000e+02   9.9462322e+01
   1.3700000e+02   2.3000000e+02   1.3227369e+02
   1.3800000e+02   2.6900000e+02   1.1656505e+02
   1.4300000e+02   2.6000000e+02  -5.9743563e+01
   1.4500000e+02   3.4100000e+02   9.9462322e+01
   1.4600000e+02   3.5000000e+01  -1.6747119e+02
   1.8000000e+02   1.3500000e+02   0.0000000e+00
   1.9200000e+02   3.5700000e+02   8.0537678e+01
   1.9500000e+02   3.3000000e+01   1.7053768e+02
   1.9800000e+02   1.4900000e+02  -9.4623222e+00
   2.0800000e+02   1.1700000e+02   1.6156505e+02
   2.0800000e+02   2.3000000e+02   1.5343495e+02
   2.1800000e+02   3.3600000e+02   9.0000000e+01
   2.2300000e+02   1.8500000e+02   1.7053768e+02
   2.3300000e+02   2.0800000e+02   1.7523636e+02
   2.3300000e+02   2.8900000e+02   5.3972627e+01
   2.3400000e+02   1.2700000e+02  -4.5000000e+01
   2.3500000e+02   1.5200000e+02   1.7053768e+02
   2.4000000e+02   7.3000000e+01   1.7053768e+02
   2.4200000e+02   2.6500000e+02  -1.5343495e+02
   2.4200000e+02   3.5500000e+02   4.5000000e+01
   2.4300000e+02   2.2100000e+02   1.5255119e+01
   2.5400000e+02   2.2400000e+02  -1.6474488e+02
   2.5500000e+02   2.5300000e+02   4.5000000e+01
   2.6800000e+02   1.0700000e+02  -1.7053768e+02
   9.8000000e+01   1.9100000e+02   1.3500000e+02
   1.1500000e+02   1.0200000e+02   1.3200000e+02
   1.3100000e+02   2.1600000e+02   1.3100000e+02
   1.3400000e+02   5.5000000e+01   1.4600000e+02
   1.3600000e+02   3.8000000e+01  -9.0000000e+01
   1.5700000e+02   1.4200000e+02   1.4900000e+02
   1.6700000e+02   2.7900000e+02   1.1200000e+02
   1.8400000e+02   3.4200000e+02   8.5000000e+01
   2.0900000e+02   1.8000000e+02   1.6100000e+02
   2.1700000e+02   5.0000000e+01   1.6500000e+02
   2.2200000e+02   3.5000000e+01  -5.7000000e+01
   2.2400000e+02   1.9300000e+02   1.6500000e+02
   2.3700000e+02   1.1800000e+02   1.7500000e+02
   2.7200000e+02   7.5000000e+01  -1.6200000e+02
