   1.3100000e+02   1.5600000e+02  -4.1185925e+01
   1.3300000e+02   1.6400000e+02  -3.3690068e+01
   1.6300000e+02   1.4400000e+02   1.4212502e+02
   1.6900000e+02   1.8000000e+02   1.3939871e+02
   1.7000000e+02   1.4000000e+02   0.0000000e+00
   1.9500000e+02   1.7400000e+02   1.4752881e+02
   2.0300000e+02   2.1100000e+02   1.7480557e+02
   2.0400000e+02   1.7300000e+02  -7.1250163e+00
   2.0600000e+02   4.9000000e+01  -1.7523636e+02
   2.1700000e+02   1.0100000e+02   1.7523636e+02
   2.1700000e+02   1.5000000e+02  -1.7053768e+02
   2.1900000e+02   1.9900000e+02  -1.5025512e+02
   2.3100000e+02   1.2900000e+02  -1.7053768e+02
   1.3600000e+02   9.9000000e+01  -3.3000000e+01
   2.0800000e+02   8.3000000e+01   1.7500000e+02
