   1.0800000e+02   1.1500000e+02   1.2369007e+02
   1.0800000e+02   2.9500000e+02   9.4623222e+00
   1.2600000e+02   2.4500000e+02   0.0000000e+00
   1.4000000e+02   3.2700000e+02   9.0000000e+01
   1.5200000e+02   1.0300000e+02  -2.6565051e+01
   1.5700000e+02   5.1000000e+01   1.6156505e+02
   1.6200000e+02   6.5000000e+01   1.6330076e+02
   1.6200000e+02   1.5300000e+02   1.2369007e+02
   2.0500000e+02   3.1700000e+02  -1.6596376e+02
   2.3000000e+02   1.7200000e+02   8.5236358e+01
   2.3200000e+02   6.0000000e+01   2.0556045e+01
   2.4900000e+02   7.8000000e+01  -1.4974356e+02
   2.4900000e+02   2.5100000e+02  -1.6330076e+02
   2.5700000e+02   2.2200000e+02  -1.3198721e+02
   2.6200000e+02   1.0800000e+02  -1.3500000e+02
   2.6900000e+02   2.6500000e+02   5.1340192e+01
   1.6900000e+02   1.2200000e+02   1.6500000e+02
   1.9300000e+02   2.4500000e+02   1.6100000e+02
   2.3800000e+02   1.7500000e+02  -1.0900000e+02
   2.4800000e+02   2.1200000e+02   4.8000000e+01
   2.7200000e+02   1.7400000e+02   6.3000000e+01
