   1.0500000e+02   2.0700000e+02   3.0256437e+01
   1.1300000e+02   1.6600000e+02   8.0537678e+01
   1.2800000e+02   1.6100000e+02   6.7380135e+01
   1.4400000e+02   2.6800000e+02   1.4036243e+01
   1.5900000e+02   2.7100000e+02  -1.7053768e+02
   1.6400000e+02   1.4000000e+02   1.2247119e+02
   1.7300000e+02   8.4000000e+01   0.0000000e+00
   2.0300000e+02   2.6900000e+02   4.7636417e+00
   2.4500000e+02   2.7300000e+02  -1.7053768e+02
   2.5600000e+02   2.5500000e+02  -1.6596376e+02
   2.6500000e+02   1.7400000e+02   5.9036243e+01
