   9.0000000e+01   2.8000000e+02   2.0556045e+01
   9.7000000e+01   3.0300000e+02   9.4623222e+00
   1.0400000e+02   1.9000000e+02   8.0537678e+01
   1.1700000e+02   1.8800000e+02   6.7380135e+01
   1.5300000e+02   1.6900000e+02   1.2369007e+02
   1.8800000e+02   1.6700000e+02   7.5963757e+01
   1.9400000e+02   2.4600000e+02  -2.6565051e+01
   2.0600000e+02   1.5600000e+02   6.3434949e+01
   2.1000000e+02   3.4000000e+01  -1.5944395e+02
   2.2200000e+02   1.8800000e+02   7.5963757e+01
   2.2600000e+02   8.3000000e+01  -1.5738014e+02
   2.2800000e+02   1.3900000e+02   5.0194429e+01
   2.3300000e+02   8.8000000e+01   2.2619865e+01
   2.3300000e+02   1.1200000e+02   3.0256437e+01
   2.4500000e+02   1.2900000e+02  -1.4630993e+02
   2.5200000e+02   1.2500000e+02  -1.4313010e+02
   2.5300000e+02   2.4000000e+02  -1.3500000e+02
   2.6000000e+02   1.3100000e+02   4.2273689e+01
   2.7300000e+02   1.4400000e+02  -1.3772631e+02
   2.7600000e+02   2.3500000e+02  -1.2369007e+02
   2.7900000e+02   2.1400000e+02  -1.2025644e+02
   8.5000000e+01   1.6100000e+02   1.2000000e+02
   1.4400000e+02   1.3200000e+02   1.3700000e+02
   1.5600000e+02   1.5900000e+02   1.4000000e+02
   1.6600000e+02   1.6000000e+02  -1.7600000e+02
   1.9100000e+02   2.6300000e+02   1.6100000e+02
   2.3200000e+02   1.9300000e+02  -1.1300000e+02
   2.4400000e+02   2.3000000e+02   4.8000000e+01
   2.6000000e+02   2.8500000e+02   4.5000000e+01
