   6.6000000e+01   7.2000000e+01  -5.6309932e+01
   7.8000000e+01   2.0000000e+01   1.6869007e+02
   9.7000000e+01   4.6000000e+01   1.3227369e+02
   1.0400000e+02   4.1000000e+01  -3.0256437e+01
   1.3200000e+02   2.4300000e+02   6.3434949e+01
   1.5500000e+02   1.9000000e+01  -4.7636417e+00
   1.6400000e+02   1.7400000e+02   8.5236358e+01
   1.9000000e+02   1.5400000e+02   3.9289407e+01
   1.9000000e+02   3.0500000e+02  -1.8434949e+01
   2.1100000e+02   2.0600000e+02   1.2025644e+02
   2.3100000e+02   1.5000000e+02   3.6869898e+01
   2.3800000e+02   2.5900000e+02  -4.7726311e+01
   2.4900000e+02   1.8200000e+02   1.0843495e+02
   2.7800000e+02   2.9700000e+02   1.4630993e+02
   2.9100000e+02   1.7200000e+02  -1.6156505e+02
   7.1000000e+01   2.5000000e+01  -3.6000000e+01
   8.0000000e+01   9.8000000e+01  -5.4000000e+01
   1.0500000e+02   1.2000000e+02  -5.4000000e+01
   1.3600000e+02   1.4800000e+02   1.0800000e+02
   1.4500000e+02   2.2000000e+01   0.0000000e+00
   1.5600000e+02   4.8000000e+01  -1.0000000e+01
   1.6100000e+02   1.6300000e+02   1.0400000e+02
   1.6200000e+02   2.0900000e+02  -1.6200000e+02
   1.7000000e+02   1.6000000e+02   1.5300000e+02
   1.7300000e+02   1.4900000e+02   1.7000000e+02
   1.7700000e+02   2.6700000e+02   1.8000000e+02
   1.7800000e+02   1.3100000e+02   4.0000000e+00
   2.3100000e+02   9.0000000e+01   1.8000000e+02
   2.4700000e+02   2.1600000e+02   1.1600000e+02
   2.5400000e+02   2.2500000e+02   1.2300000e+02
   2.6400000e+02   1.7100000e+02   3.0000000e+01
   2.7000000e+02   9.4000000e+01  -1.7100000e+02
