   1.0900000e+02   2.4700000e+02  -1.4071059e+02
   1.1000000e+02   1.7300000e+02   1.2369007e+02
   1.1600000e+02   3.0400000e+02   1.4036243e+01
   1.3000000e+02   2.6500000e+02  -1.4752881e+02
   1.4900000e+02   1.9900000e+02   9.0000000e+01
   2.4700000e+02   3.0100000e+02   1.8000000e+02
   2.5000000e+02   3.4500000e+02  -1.7053768e+02
   3.2100000e+02   9.3000000e+01   3.0256437e+01
   1.0400000e+02   2.0100000e+02   1.0400000e+02
   1.2000000e+02   2.7500000e+02  -1.6800000e+02
   1.2900000e+02   1.7000000e+02   1.2900000e+02
   1.4100000e+02   1.7100000e+02   1.0800000e+02
   1.4400000e+02   3.1000000e+01  -5.0000000e+00
   1.6200000e+02   2.8300000e+02  -1.5800000e+02
   1.6600000e+02   1.5900000e+02   1.2000000e+02
   1.7300000e+02   3.1100000e+02  -1.6200000e+02
   1.7500000e+02   1.9200000e+02  -8.6000000e+01
   1.7900000e+02   7.1000000e+01  -6.1000000e+01
   1.9100000e+02   3.8000000e+01   1.5500000e+02
   1.9100000e+02   2.7800000e+02  -1.7600000e+02
   1.9300000e+02   1.4500000e+02   1.3700000e+02
   2.0200000e+02   1.9600000e+02   1.3100000e+02
   2.0300000e+02   1.7500000e+02   1.4600000e+02
   2.0400000e+02   1.8500000e+02   9.9000000e+01
   2.2800000e+02   3.4000000e+01   1.7500000e+02
   2.3000000e+02   1.8300000e+02   5.5000000e+01
   2.3400000e+02   2.1200000e+02   1.1200000e+02
   2.3500000e+02   1.5700000e+02   3.6000000e+01
   2.5900000e+02   2.4000000e+02   1.4600000e+02
   2.6900000e+02   6.8000000e+01  -1.5800000e+02
   2.7400000e+02   3.0400000e+02   1.7500000e+02
   2.9200000e+02   5.7000000e+01   6.3000000e+01
   3.0500000e+02   2.9600000e+02   1.8000000e+01
   3.1200000e+02   1.0300000e+02  -1.4700000e+02
   3.1500000e+02   6.9000000e+01  -1.5000000e+02
   3.1500000e+02   1.8300000e+02  -1.3000000e+02
