   9.7000000e+01   1.8000000e+02   1.2980557e+02
   9.9000000e+01   2.6000000e+02   1.8434949e+01
   1.0600000e+02   2.9000000e+02   2.2619865e+01
   1.1000000e+02   2.9700000e+02   2.4443955e+01
   1.1100000e+02   2.1700000e+02   9.0000000e+01
   1.3500000e+02   2.0300000e+02   9.4763642e+01
   1.6400000e+02   3.5300000e+02  -1.6001689e+02
   1.6600000e+02   3.2000000e+02  -1.5819859e+02
   1.8100000e+02   2.9400000e+02   0.0000000e+00
   2.1000000e+02   3.1900000e+02   0.0000000e+00
   2.1800000e+02   2.6500000e+02  -2.2619865e+01
   2.9800000e+02   2.5500000e+02  -1.2928941e+02
   1.1700000e+02   2.2700000e+02  -9.0000000e+01
   1.1900000e+02   1.7400000e+02  -5.4000000e+01
   1.2700000e+02   5.5000000e+01  -1.9000000e+01
   1.2900000e+02   1.7700000e+02   1.1200000e+02
   1.4900000e+02   2.0000000e+02   9.0000000e+01
   1.5500000e+02   2.7300000e+02  -1.7100000e+02
   1.5800000e+02   1.7600000e+02   1.1200000e+02
   1.6400000e+02   1.8500000e+02   9.0000000e+01
   1.8100000e+02   1.5200000e+02   1.3500000e+02
   1.8400000e+02   1.7300000e+02   1.3200000e+02
   1.9200000e+02   1.8000000e+02   1.4900000e+02
   1.9600000e+02   3.2900000e+02  -1.7600000e+02
   1.9900000e+02   2.0100000e+02   1.2000000e+02
   2.1900000e+02   1.8900000e+02   6.3000000e+01
   2.2200000e+02   3.9000000e+01  -1.7600000e+02
   2.4900000e+02   1.6600000e+02  -1.3300000e+02
   2.6000000e+02   1.5400000e+02  -1.4100000e+02
   2.6400000e+02   3.2800000e+02  -1.7600000e+02
   2.6800000e+02   3.3000000e+01  -1.5800000e+02
   2.8600000e+02   2.2900000e+02  -1.1300000e+02
   2.9700000e+02   1.0400000e+02  -1.5000000e+02
