   8.9000000e+01   9.0000000e+01  -4.2273689e+01
   1.3100000e+02   1.2800000e+02   1.6330076e+02
   1.3400000e+02   2.1000000e+01   1.6474488e+02
   1.4200000e+02   5.8000000e+01   1.7053768e+02
   1.5600000e+02   1.7000000e+02  -9.5194429e+01
   1.5800000e+02   2.0100000e+02  -5.1340192e+01
   2.0800000e+02   2.4200000e+02   1.7053768e+02
   2.2400000e+02   5.2000000e+01  -1.5555605e+02
   2.3100000e+02   5.7000000e+01   2.1801409e+01
   2.3300000e+02   6.7000000e+01  -1.5343495e+02
   2.3400000e+02   1.8900000e+02   4.9398705e+01
   1.0200000e+02   9.7000000e+01   1.3500000e+02
   1.2300000e+02   1.1900000e+02   1.3500000e+02
   1.4700000e+02   1.3700000e+02  -1.7600000e+02
   1.6500000e+02   1.9600000e+02   1.4400000e+02
   1.7400000e+02   1.9000000e+02   1.6300000e+02
   2.2200000e+02   1.5200000e+02  -1.3500000e+02
