   1.0800000e+02   1.8200000e+02   1.1261986e+02
   1.2600000e+02   9.3000000e+01  -4.0601295e+01
   1.6200000e+02   1.1500000e+02   1.4630993e+02
   1.6700000e+02   3.0300000e+02  -1.6596376e+02
   1.7600000e+02   1.7300000e+02   1.4313010e+02
   1.7700000e+02   3.0200000e+02   0.0000000e+00
   1.8800000e+02   4.9000000e+01   1.5738014e+02
   1.9700000e+02   1.2500000e+02   1.8000000e+02
   2.1400000e+02   1.8700000e+02   7.5963757e+01
   2.5600000e+02   2.4500000e+02   1.5343495e+02
   2.7100000e+02   8.4000000e+01  -1.5555605e+02
   2.7800000e+02   8.9000000e+01   3.0256437e+01
   2.7900000e+02   2.4400000e+02  -1.1656505e+02
   2.8200000e+02   1.1100000e+02  -1.5343495e+02
   2.8200000e+02   2.3400000e+02  -9.9462322e+01
   2.8500000e+02   1.2300000e+02  -1.4630993e+02
   1.4900000e+02   1.2800000e+02   1.3500000e+02
   1.5500000e+02   2.3600000e+02  -1.4400000e+02
   1.6400000e+02   1.9500000e+02   1.8000000e+02
   1.7000000e+02   1.5000000e+02   1.3200000e+02
   1.8200000e+02   1.7900000e+02   1.3800000e+02
   2.1900000e+02   2.4600000e+02   1.4200000e+02
   2.3900000e+02   2.2600000e+02   1.2600000e+02
