   1.0800000e+02   1.3400000e+02  -8.5236358e+01
   1.6200000e+02   1.0700000e+02   9.0000000e+01
   1.6400000e+02   9.6000000e+01  -7.5963757e+01
   1.6500000e+02   2.8500000e+02  -1.5025512e+02
   1.7200000e+02   2.3300000e+02   6.0255119e+01
   1.7600000e+02   2.4000000e+02  -1.1974488e+02
   1.7700000e+02   3.0000000e+02   3.6869898e+01
   1.9700000e+02   3.1100000e+02  -1.5343495e+02
   2.0300000e+02   2.6100000e+02  -1.6156505e+02
   2.1500000e+02   2.8300000e+02  -1.7053768e+02
   2.3000000e+02   2.5400000e+02  -1.4630993e+02
   2.4000000e+02   3.5400000e+02   0.0000000e+00
   2.4700000e+02   2.7000000e+02  -1.5343495e+02
   2.5800000e+02   3.1500000e+02  -1.7053768e+02
   2.6600000e+02   2.6400000e+02  -1.4397263e+02
   2.8800000e+02   2.7600000e+02  -1.6156505e+02
   2.8900000e+02   2.5300000e+02  -1.4397263e+02
   2.9400000e+02   3.0800000e+02   2.2619865e+01
   2.9900000e+02   3.1700000e+02  -1.6596376e+02
   3.0400000e+02   1.4800000e+02  -1.1261986e+02
   3.0800000e+02   2.9700000e+02  -1.6596376e+02
   3.1700000e+02   2.6100000e+02  -1.6330076e+02
   3.3900000e+02   9.5000000e+01  -1.0843495e+02
   3.4600000e+02   8.6000000e+01  -1.1261986e+02
   3.4700000e+02   7.0000000e+01  -1.1656505e+02
   3.4700000e+02   1.0500000e+02   5.7528808e+01
   1.1600000e+02   9.0000000e+01   1.1200000e+02
   1.3400000e+02   1.7000000e+01   1.2900000e+02
   1.3700000e+02   1.7800000e+02   7.1000000e+01
   1.4900000e+02   4.4000000e+01   1.2600000e+02
   1.8500000e+02   1.0100000e+02   1.0400000e+02
   1.9100000e+02   6.4000000e+01   1.4100000e+02
   1.9300000e+02   1.1000000e+02   9.9000000e+01
   2.0200000e+02   6.5000000e+01  -1.7600000e+02
   2.0900000e+02   7.2000000e+01   5.1000000e+01
   2.1400000e+02   4.9000000e+01  -1.5400000e+02
   2.9500000e+02   7.4000000e+01  -1.1700000e+02
   3.1300000e+02   3.3600000e+02   9.0000000e+00
   3.4200000e+02   1.4300000e+02  -1.1700000e+02
