   1.2800000e+02   2.1500000e+02  -8.5236358e+01
   1.3000000e+02   1.7800000e+02   9.0000000e+01
   1.3100000e+02   1.6900000e+02  -9.0000000e+01
   1.3700000e+02   3.1600000e+02   6.3434949e+01
   1.4000000e+02   9.0000000e+01  -3.3690068e+01
   1.5700000e+02   7.3000000e+01   1.1656505e+02
   1.6500000e+02   7.3000000e+01  -1.2528808e+01
   1.7000000e+02   1.8400000e+02   1.0843495e+02
   1.8200000e+02   3.5800000e+02   2.8610460e+01
   1.9400000e+02   2.1100000e+02  -9.9462322e+01
   1.9900000e+02   2.2300000e+02   8.0537678e+01
   2.0700000e+02   2.8600000e+02  -1.1261986e+02
   2.1700000e+02   1.7400000e+02   6.5556045e+01
   2.4000000e+02   2.6600000e+02   6.7380135e+01
   2.6400000e+02   2.9600000e+02  -1.2369007e+02
   2.8000000e+02   3.3900000e+02  -1.4630993e+02
   2.8800000e+02   1.3400000e+02   5.9743563e+01
   2.9700000e+02   2.3100000e+02  -1.0843495e+02
   1.8100000e+02   3.0500000e+02   0.0000000e+00
   1.8700000e+02   1.9000000e+02   9.4000000e+01
