   1.3500000e+02   1.7300000e+02   7.9695154e+01
   1.4400000e+02   1.7600000e+02   7.1565051e+01
   1.5600000e+02   2.0400000e+02   5.9743563e+01
   1.7400000e+02   1.7600000e+02  -1.0843495e+02
   1.8400000e+02   1.0300000e+02   6.1389540e+01
   2.1000000e+02   1.9200000e+02   6.7380135e+01
   2.1200000e+02   2.4600000e+02  -1.3227369e+02
   2.2000000e+02   2.5200000e+02   3.0256437e+01
   2.2000000e+02   3.2700000e+02  -1.7053768e+02
   2.4900000e+02   1.1000000e+02  -1.0843495e+02
   2.4900000e+02   2.8700000e+02  -1.6156505e+02
   2.5100000e+02   2.6400000e+02  -1.4313010e+02
   2.5600000e+02   3.1900000e+02   1.8434949e+01
   2.5900000e+02   3.2800000e+02  -1.6596376e+02
   2.6400000e+02   2.6500000e+02  -1.4019443e+02
   2.6700000e+02   2.5700000e+02  -1.4071059e+02
   2.7000000e+02   3.0800000e+02  -1.6596376e+02
   2.7500000e+02   2.6100000e+02   3.6869898e+01
   2.7700000e+02   1.1800000e+02   6.8198591e+01
   2.7900000e+02   9.0000000e+01  -1.1656505e+02
   2.9400000e+02   2.1800000e+02  -1.4071059e+02
   2.9400000e+02   2.5200000e+02  -1.4903624e+02
   2.9500000e+02   1.5800000e+02  -1.1444395e+02
   1.3000000e+02   6.4000000e+01  -4.9000000e+01
   1.6200000e+02   3.4600000e+02   0.0000000e+00
   1.8600000e+02   2.9300000e+02  -1.5400000e+02
   2.6700000e+02   3.3400000e+02   1.7000000e+02
   2.7700000e+02   3.4700000e+02   9.0000000e+00
