   9.9000000e+01   1.0800000e+02  -1.4036243e+01
   1.0700000e+02   1.6400000e+02  -4.5000000e+01
   1.1700000e+02   7.8000000e+01   4.7636417e+00
   1.2200000e+02   2.0300000e+02  -9.9462322e+01
   1.5300000e+02   1.7200000e+02   1.6474488e+02
   1.6700000e+02   2.3400000e+02   5.3972627e+01
   1.7300000e+02   1.2100000e+02   3.5537678e+01
   1.8500000e+02   1.9800000e+02   4.5000000e+01
   1.8800000e+02   2.3500000e+02  -1.3227369e+02
   1.9000000e+02   2.5000000e+01   1.6699244e+01
   1.9000000e+02   2.2500000e+02  -1.3801279e+02
   2.0200000e+02   2.6000000e+02  -1.3163354e+02
   2.1800000e+02   9.8000000e+01   3.3690068e+01
   2.2600000e+02   1.3600000e+02  -1.4630993e+02
   2.4100000e+02   1.7000000e+02  -1.3836646e+02
   2.5200000e+02   2.9200000e+02   2.2619865e+01
   2.5400000e+02   2.5800000e+02  -1.3163354e+02
   2.5400000e+02   2.8400000e+02   0.0000000e+00
   2.8100000e+02   2.1200000e+02  -1.4397263e+02
   2.8700000e+02   1.6600000e+02  -1.4313010e+02
   2.9500000e+02   1.8300000e+02   3.4992020e+01
   3.0500000e+02   2.3600000e+02  -1.5944395e+02
   3.0600000e+02   2.2400000e+02  -1.5025512e+02
   1.4200000e+02   1.7500000e+02   1.3500000e+02
   1.5500000e+02   1.2000000e+02   2.6000000e+01
