   4.1000000e+01   1.4600000e+02  -6.3434949e+01
   4.6000000e+01   1.0600000e+02   1.3836646e+02
   1.2800000e+02   3.1700000e+02  -1.2602737e+02
   1.6600000e+02   6.2000000e+01  -1.3939871e+02
   2.3200000e+02   2.8000000e+01   4.7726311e+01
   2.5500000e+02   2.8600000e+02  -1.5343495e+02
   2.5600000e+02   3.3900000e+02   1.7523636e+02
   2.5700000e+02   3.1900000e+02  -1.6596376e+02
   2.6000000e+02   1.3700000e+02  -1.2369007e+02
   2.7000000e+02   2.2000000e+02  -1.2928941e+02
   2.7400000e+02   1.3200000e+02   5.6309932e+01
   2.8800000e+02   4.9000000e+01   6.7380135e+01
   5.3000000e+01   1.3100000e+02  -5.7000000e+01
   9.2000000e+01   1.0300000e+02   1.3700000e+02
   1.0500000e+02   1.3600000e+02  -3.4000000e+01
   1.1300000e+02   3.5000000e+01   1.7000000e+02
   1.2000000e+02   9.3000000e+01  -1.5000000e+01
   1.2900000e+02   1.3300000e+02   1.4300000e+02
   1.3300000e+02   1.4300000e+02  -1.5000000e+01
   1.3300000e+02   1.5800000e+02   1.2300000e+02
   1.3500000e+02   8.9000000e+01   1.6500000e+02
   1.4000000e+02   1.5200000e+02  -3.4000000e+01
   1.4200000e+02   3.0500000e+02   3.0000000e+01
   1.4300000e+02   8.9000000e+01   9.0000000e+00
   1.4700000e+02   2.4000000e+01  -1.6600000e+02
   1.5300000e+02   2.7700000e+02  -1.2700000e+02
   1.6300000e+02   1.1300000e+02  -1.6600000e+02
   1.9100000e+02   3.6000000e+01   4.5000000e+01
   1.9500000e+02   3.6000000e+02  -1.7100000e+02
   2.0200000e+02   2.2000000e+01   4.2000000e+01
   2.0200000e+02   2.6500000e+02   4.7000000e+01
   2.1000000e+02   6.5000000e+01   5.7000000e+01
   2.1900000e+02   2.9600000e+02   2.6000000e+01
   2.2400000e+02   2.1600000e+02   5.1000000e+01
   2.4200000e+02   1.7100000e+02  -1.4600000e+02
   2.4600000e+02   2.6000000e+02   3.0000000e+01
   2.5000000e+02   3.3000000e+01   4.5000000e+01
   2.5200000e+02   6.6000000e+01   5.0000000e+01
   2.5600000e+02   1.5600000e+02  -1.3000000e+02
   2.5900000e+02   2.7900000e+02  -1.5000000e+02
   2.9200000e+02   6.2000000e+01   3.3000000e+01
