   1.1200000e+02   2.6700000e+02  -1.1656505e+02
   1.5500000e+02   3.2600000e+02  -1.5343495e+02
   1.6200000e+02   3.7000000e+01   9.4623222e+00
   1.6200000e+02   1.5600000e+02  -7.4744881e+01
   1.7900000e+02   3.2300000e+02  -1.5138954e+02
   1.8800000e+02   2.7500000e+02   4.5000000e+01
   1.9500000e+02   2.3900000e+02   5.6309932e+01
   2.0800000e+02   3.2500000e+02  -1.6596376e+02
   2.4100000e+02   2.3800000e+02   4.8012788e+01
   2.5700000e+02   3.5000000e+02   1.8000000e+02
   2.6300000e+02   1.8000000e+01   3.3690068e+01
   2.8900000e+02   2.5800000e+02  -1.4752881e+02
   2.8900000e+02   3.1200000e+02   1.8000000e+02
   2.9300000e+02   2.9100000e+02  -1.6596376e+02
   2.9300000e+02   3.4100000e+02   1.8434949e+01
   2.9500000e+02   1.0400000e+02  -1.2602737e+02
   2.9900000e+02   3.5000000e+02  -1.6596376e+02
   3.0400000e+02   1.9100000e+02  -1.2369007e+02
   3.0800000e+02   1.0200000e+02   5.6309932e+01
   3.1700000e+02   2.9400000e+02  -1.6156505e+02
   3.2500000e+02   2.4500000e+02  -1.4630993e+02
   8.9000000e+01   1.0200000e+02  -5.7000000e+01
   1.0100000e+02   1.3600000e+02   1.1200000e+02
   1.2600000e+02   7.3000000e+01   1.3700000e+02
   1.2700000e+02   1.9400000e+02   1.0100000e+02
   1.3900000e+02   1.0400000e+02  -3.7000000e+01
   1.4300000e+02   2.2300000e+02  -1.1300000e+02
   1.5300000e+02   6.0000000e+01  -5.0000000e+00
   1.5800000e+02   3.4200000e+02   0.0000000e+00
   1.6400000e+02   2.4900000e+02  -1.1700000e+02
   1.6500000e+02   4.8000000e+01   0.0000000e+00
   1.7100000e+02   3.3400000e+02   1.4000000e+01
   2.0100000e+02   2.8000000e+01  -1.6200000e+02
   2.1400000e+02   9.1000000e+01  -1.5000000e+02
   2.2300000e+02   3.0000000e+01  -1.5000000e+02
   2.2400000e+02   7.9000000e+01   4.5000000e+01
   2.2800000e+02   2.1800000e+02  -1.1000000e+02
   2.4200000e+02   3.5800000e+02   1.7000000e+02
   2.6000000e+02   1.8000000e+02   5.5000000e+01
   2.7600000e+02   1.5800000e+02  -1.1300000e+02
   2.9100000e+02   1.2400000e+02  -1.2700000e+02
   2.9300000e+02   2.5000000e+02  -1.4700000e+02
   3.0500000e+02   1.9900000e+02  -1.3900000e+02
   3.2300000e+02   2.9000000e+01   4.5000000e+01
