   1.7100000e+02   1.3400000e+02  -1.0252881e+02
   1.9300000e+02   1.9100000e+02   9.4763642e+01
   2.0900000e+02   2.8200000e+02   5.2125016e+01
   2.1300000e+02   1.4400000e+02   1.6156505e+02
   2.1400000e+02   2.5200000e+02  -1.0843495e+02
   2.2000000e+02   2.1200000e+02  -9.9462322e+01
   2.2500000e+02   2.2500000e+02   7.1565051e+01
   2.3000000e+02   1.1600000e+02   9.0000000e+01
   2.3100000e+02   1.9200000e+02  -1.0843495e+02
   2.3900000e+02   7.5000000e+01   3.9289407e+01
   2.5100000e+02   2.9400000e+02   4.5000000e+01
   2.5900000e+02   3.0200000e+02  -1.3500000e+02
   2.6700000e+02   2.0100000e+02   7.5963757e+01
   2.7700000e+02   1.1500000e+02   5.7528808e+01
   1.7000000e+02   1.1100000e+02  -4.3000000e+01
   2.1300000e+02   1.9200000e+02   9.9000000e+01
