   1.0700000e+02   2.0200000e+02   9.4763642e+01
   1.1100000e+02   1.5600000e+02   9.9462322e+01
   1.2300000e+02   1.8600000e+02  -9.0000000e+01
   1.2400000e+02   2.2300000e+02  -9.0000000e+01
   1.3200000e+02   2.2300000e+02  -9.4763642e+01
   1.4200000e+02   9.0000000e+01   1.1861046e+02
   1.4900000e+02   2.2800000e+02  -1.0843495e+02
   1.5800000e+02   2.2800000e+02  -1.1444395e+02
   1.6000000e+02   2.3600000e+02   7.1565051e+01
   1.6700000e+02   2.2700000e+02  -1.1861046e+02
   1.7000000e+02   5.7000000e+01  -4.5000000e+01
   1.8000000e+02   2.2400000e+02  -1.0843495e+02
   1.8500000e+02   2.1700000e+02   5.7528808e+01
   1.8800000e+02   2.8000000e+01  -4.7636417e+00
   1.8800000e+02   2.3600000e+02   7.1565051e+01
   2.0300000e+02   2.1100000e+02  -1.0403624e+02
   2.1600000e+02   3.5000000e+01  -1.7523636e+02
   2.2300000e+02   1.8800000e+02   8.0537678e+01
   2.2500000e+02   3.7000000e+01   1.1309932e+01
   2.3900000e+02   2.1900000e+02  -1.0843495e+02
   2.4900000e+02   8.9000000e+01  -1.5343495e+02
   2.4900000e+02   1.5400000e+02  -1.1261986e+02
   2.2900000e+02   1.4500000e+02   3.6000000e+01
   2.4900000e+02   1.9200000e+02  -9.8000000e+01
