   1.0800000e+02   1.8800000e+02   9.9462322e+01
   1.1100000e+02   2.1600000e+02  -7.5963757e+01
   1.1300000e+02   1.3200000e+02   1.2025644e+02
   1.1500000e+02   2.2300000e+02   1.0403624e+02
   1.2200000e+02   2.1200000e+02  -8.0537678e+01
   1.2500000e+02   1.2100000e+02   1.1261986e+02
   1.2500000e+02   2.2100000e+02   1.0403624e+02
   1.4800000e+02   1.7900000e+02  -8.0537678e+01
   1.4800000e+02   1.8700000e+02   9.4763642e+01
   1.4800000e+02   3.2500000e+02  -1.3500000e+02
   1.5300000e+02   2.5200000e+02   6.5556045e+01
   1.6200000e+02   2.5300000e+02   6.0255119e+01
   1.6500000e+02   8.1000000e+01   1.2025644e+02
   1.6500000e+02   1.1000000e+02   1.1656505e+02
   1.7200000e+02   7.6000000e+01  -4.5000000e+01
   1.8200000e+02   2.8100000e+02  -1.0843495e+02
   1.8500000e+02   1.1500000e+02   1.1656505e+02
   1.8600000e+02   1.8100000e+02  -8.5236358e+01
   1.9000000e+02   3.3100000e+02  -1.2928941e+02
   1.9200000e+02   7.8000000e+01  -4.5000000e+01
   2.1700000e+02   2.1100000e+02   8.0537678e+01
   2.2100000e+02   2.3500000e+02   5.7528808e+01
   2.3300000e+02   3.1400000e+02  -1.2369007e+02
   2.4900000e+02   2.0200000e+02   7.5963757e+01
   2.5200000e+02   1.5500000e+02   1.6596376e+02
   2.5800000e+02   2.3100000e+02  -1.0843495e+02
   1.3600000e+02   2.5300000e+02  -1.0500000e+02
   1.7200000e+02   2.1500000e+02  -9.0000000e+01
