   1.1200000e+02   1.6000000e+02   9.0000000e+01
   1.1900000e+02   1.3900000e+02   9.0000000e+01
   1.3500000e+02   2.4300000e+02  -1.2369007e+02
   1.4000000e+02   6.0000000e+01   1.1396249e+02
   1.4100000e+02   2.0400000e+02   5.7994617e+01
   1.5000000e+02   2.0400000e+02   6.7380135e+01
   1.6600000e+02   2.0600000e+02   6.3434949e+01
   1.7400000e+02   2.8000000e+02  -1.3772631e+02
   1.9400000e+02   2.8000000e+02  -1.3198721e+02
   1.9700000e+02   1.6200000e+02   8.0537678e+01
   2.0400000e+02   1.8800000e+02   6.3434949e+01
   2.0700000e+02   1.2900000e+02   9.4763642e+01
   2.0900000e+02   1.7900000e+02  -1.0843495e+02
   2.1100000e+02   1.2200000e+02  -5.9743563e+01
   2.1600000e+02   3.0000000e+01   1.6596376e+02
   2.3000000e+02   1.0800000e+02   1.7053768e+02
   2.3100000e+02   2.1600000e+02  -1.2553768e+02
   2.3900000e+02   7.0000000e+01  -1.6156505e+02
   2.4400000e+02   8.3000000e+01  -1.5343495e+02
   2.4800000e+02   1.4700000e+02  -1.1656505e+02
