   1.1900000e+02   2.4400000e+02  -6.9443955e+01
   1.1900000e+02   2.6700000e+02   0.0000000e+00
   1.2200000e+02   2.5900000e+02  -7.5963757e+01
   1.2900000e+02   2.6400000e+02  -8.0537678e+01
   1.3700000e+02   1.9600000e+02   1.4134019e+02
   1.6100000e+02   1.9200000e+02  -5.6309932e+01
   1.6300000e+02   2.0300000e+02   1.2025644e+02
   1.6800000e+02   1.9600000e+02  -5.9743563e+01
   1.7100000e+02   2.0500000e+02   1.2025644e+02
   1.7600000e+02   1.9600000e+02  -5.6309932e+01
   1.7600000e+02   2.5600000e+02   9.9462322e+01
   1.8300000e+02   2.6200000e+02   1.0669924e+02
   1.8700000e+02   2.5500000e+02  -7.5963757e+01
   1.9900000e+02   1.0000000e+02  -2.6565051e+01
   2.0000000e+02   1.1300000e+02   1.4313010e+02
   2.0800000e+02   1.8400000e+02  -5.6309932e+01
   2.1900000e+02   5.0000000e+01  -2.2619865e+01
   2.2000000e+02   1.9600000e+02  -4.8012788e+01
   2.5300000e+02   1.8200000e+02   1.4313010e+02
   2.5600000e+02   8.3000000e+01   1.6156505e+02
   2.7900000e+02   2.1600000e+02   1.8000000e+02
   2.8800000e+02   2.3100000e+02  -1.0030485e+02
   3.1400000e+02   1.7600000e+02  -1.4313010e+02
   3.2100000e+02   1.0000000e+02  -1.6969515e+02
   3.2400000e+02   5.6000000e+01  -1.7365981e+02
   3.2800000e+02   1.0500000e+02  -1.5738014e+02
   1.3600000e+02   1.6800000e+02  -4.5000000e+01
   1.4300000e+02   2.1700000e+02   1.2300000e+02
   1.4800000e+02   1.4400000e+02   1.6100000e+02
   1.5000000e+02   1.9000000e+02   9.0000000e+01
   2.5900000e+02   1.4800000e+02   1.4300000e+02
   3.0500000e+02   3.2000000e+01  -9.0000000e+01
