   1.4800000e+02   2.5400000e+02  -5.9743563e+01
   1.5200000e+02   1.0900000e+02   1.5094540e+02
   1.5400000e+02   3.5500000e+02  -8.5236358e+01
   1.5600000e+02   2.6300000e+02   1.1261986e+02
   1.6400000e+02   3.5000000e+02  -9.0000000e+01
   1.6400000e+02   3.5900000e+02   9.4763642e+01
   1.8000000e+02   3.4700000e+02  -9.0000000e+01
   1.9100000e+02   2.1000000e+02   1.3500000e+02
   1.9200000e+02   9.1000000e+01   9.0000000e+01
   1.9600000e+02   2.5200000e+02   1.1261986e+02
   2.0100000e+02   3.2300000e+02  -9.7125016e+01
   2.1800000e+02   3.2500000e+02  -8.5236358e+01
   2.2000000e+02   2.2200000e+02  -3.6027373e+01
   2.3700000e+02   2.3000000e+02   1.4799462e+02
   2.4900000e+02   3.5500000e+02   8.0537678e+01
   2.5600000e+02   2.3400000e+02   1.4630993e+02
   2.5900000e+02   3.5300000e+02  -9.4763642e+01
   2.8100000e+02   3.0600000e+02   1.4397263e+02
   2.8200000e+02   3.1400000e+02   1.3801279e+02
   2.9200000e+02   1.7200000e+02   1.8000000e+02
   2.9500000e+02   1.8100000e+02  -1.7523636e+02
   3.0000000e+02   2.7200000e+02  -1.5343495e+02
   3.0100000e+02   2.6300000e+02  -1.5138954e+02
   1.3500000e+02   2.9000000e+02   1.1200000e+02
   1.5100000e+02   1.3800000e+02   1.3500000e+02
   1.6300000e+02   1.0800000e+02   1.3200000e+02
   1.7200000e+02   1.1600000e+02   1.4700000e+02
   1.8900000e+02   2.6600000e+02   1.0800000e+02
   3.0100000e+02   2.9700000e+02  -1.5400000e+02
