   1.0800000e+02   2.6000000e+02  -8.5236358e+01
   1.1100000e+02   2.7900000e+02   8.0537678e+01
   1.1200000e+02   1.1900000e+02   1.2686990e+02
   1.1800000e+02   3.3800000e+02  -1.2602737e+02
   1.2900000e+02   8.3000000e+01  -3.6027373e+01
   1.3400000e+02   2.1000000e+02   9.9462322e+01
   1.4200000e+02   1.3300000e+02  -5.9743563e+01
   1.4900000e+02   1.4300000e+02   1.1261986e+02
   1.5500000e+02   2.8500000e+02   7.1565051e+01
   1.5500000e+02   3.1100000e+02   5.9743563e+01
   1.5900000e+02   1.3100000e+02   1.0843495e+02
   1.6600000e+02   2.6400000e+02  -9.4763642e+01
   1.7400000e+02   2.6300000e+02  -9.4763642e+01
   1.7600000e+02   2.7300000e+02   7.5963757e+01
   1.8200000e+02   2.0100000e+02  -9.5194429e+01
   1.8200000e+02   2.6600000e+02  -9.9462322e+01
   1.8500000e+02   8.9000000e+01   1.3772631e+02
   1.8700000e+02   1.3200000e+02   1.1656505e+02
   1.9100000e+02   2.0300000e+02  -9.0000000e+01
   1.9400000e+02   2.5500000e+02   7.5963757e+01
   1.9900000e+02   2.7500000e+02   7.1565051e+01
   2.0200000e+02   1.7700000e+02  -9.5710593e+01
   2.0500000e+02   3.0700000e+02  -1.1261986e+02
   2.0600000e+02   1.3800000e+02   1.1656505e+02
   2.0900000e+02   2.0600000e+02  -8.5236358e+01
   2.2900000e+02   2.8900000e+02  -1.0843495e+02
   2.3200000e+02   7.1000000e+01  -1.8434949e+01
   2.3700000e+02   2.0800000e+02  -6.6037511e+01
   2.3700000e+02   2.1700000e+02   9.0000000e+01
   2.4200000e+02   2.3600000e+02   7.5963757e+01
   1.0800000e+02   1.4300000e+02   1.1600000e+02
   1.1700000e+02   1.4600000e+02   1.0400000e+02
   1.3300000e+02   1.9000000e+02   1.0400000e+02
   1.4100000e+02   2.0100000e+02   9.0000000e+01
   1.4100000e+02   2.1400000e+02   4.5000000e+01
   1.5700000e+02   2.7000000e+02  -9.5000000e+01
   1.6000000e+02   8.0000000e+01   1.2900000e+02
   1.9600000e+02   2.3000000e+02   8.5000000e+01
   2.1400000e+02   2.9000000e+01  -9.0000000e+01
   2.2000000e+02   3.3500000e+02  -1.3000000e+02
   2.3900000e+02   1.5600000e+02   1.2000000e+02
   2.4100000e+02   1.8900000e+02   1.1300000e+02
   2.5100000e+02   2.8700000e+02   4.5000000e+01
