   1.4000000e+02   1.6200000e+02  -7.5963757e+01
   1.4700000e+02   1.0600000e+02   1.2200538e+02
   1.4800000e+02   9.8000000e+01  -7.5963757e+01
   1.4900000e+02   1.5700000e+02  -7.5963757e+01
   1.5100000e+02   1.6700000e+02   9.9462322e+01
   1.5800000e+02   1.5500000e+02  -8.0537678e+01
   1.5900000e+02   2.6800000e+02  -1.4446232e+02
   1.6000000e+02   6.5000000e+01   1.1261986e+02
   1.6000000e+02   1.6600000e+02   9.9462322e+01
   1.6600000e+02   1.0000000e+02   1.0403624e+02
   1.6700000e+02   9.0000000e+01  -7.1565051e+01
   1.6800000e+02   1.5200000e+02  -8.5236358e+01
   1.6800000e+02   1.6300000e+02   9.0000000e+01
   1.7600000e+02   1.5200000e+02  -9.0000000e+01
   1.7600000e+02   1.6200000e+02   8.5236358e+01
   1.7900000e+02   1.8400000e+02  -1.0030485e+02
   1.8300000e+02   1.4800000e+02  -9.0000000e+01
   1.8400000e+02   1.5800000e+02   9.0000000e+01
   1.9500000e+02   1.9600000e+02   6.5556045e+01
   2.1600000e+02   2.2700000e+02  -1.1180141e+02
   2.1700000e+02   1.8800000e+02  -1.1261986e+02
   2.7600000e+02   1.0200000e+02  -1.8434949e+01
   1.4200000e+02   6.4000000e+01   1.0800000e+02
