   1.1000000e+02   1.8700000e+02  -7.5963757e+01
   1.1300000e+02   1.9500000e+02   9.4763642e+01
   1.1900000e+02   1.8300000e+02  -8.5236358e+01
   1.2200000e+02   1.9300000e+02   9.4763642e+01
   1.2200000e+02   2.9700000e+02  -1.4500798e+02
   1.2900000e+02   1.7800000e+02  -9.0000000e+01
   1.2900000e+02   2.9300000e+02  -1.5094540e+02
   1.3400000e+02   2.6100000e+02   5.6309932e+01
   1.4200000e+02   2.2000000e+02   7.1565051e+01
   1.5000000e+02   2.2100000e+02   6.1389540e+01
   1.5800000e+02   2.2000000e+02   6.1389540e+01
   1.5900000e+02   3.7000000e+01   1.1656505e+02
   1.6200000e+02   1.4700000e+02  -9.4763642e+01
   1.7200000e+02   9.5000000e+01  -7.1565051e+01
   1.7900000e+02   2.1100000e+02  -1.1261986e+02
   1.8100000e+02   2.5000000e+02  -1.1261986e+02
   1.8200000e+02   2.2000000e+02   5.9743563e+01
   1.8200000e+02   3.2600000e+02  -1.6001689e+02
   1.9500000e+02   3.8000000e+01  -2.2619865e+01
   2.0600000e+02   1.9100000e+02  -1.0998311e+02
   2.0800000e+02   2.0000000e+02   5.6309932e+01
   2.0800000e+02   2.1400000e+02  -1.2025644e+02
   2.3500000e+02   5.6000000e+01   1.6474488e+02
   2.4400000e+02   9.8000000e+01   1.8000000e+02
   1.3300000e+02   2.2000000e+02  -1.0000000e+02
   1.3500000e+02   2.2800000e+02   6.7000000e+01
   1.4700000e+02   2.3100000e+02  -1.1500000e+02
   1.6800000e+02   1.7400000e+02  -1.0000000e+02
   1.6800000e+02   1.8200000e+02  -9.5000000e+01
   1.6800000e+02   3.4800000e+02  -1.5000000e+02
   1.8200000e+02   1.9500000e+02  -1.0900000e+02
   1.9500000e+02   1.1900000e+02   9.9000000e+01
   2.3700000e+02   1.4200000e+02   1.0400000e+02
