   8.1000000e+01   3.3800000e+02  -2.2619865e+01
   1.0700000e+02   2.2300000e+02   1.2025644e+02
   1.0800000e+02   1.3700000e+02  -5.9743563e+01
   1.1300000e+02   3.1300000e+02  -4.2510447e+01
   1.2100000e+02   1.8200000e+02  -5.9743563e+01
   1.3600000e+02   8.7000000e+01  -4.5000000e+01
   1.4200000e+02   3.4500000e+02  -3.3690068e+01
   1.7000000e+02   3.5600000e+02  -3.3690068e+01
   2.0100000e+02   2.9900000e+02  -5.9743563e+01
   2.0400000e+02   1.8300000e+02   1.2369007e+02
   2.0700000e+02   1.1900000e+02   1.4019443e+02
   2.0700000e+02   2.6200000e+02   1.2369007e+02
   2.1000000e+02   2.5400000e+02  -6.7380135e+01
   2.1200000e+02   7.2000000e+01   1.5738014e+02
   2.1400000e+02   1.1400000e+02  -2.2619865e+01
   2.1500000e+02   3.4400000e+02  -4.2510447e+01
   2.3400000e+02   3.5500000e+02  -4.7726311e+01
   2.3600000e+02   6.5000000e+01  -1.4036243e+01
   2.3700000e+02   3.4300000e+02   1.2980557e+02
   2.5200000e+02   2.7900000e+02   1.0843495e+02
   2.7800000e+02   3.2700000e+02  -7.1565051e+01
   2.8700000e+02   2.5200000e+02  -8.5236358e+01
   2.8700000e+02   2.6000000e+02   9.4763642e+01
   2.9200000e+02   3.3900000e+02   1.1261986e+02
   2.9400000e+02   2.6400000e+02   9.4763642e+01
   2.9600000e+02   2.5300000e+02  -8.5236358e+01
   3.0300000e+02   2.6900000e+02   9.9462322e+01
   3.0400000e+02   2.6000000e+02  -9.0000000e+01
   8.8000000e+01   2.7400000e+02   1.2300000e+02
   1.4000000e+02   3.0000000e+02   1.3700000e+02
   1.6000000e+02   2.5100000e+02   1.1200000e+02
   1.7700000e+02   3.4200000e+02   1.4000000e+02
   2.2600000e+02   1.6300000e+02   1.3200000e+02
   2.3800000e+02   3.2300000e+02   1.3700000e+02
   2.4900000e+02   1.3600000e+02   1.8000000e+01
   2.5800000e+02   1.2600000e+02  -1.7600000e+02
   2.6700000e+02   8.0000000e+01  -1.7100000e+02
   2.6900000e+02   1.2300000e+02   3.3000000e+01
   2.7000000e+02   1.7600000e+02   7.1000000e+01
