   7.6000000e+01   3.2900000e+02  -3.3690068e+01
   8.0000000e+01   2.5800000e+02   1.2928941e+02
   8.0000000e+01   2.9100000e+02   1.4313010e+02
   8.4000000e+01   2.4700000e+02  -5.3130102e+01
   8.6000000e+01   2.2600000e+02  -6.3434949e+01
   8.6000000e+01   2.8200000e+02  -5.0710593e+01
   9.1000000e+01   2.9300000e+02   1.4313010e+02
   9.5000000e+01   2.5600000e+02   1.3198721e+02
   9.6000000e+01   2.4600000e+02  -5.7528808e+01
   9.7000000e+01   2.8300000e+02  -5.3130102e+01
   1.0300000e+02   2.9400000e+02   1.3881407e+02
   1.0500000e+02   2.5600000e+02   1.2247119e+02
   1.0900000e+02   2.8400000e+02  -5.9743563e+01
   1.1400000e+02   3.5600000e+02  -2.6565051e+01
   1.1500000e+02   2.9400000e+02   1.3251045e+02
   1.1900000e+02   2.5200000e+02   1.2369007e+02
   1.1900000e+02   2.8500000e+02  -5.9743563e+01
   1.2300000e+02   2.4000000e+02  -5.9743563e+01
   1.2300000e+02   2.9800000e+02   1.3251045e+02
   1.2800000e+02   2.8800000e+02  -5.6309932e+01
   1.3000000e+02   3.2800000e+02  -5.0194429e+01
   1.3000000e+02   3.5100000e+02  -2.6565051e+01
   1.3100000e+02   1.1600000e+02  -4.5000000e+01
   1.3100000e+02   2.4900000e+02   1.2602737e+02
   1.3400000e+02   2.3900000e+02  -6.7380135e+01
   1.4000000e+02   2.5000000e+02   1.2025644e+02
   1.4200000e+02   2.4200000e+02  -6.3434949e+01
   1.4300000e+02   1.1400000e+02   1.2980557e+02
   1.4300000e+02   2.9900000e+02   1.2980557e+02
   1.4900000e+02   2.5100000e+02   1.1656505e+02
   1.5000000e+02   1.0800000e+02  -3.0256437e+01
   1.5400000e+02   2.4000000e+02  -6.3434949e+01
   1.5700000e+02   1.7400000e+02   1.2369007e+02
   1.6200000e+02   1.1000000e+02   1.4019443e+02
   1.6400000e+02   2.4300000e+02  -7.1565051e+01
   1.6800000e+02   3.3200000e+02  -3.9805571e+01
   1.6900000e+02   1.0500000e+02  -2.2619865e+01
   1.7000000e+02   2.5300000e+02   1.0843495e+02
   1.7100000e+02   1.4200000e+02  -3.6869898e+01
   1.7300000e+02   2.4400000e+02  -6.7380135e+01
   1.8400000e+02   2.4000000e+02  -6.5556045e+01
   1.8800000e+02   3.4400000e+02  -5.0710593e+01
   1.9000000e+02   3.3300000e+02   1.3500000e+02
   1.9600000e+02   2.4500000e+02  -8.0537678e+01
   1.9900000e+02   1.0100000e+02   0.0000000e+00
   2.0000000e+02   1.3400000e+02   1.6596376e+02
   2.0300000e+02   2.5700000e+02   1.1261986e+02
   2.0900000e+02   3.1900000e+02   1.3500000e+02
   2.1300000e+02   1.2300000e+02   1.8434949e+01
   2.1300000e+02   1.4100000e+02   1.8000000e+02
   2.1300000e+02   2.5800000e+02   9.9462322e+01
   2.1300000e+02   3.1100000e+02  -6.1389540e+01
   2.2000000e+02   1.4600000e+02   4.5000000e+01
   2.2000000e+02   3.1800000e+02   1.2369007e+02
   2.2200000e+02   2.6100000e+02   1.0403624e+02
   2.2400000e+02   2.5000000e+02  -8.5236358e+01
   2.2500000e+02   1.3700000e+02  -1.5343495e+02
   2.2500000e+02   3.1000000e+02  -6.8198591e+01
   2.3300000e+02   3.0900000e+02   0.0000000e+00
   2.3800000e+02   3.2200000e+02   1.1656505e+02
   2.4100000e+02   2.4900000e+02   9.4763642e+01
   2.4800000e+02   2.5300000e+02   9.0000000e+01
   2.4900000e+02   2.3900000e+02  -8.0537678e+01
   2.5600000e+02   2.9100000e+02   9.9462322e+01
   2.5700000e+02   2.5600000e+02   9.4763642e+01
   2.5800000e+02   2.4400000e+02  -9.0000000e+01
   1.7300000e+02   3.5900000e+02  -1.9000000e+01
   1.7800000e+02   1.5600000e+02   1.2900000e+02
   1.9100000e+02   3.1100000e+02   1.3500000e+02
