   9.6000000e+01   3.2300000e+02  -9.4623222e+00
   1.0100000e+02   3.1500000e+02   1.6596376e+02
   1.0300000e+02   2.3900000e+02  -4.7489553e+01
   1.0800000e+02   2.4900000e+02   1.4630993e+02
   1.1100000e+02   2.1700000e+02   1.3801279e+02
   1.1300000e+02   2.0800000e+02  -4.5000000e+01
   1.1500000e+02   2.4000000e+02  -4.7489553e+01
   1.1800000e+02   2.5200000e+02   1.4630993e+02
   1.2400000e+02   2.1700000e+02   1.3500000e+02
   1.2600000e+02   2.4100000e+02  -4.7726311e+01
   1.2800000e+02   2.0600000e+02  -5.6309932e+01
   1.2900000e+02   1.3600000e+02  -5.1340192e+01
   1.3200000e+02   2.5200000e+02   1.4397263e+02
   1.3600000e+02   2.1600000e+02   1.2928941e+02
   1.3600000e+02   2.4400000e+02  -5.0710593e+01
   1.3600000e+02   3.5100000e+02   0.0000000e+00
   1.4400000e+02   2.5300000e+02   1.3772631e+02
   1.4800000e+02   2.4400000e+02  -5.3130102e+01
   1.5000000e+02   2.1300000e+02   1.2928941e+02
   1.5100000e+02   2.5700000e+02   1.3748955e+02
   1.5400000e+02   2.0200000e+02  -5.3130102e+01
   1.5400000e+02   3.4200000e+02   1.8000000e+02
   1.5600000e+02   2.4700000e+02  -5.0710593e+01
   1.5600000e+02   2.8600000e+02  -4.5000000e+01
   1.6500000e+02   2.0200000e+02  -5.9743563e+01
   1.7400000e+02   2.0400000e+02  -5.9743563e+01
   1.8200000e+02   2.1200000e+02   1.2602737e+02
   1.8600000e+02   2.0200000e+02  -5.9743563e+01
   1.9300000e+02   1.3900000e+02   1.2686990e+02
   1.9300000e+02   2.9300000e+02  -3.3690068e+01
   1.9600000e+02   2.0500000e+02  -6.7380135e+01
   2.0300000e+02   7.7000000e+01   1.4630993e+02
   2.0400000e+02   2.0800000e+02  -6.3434949e+01
   2.1100000e+02   1.0700000e+02  -3.0256437e+01
   2.1100000e+02   3.0700000e+02  -4.8012788e+01
   2.1400000e+02   2.9600000e+02   1.4019443e+02
   2.1400000e+02   3.3300000e+02  -3.0256437e+01
   2.1600000e+02   2.0400000e+02  -6.1389540e+01
   2.2800000e+02   2.0900000e+02  -8.0537678e+01
   2.3400000e+02   2.2100000e+02   1.1656505e+02
   2.3600000e+02   2.1200000e+02  -7.5963757e+01
   2.4100000e+02   1.0100000e+02   1.6596376e+02
   2.4300000e+02   2.2400000e+02   1.0403624e+02
   2.4400000e+02   2.8600000e+02   1.3251045e+02
   2.4500000e+02   2.1400000e+02  -8.0537678e+01
   2.4900000e+02   2.7900000e+02  -5.9743563e+01
   2.5200000e+02   2.2700000e+02   1.0843495e+02
   2.5400000e+02   2.1700000e+02  -8.0537678e+01
   2.5600000e+02   1.3300000e+02  -1.4630993e+02
   2.6000000e+02   2.3000000e+02   1.0843495e+02
   2.6200000e+02   2.2100000e+02  -8.0537678e+01
   2.6200000e+02   2.9100000e+02   1.2025644e+02
   2.6500000e+02   1.0700000e+02  -1.4974356e+02
   2.6600000e+02   2.6200000e+02  -6.7380135e+01
   2.6700000e+02   2.8300000e+02  -6.5556045e+01
   2.7100000e+02   2.1800000e+02   9.9462322e+01
   2.7100000e+02   2.9500000e+02   1.2025644e+02
   2.8000000e+02   2.2200000e+02   1.0843495e+02
   2.8000000e+02   2.9800000e+02   1.1656505e+02
   2.8300000e+02   2.6100000e+02   1.0403624e+02
   2.8600000e+02   7.8000000e+01   3.0963757e+01
   2.8600000e+02   2.2800000e+02   9.9462322e+01
   2.8800000e+02   2.1600000e+02  -8.0537678e+01
   2.9700000e+02   2.1200000e+02  -8.5236358e+01
   2.9900000e+02   1.7200000e+02  -9.0000000e+01
   2.1500000e+02   1.2300000e+02   1.3500000e+02
   2.1600000e+02   2.7500000e+02   1.3700000e+02
