   5.8000000e+01   2.6000000e+02   5.1944289e+00
   7.3000000e+01   3.3000000e+02  -1.3500000e+02
   8.4000000e+01   2.7400000e+02   1.4036243e+01
   8.5000000e+01   1.5700000e+02   1.5738014e+02
   9.1000000e+01   2.1100000e+02  -1.4036243e+01
   1.1700000e+02   2.9500000e+02  -1.6156505e+02
   1.2600000e+02   2.1500000e+02  -2.2619865e+01
   1.3300000e+02   3.2000000e+02  -1.6156505e+02
   1.3400000e+02   1.8400000e+02   1.5343495e+02
   1.3500000e+02   1.3800000e+02   1.4974356e+02
   1.4000000e+02   1.7800000e+02  -3.3690068e+01
   1.5300000e+02   3.8000000e+01  -3.9289407e+01
   1.5800000e+02   2.3500000e+02  -1.8434949e+01
   1.6900000e+02   2.5400000e+02  -2.6565051e+01
   1.7800000e+02   2.4400000e+02   1.5343495e+02
   1.8900000e+02   3.2000000e+02  -2.9744881e+01
   2.1200000e+02   8.3000000e+01   1.4313010e+02
   2.1200000e+02   3.3100000e+02  -1.6596376e+02
   2.1600000e+02   1.8900000e+02   1.2980557e+02
   2.2000000e+02   3.2700000e+02  -1.4036243e+01
   2.2700000e+02   3.1700000e+02  -2.6565051e+01
   2.5100000e+02   2.1600000e+02   1.2369007e+02
   2.6000000e+02   9.1000000e+01  -1.7523636e+02
   2.6900000e+02   5.9000000e+01  -1.7523636e+02
   2.7600000e+02   2.2900000e+02   1.0403624e+02
   2.8200000e+02   5.1000000e+01   4.2273689e+01
   2.8200000e+02   2.2200000e+02  -6.3434949e+01
   3.1300000e+02   1.2500000e+02  -7.5963757e+01
   3.1300000e+02   1.9100000e+02   1.1261986e+02
   3.1500000e+02   2.0400000e+02   9.9462322e+01
   1.1400000e+02   3.3900000e+02  -1.7300000e+02
   1.3900000e+02   3.1200000e+02  -1.5000000e+02
   1.5700000e+02   3.2400000e+02  -1.5800000e+02
   1.8100000e+02   1.5800000e+02  -2.7000000e+01
   1.8600000e+02   2.2400000e+02   1.5700000e+02
   2.3100000e+02   2.3100000e+02   1.2900000e+02
   2.4200000e+02   5.0000000e+01  -2.7000000e+01
   2.4200000e+02   6.0000000e+01  -1.0000000e+01
   2.7500000e+02   1.0100000e+02  -1.1700000e+02
