   1.2200000e+02   2.9400000e+02  -3.6869898e+01
   1.3900000e+02   1.4100000e+02  -6.3434949e+01
   1.8400000e+02   2.8800000e+02  -4.5000000e+01
   1.9500000e+02   1.3800000e+02   1.1656505e+02
   2.0800000e+02   3.0900000e+02  -1.8434949e+01
   2.1400000e+02   3.4000000e+02  -1.4036243e+01
   2.1500000e+02   2.9100000e+02  -3.9805571e+01
   2.5500000e+02   3.4200000e+02   1.7523636e+02
   2.6900000e+02   1.6000000e+01   1.7053768e+02
   2.7000000e+02   3.1300000e+02   1.6869007e+02
   2.7100000e+02   7.1000000e+01   9.4623222e+00
   2.8100000e+02   2.8400000e+02  -5.3130102e+01
   2.8200000e+02   3.5700000e+02   1.7523636e+02
   2.8300000e+02   2.7300000e+02   1.3251045e+02
   2.8900000e+02   3.1200000e+02  -3.6869898e+01
   2.9100000e+02   3.5100000e+02   0.0000000e+00
   3.4000000e+02   2.2500000e+02   9.4763642e+01
   3.6200000e+02   2.6800000e+02  -8.0537678e+01
   3.6200000e+02   2.7600000e+02   1.0843495e+02
   1.1200000e+02   3.1000000e+02  -3.5000000e+01
   1.3300000e+02   9.5000000e+01  -6.2000000e+01
   1.4100000e+02   3.4600000e+02   1.4900000e+02
   1.4900000e+02   3.4000000e+02  -1.9000000e+01
   1.5900000e+02   2.7600000e+02   1.4000000e+02
   1.6600000e+02   2.6900000e+02  -4.3000000e+01
   2.1300000e+02   3.3100000e+02   1.6100000e+02
   2.1400000e+02   3.6000000e+02   0.0000000e+00
   2.1500000e+02   1.1300000e+02   1.2000000e+02
   2.2000000e+02   1.5600000e+02   9.9000000e+01
   2.2100000e+02   1.2100000e+02   1.2600000e+02
   2.2200000e+02   2.7600000e+02   1.3700000e+02
   2.3900000e+02   2.0100000e+02   1.1600000e+02
   2.6500000e+02   8.8000000e+01   0.0000000e+00
   2.8000000e+02   2.5300000e+02   1.3200000e+02
   2.8200000e+02   2.4000000e+01   1.8000000e+02
   2.8600000e+02   2.0500000e+02   1.0800000e+02
   2.8800000e+02   6.5000000e+01   3.0000000e+01
   2.8800000e+02   1.2300000e+02  -1.4400000e+02
   2.9300000e+02   1.1400000e+02   5.6000000e+01
   3.1800000e+02   2.8900000e+02   1.4300000e+02
   3.2400000e+02   7.9000000e+01  -1.3800000e+02
