   7.3000000e+01   2.1200000e+02  -6.7380135e+01
   9.0000000e+01   3.4600000e+02  -5.3130102e+01
   1.5700000e+02   8.6000000e+01   1.5343495e+02
   1.6600000e+02   1.6300000e+02  -4.5000000e+01
   1.7700000e+02   7.7000000e+01  -1.4036243e+01
   1.9500000e+02   1.5100000e+02   1.5738014e+02
   2.0000000e+02   1.3900000e+02   9.4623222e+00
   2.1500000e+02   3.5700000e+02   1.2025644e+02
   2.6500000e+02   2.9400000e+02   9.0000000e+01
   2.8100000e+02   3.3400000e+02  -8.5236358e+01
   3.0700000e+02   3.5600000e+02   9.0000000e+01
   3.1000000e+02   2.4500000e+02   7.5963757e+01
   8.6000000e+01   2.0400000e+02   1.2300000e+02
   8.9000000e+01   3.0800000e+02   1.1600000e+02
   1.0000000e+02   2.1600000e+02   1.0800000e+02
   1.0400000e+02   2.0700000e+02   1.0800000e+02
   1.1100000e+02   1.6500000e+02   1.1200000e+02
   1.1400000e+02   2.3100000e+02   1.0800000e+02
   1.2300000e+02   2.7500000e+02  -9.0000000e+01
   1.3300000e+02   2.7800000e+02   1.1800000e+02
   1.3400000e+02   1.7300000e+02   1.1600000e+02
   1.4400000e+02   2.7400000e+02   1.0400000e+02
   1.5300000e+02   3.4900000e+02   1.1600000e+02
   1.6900000e+02   3.3700000e+02   1.1600000e+02
   1.7100000e+02   2.8100000e+02   1.1200000e+02
   1.7600000e+02   1.7600000e+02   1.2600000e+02
   1.7700000e+02   1.8800000e+02   1.1200000e+02
   1.8600000e+02   2.1300000e+02   1.1600000e+02
   1.9100000e+02   1.8900000e+02  -9.0000000e+01
   2.1200000e+02   3.3600000e+02  -6.0000000e+01
   2.2200000e+02   2.3300000e+02  -1.0000000e+02
   2.4300000e+02   2.6500000e+02  -1.0000000e+02
   2.4900000e+02   3.0000000e+02   9.4000000e+01
   2.5100000e+02   1.4400000e+02  -1.3800000e+02
   2.5100000e+02   2.7000000e+02   9.0000000e+01
   2.6300000e+02   3.5800000e+02   1.0800000e+02
   2.7300000e+02   2.2100000e+02  -1.0500000e+02
   2.7500000e+02   1.1200000e+02   3.6000000e+01
   2.8600000e+02   3.6000000e+02  -7.6000000e+01
   2.9900000e+02   2.9600000e+02  -9.5000000e+01
   3.0700000e+02   2.9600000e+02  -1.5900000e+02
   3.3100000e+02   3.3800000e+02  -1.0900000e+02
