   7.8000000e+01   3.1700000e+02  -7.5963757e+01
   8.4000000e+01   3.0200000e+02   1.1444395e+02
   9.1000000e+01   2.2100000e+02   1.1656505e+02
   9.6000000e+01   2.9300000e+02  -8.0537678e+01
   9.7000000e+01   1.6500000e+02   1.2602737e+02
   1.0400000e+02   2.9400000e+02  -7.1565051e+01
   1.2600000e+02   3.0100000e+02   9.7125016e+01
   1.3600000e+02   3.0200000e+02   1.0130993e+02
   1.3700000e+02   2.9000000e+02  -8.5236358e+01
   1.4300000e+02   3.3100000e+02   9.6340192e+01
   1.4500000e+02   3.0400000e+02   9.0000000e+01
   1.4600000e+02   2.9200000e+02  -8.5236358e+01
   1.5500000e+02   2.9500000e+02  -9.0000000e+01
   1.6300000e+02   3.0800000e+02   9.4763642e+01
   1.6400000e+02   2.8600000e+02   8.5236358e+01
   1.6500000e+02   2.9900000e+02  -9.4763642e+01
   1.7200000e+02   2.8100000e+02  -9.0000000e+01
   1.7200000e+02   2.9300000e+02   8.5236358e+01
   1.8000000e+02   2.9600000e+02   8.5236358e+01
   1.8100000e+02   3.4900000e+02  -8.0537678e+01
   1.8200000e+02   2.7500000e+02  -1.0130993e+02
   1.8200000e+02   2.8300000e+02  -9.4763642e+01
   1.9000000e+02   2.2200000e+02   7.5963757e+01
   1.9000000e+02   2.8700000e+02  -9.0000000e+01
   1.9000000e+02   2.9900000e+02   9.4763642e+01
   1.9700000e+02   2.7900000e+02   7.8690068e+01
   1.0300000e+02   2.3400000e+02   1.0800000e+02
