   8.5000000e+01   2.0900000e+02  -6.7380135e+01
   9.1000000e+01   2.5800000e+02   1.2499202e+02
   9.3000000e+01   2.9800000e+02   1.2928941e+02
   9.4000000e+01   2.8900000e+02  -5.7528808e+01
   1.0000000e+02   1.3500000e+02   1.2025644e+02
   1.0200000e+02   2.9800000e+02   1.2369007e+02
   1.0500000e+02   2.5200000e+02   1.2602737e+02
   1.0600000e+02   2.8700000e+02  -6.1389540e+01
   1.1200000e+02   1.8100000e+02  -5.9743563e+01
   1.1300000e+02   2.9700000e+02   1.2369007e+02
   1.1700000e+02   2.8700000e+02  -6.3434949e+01
   1.2700000e+02   2.3700000e+02  -7.5963757e+01
   1.3000000e+02   1.7600000e+02   1.1656505e+02
   1.3400000e+02   1.0400000e+02   1.3801279e+02
   1.3400000e+02   2.4800000e+02   1.1261986e+02
   1.3500000e+02   2.3800000e+02  -6.7380135e+01
   1.4600000e+02   2.4000000e+02  -7.5963757e+01
   1.5400000e+02   2.4800000e+02   9.9462322e+01
   1.5500000e+02   2.3900000e+02  -7.5963757e+01
   1.7600000e+02   2.4700000e+02   9.0000000e+01
   1.8700000e+02   2.4800000e+02   1.0669924e+02
   1.9400000e+02   2.7800000e+02   1.0843495e+02
   2.0500000e+02   2.5200000e+02   9.9462322e+01
   2.0600000e+02   2.4200000e+02  -9.4763642e+01
   2.1200000e+02   9.3000000e+01  -1.5738014e+02
   2.1800000e+02   3.1300000e+02   1.1261986e+02
   2.2000000e+02   3.0500000e+02  -7.1565051e+01
   2.2100000e+02   1.3600000e+02   6.7380135e+01
   2.2200000e+02   2.2800000e+02  -9.0000000e+01
   2.2300000e+02   2.3900000e+02   9.0000000e+01
   2.2600000e+02   3.1500000e+02   1.0843495e+02
   2.3000000e+02   3.0600000e+02  -8.0537678e+01
   2.3100000e+02   2.2900000e+02  -8.5236358e+01
   2.3100000e+02   2.4300000e+02   9.0000000e+01
   2.3600000e+02   3.1700000e+02   1.1261986e+02
   2.3900000e+02   2.4400000e+02   9.0000000e+01
   2.3900000e+02   3.0700000e+02  -8.5236358e+01
   2.4000000e+02   2.3400000e+02  -9.4763642e+01
   2.4400000e+02   3.1800000e+02   9.4763642e+01
   2.4800000e+02   3.1100000e+02  -8.5236358e+01
   2.5600000e+02   2.6700000e+02   7.8690068e+01
   2.5600000e+02   3.2200000e+02   1.0843495e+02
   2.5700000e+02   2.4500000e+02  -9.4763642e+01
   2.5700000e+02   3.1000000e+02  -8.5236358e+01
   2.6400000e+02   2.7100000e+02   7.5963757e+01
   2.6500000e+02   3.2200000e+02   9.9462322e+01
   1.2500000e+02   1.5600000e+02   1.2000000e+02
   1.5100000e+02   1.6600000e+02   1.1200000e+02
   1.7800000e+02   3.0800000e+02   1.3100000e+02
   2.0500000e+02   2.1700000e+02   9.0000000e+01
   2.2500000e+02   3.4400000e+02   1.2400000e+02
