   1.1600000e+02   1.9200000e+02  -6.5556045e+01
   1.3600000e+02   2.4700000e+02  -5.7528808e+01
   1.4500000e+02   1.6200000e+02  -5.9743563e+01
   1.4700000e+02   2.3000000e+02   1.2602737e+02
   1.4900000e+02   2.2200000e+02  -5.9743563e+01
   1.5300000e+02   2.6800000e+02  -5.0194429e+01
   1.5700000e+02   2.3000000e+02   1.2247119e+02
   1.5800000e+02   2.2200000e+02  -6.0945396e+01
   1.6800000e+02   2.6500000e+02   1.3801279e+02
   1.6900000e+02   2.4300000e+02   1.1656505e+02
   1.7300000e+02   2.5200000e+02  -6.3434949e+01
   1.8100000e+02   1.7500000e+02  -3.9289407e+01
   1.8200000e+02   2.7600000e+02  -4.7726311e+01
   1.8600000e+02   2.2600000e+02  -6.3434949e+01
   1.8900000e+02   1.7300000e+02   1.3500000e+02
   1.8900000e+02   2.5400000e+02  -5.9743563e+01
   1.9600000e+02   1.2300000e+02  -2.6565051e+01
   1.9800000e+02   2.9300000e+02  -2.2619865e+01
   1.9900000e+02   1.7000000e+02  -9.4623222e+00
   2.0200000e+02   1.8700000e+02   2.4443955e+01
   2.0600000e+02   2.6500000e+02   1.4134019e+02
   2.1000000e+02   2.5700000e+02  -4.1987212e+01
   2.1200000e+02   1.4100000e+02  -4.7636417e+00
   2.2700000e+02   3.0600000e+02   4.7636417e+00
   2.3000000e+02   2.4300000e+02  -1.4397263e+02
   2.3300000e+02   2.9400000e+02   1.4036243e+01
   2.3800000e+02   2.7200000e+02   2.2619865e+01
   2.5200000e+02   5.8000000e+01  -1.5138954e+02
   2.5200000e+02   1.3200000e+02  -1.2980557e+02
   2.5600000e+02   2.3200000e+02  -1.2025644e+02
   2.5700000e+02   1.3900000e+02   6.7380135e+01
   2.7000000e+02   1.4600000e+02  -1.1861046e+02
   1.3600000e+02   2.5600000e+02  -4.5000000e+01
   2.2200000e+02   1.2700000e+02   3.6000000e+01
   2.3400000e+02   6.6000000e+01   2.6000000e+01
   2.4200000e+02   1.1900000e+02   5.3000000e+01
   2.4400000e+02   2.1000000e+02   5.9000000e+01
