   1.2700000e+02   1.0500000e+02  -6.3434949e+01
   1.3700000e+02   1.6900000e+02   1.1261986e+02
   1.3800000e+02   1.6100000e+02  -5.9743563e+01
   1.4600000e+02   7.4000000e+01  -5.9743563e+01
   1.5700000e+02   1.4400000e+02   1.2025644e+02
   1.5900000e+02   1.3500000e+02  -6.3434949e+01
   1.8900000e+02   1.6900000e+02  -5.7528808e+01
   1.9700000e+02   8.3000000e+01  -1.4036243e+01
   2.0300000e+02   9.9000000e+01   3.0256437e+01
   2.0700000e+02   2.5600000e+02   0.0000000e+00
   2.1300000e+02   5.2000000e+01   4.7636417e+00
   2.3000000e+02   2.1800000e+02   0.0000000e+00
   2.3200000e+02   1.5600000e+02  -1.4752881e+02
   2.3500000e+02   1.7900000e+02  -1.6869007e+02
   1.1800000e+02   3.1200000e+02   4.0000000e+00
   1.4200000e+02   2.3200000e+02   1.7000000e+02
   1.9300000e+02   2.8000000e+02  -1.7600000e+02
   2.1600000e+02   2.7000000e+02   1.8000000e+02
