   5.7000000e+01   9.1000000e+01  -8.5236358e+01
   5.8000000e+01   9.9000000e+01   8.5236358e+01
   1.1800000e+02   2.0700000e+02  -9.4763642e+01
   1.2600000e+02   8.3000000e+01  -5.5007980e+01
   1.3900000e+02   6.6000000e+01   1.3836646e+02
   1.5900000e+02   5.2000000e+01   1.8000000e+02
   1.7300000e+02   2.1700000e+02  -7.9695154e+01
   1.8500000e+02   2.4400000e+02  -6.1389540e+01
   1.8800000e+02   2.9500000e+02   1.4071059e+02
   1.8900000e+02   1.9700000e+02   7.5963757e+01
   1.9100000e+02   2.5100000e+02  -6.3434949e+01
   2.2100000e+02   7.2000000e+01  -1.4397263e+02
   2.2900000e+02   3.4800000e+02   1.5343495e+02
   2.3000000e+02   8.7000000e+01  -1.4630993e+02
   1.1300000e+02   7.2000000e+01   1.0800000e+02
   1.2700000e+02   1.5200000e+02  -1.0000000e+02
   1.3800000e+02   2.3700000e+02  -9.0000000e+01
   1.3900000e+02   2.1800000e+02  -9.6000000e+01
   1.5000000e+02   1.3800000e+02  -1.1200000e+02
   1.5200000e+02   2.6100000e+02  -6.2000000e+01
   1.6500000e+02   1.1200000e+02  -9.0000000e+01
