   9.4000000e+01   1.9900000e+02  -5.3130102e+01
   1.1300000e+02   1.8100000e+02  -3.6869898e+01
   1.5000000e+02   3.5100000e+02   1.2025644e+02
   1.5200000e+02   3.4300000e+02  -6.1389540e+01
   1.7700000e+02   1.8400000e+02   1.6156505e+02
   1.7800000e+02   2.5000000e+02  -1.8434949e+01
   2.1900000e+02   1.5300000e+02   4.7636417e+00
   2.2000000e+02   3.4900000e+02  -1.2247119e+02
   2.4500000e+02   1.6700000e+02  -1.5738014e+02
   2.7700000e+02   2.2500000e+02  -1.2787498e+02
   1.7300000e+02   2.0000000e+02   1.5100000e+02
   2.4600000e+02   2.6600000e+02  -1.3500000e+02
