   9.7000000e+01   1.9200000e+02  -6.3434949e+01
   1.1000000e+02   2.8000000e+01   1.3198721e+02
   1.1100000e+02   2.5200000e+02   1.4752881e+02
   1.3200000e+02   3.1300000e+02   5.1944289e+00
   1.3300000e+02   1.6000000e+02  -5.7528808e+01
   1.3600000e+02   1.4700000e+02  -5.9743563e+01
   1.4100000e+02   9.9000000e+01  -6.3434949e+01
   1.4200000e+02   2.1600000e+02  -5.4462322e+01
   1.7100000e+02   1.6300000e+02   1.2499202e+02
   1.7600000e+02   1.5100000e+02  -6.0945396e+01
   1.9200000e+02   2.9000000e+01   1.5738014e+02
   1.9400000e+02   9.6000000e+01  -1.8434949e+01
   2.1600000e+02   9.9000000e+01   1.8000000e+02
   2.2000000e+02   4.1000000e+01   1.6596376e+02
   2.3500000e+02   1.8100000e+02  -1.1261986e+02
   2.4400000e+02   1.3000000e+02  -1.2247119e+02
   2.5000000e+02   1.0600000e+02   7.0016893e+01
   2.6500000e+02   2.2700000e+02  -1.3227369e+02
   2.7200000e+02   2.0900000e+02  -1.1656505e+02
   1.1500000e+02   1.6000000e+02   1.2000000e+02
   1.4800000e+02   1.1300000e+02   1.2000000e+02
   1.5600000e+02   1.3800000e+02   1.2000000e+02
   1.5700000e+02   1.0000000e+02   1.2200000e+02
   1.7800000e+02   1.0100000e+02   1.3100000e+02
   2.3200000e+02   3.9000000e+01   2.2000000e+01
   2.4900000e+02   2.5400000e+02   0.0000000e+00
   2.5800000e+02   1.4600000e+02  -1.1700000e+02
