   7.0000000e+01   1.0000000e+02  -6.3434949e+01
   8.3000000e+01   2.1300000e+02  -1.4036243e+01
   1.0900000e+02   1.7600000e+02   1.3772631e+02
   1.2200000e+02   5.1000000e+01  -5.7528808e+01
   2.3200000e+02   7.5000000e+01  -1.2980557e+02
   2.5900000e+02   1.6900000e+02  -1.2928941e+02
   7.6000000e+01   1.3200000e+02   1.2000000e+02
   1.2800000e+02   1.5700000e+02   1.2900000e+02
   1.3500000e+02   2.2800000e+02   1.7000000e+02
   1.5600000e+02   1.6100000e+02   1.1600000e+02
   1.6400000e+02   1.3100000e+02   1.2000000e+02
   1.6400000e+02   2.7500000e+02  -1.7100000e+02
   2.0500000e+02   5.3000000e+01   2.6000000e+01
   2.2000000e+02   8.5000000e+01  -1.4400000e+02
   2.2800000e+02   9.8000000e+01   6.3000000e+01
   2.4900000e+02   1.3700000e+02  -1.2100000e+02
   2.5400000e+02   4.6000000e+01  -1.2400000e+02
