   8.5000000e+01   1.4400000e+02  -3.9805571e+01
   9.1000000e+01   1.9200000e+02  -5.3972627e+01
   1.2700000e+02   1.0400000e+02  -7.4054604e+01
   1.4900000e+02   6.1000000e+01   1.7523636e+02
   1.5900000e+02   2.5000000e+01   1.7053768e+02
   1.8200000e+02   1.2700000e+02  -1.7523636e+02
   2.1100000e+02   3.8000000e+01   1.7523636e+02
   2.5700000e+02   1.3100000e+02  -1.5738014e+02
   2.6400000e+02   1.3500000e+02   3.3690068e+01
   2.7100000e+02   1.6700000e+02   5.3130102e+01
   9.5000000e+01   2.1400000e+02   1.2300000e+02
   1.0200000e+02   1.4100000e+02   1.4000000e+02
   1.3300000e+02   9.7000000e+01  -2.3000000e+01
   1.3400000e+02   1.6200000e+02  -3.7000000e+01
   1.4700000e+02   2.5300000e+02  -7.1000000e+01
   1.5100000e+02   9.1000000e+01   1.7000000e+02
   1.5900000e+02   2.5300000e+02   4.2000000e+01
   1.9800000e+02   1.1600000e+02   1.8000000e+01
   2.1400000e+02   2.6300000e+02  -1.5000000e+02
   2.3800000e+02   2.5000000e+02   3.8000000e+01
   2.4800000e+02   2.5600000e+02  -1.5000000e+02
   2.7000000e+02   1.4900000e+02  -1.4800000e+02
