   1.3800000e+02   1.6100000e+02  -6.3434949e+01
   2.0000000e+02   9.0000000e+01   1.2247119e+02
   2.9900000e+02   1.6100000e+02  -1.4630993e+02
   1.1500000e+02   1.2000000e+02  -5.6000000e+01
   1.1600000e+02   1.6400000e+02   1.2300000e+02
   1.2100000e+02   1.9000000e+01  -4.5000000e+01
   1.4100000e+02   2.4000000e+01   1.3700000e+02
   1.4100000e+02   1.2100000e+02   1.1600000e+02
   1.4400000e+02   2.3100000e+02  -1.9000000e+01
   1.4800000e+02   6.6000000e+01   1.2300000e+02
   1.5800000e+02   2.1000000e+01   1.4300000e+02
   1.6500000e+02   5.6000000e+01   1.3500000e+02
   2.2100000e+02   2.2300000e+02   1.7000000e+02
   2.6200000e+02   2.0100000e+02   0.0000000e+00
   2.7600000e+02   2.7000000e+01  -1.5400000e+02
   2.8200000e+02   2.1200000e+02  -5.0000000e+00
   2.9700000e+02   1.2100000e+02   5.0000000e+01
   3.0000000e+02   1.9100000e+02   1.8000000e+02
