   9.0000000e+01   2.2600000e+02  -5.6309932e+01
   1.7400000e+02   9.3000000e+01  -1.6869007e+02
   1.2400000e+02   2.0800000e+02   1.2900000e+02
   1.2600000e+02   2.1900000e+02   1.2600000e+02
   1.3600000e+02   2.0700000e+02   1.2900000e+02
   1.5600000e+02   2.9200000e+02   3.9000000e+01
   1.6700000e+02   1.4200000e+02   1.8000000e+02
   1.6700000e+02   3.4700000e+02   1.8000000e+02
   2.4000000e+02   1.9000000e+02  -1.4700000e+02
   2.4200000e+02   2.3000000e+02   4.5000000e+01
   2.4600000e+02   3.1700000e+02  -1.6200000e+02
   2.5000000e+02   2.7600000e+02   3.0000000e+01
   2.5700000e+02   3.6000000e+02   2.1000000e+01
   2.6500000e+02   2.7100000e+02   3.9000000e+01
   2.6600000e+02   3.5100000e+02   1.7000000e+02
