   9.4000000e+01   2.6300000e+02  -1.5738014e+02
   1.0700000e+02   2.6800000e+02   9.4623222e+00
   1.8200000e+02   5.5000000e+01  -1.7428941e+02
   8.4000000e+01   2.4700000e+02   1.8000000e+02
   8.6000000e+01   1.8000000e+02   0.0000000e+00
   9.8000000e+01   2.4200000e+02   2.6000000e+01
   1.0300000e+02   2.2200000e+02   2.6000000e+01
   1.6600000e+02   7.9000000e+01   1.6100000e+02
   1.8000000e+02   3.2000000e+02  -1.6600000e+02
   1.8300000e+02   3.9000000e+01   1.8000000e+02
   2.0300000e+02   2.6700000e+02  -1.5800000e+02
   2.3800000e+02   2.9100000e+02  -1.4100000e+02
   2.4600000e+02   2.7300000e+02  -1.4400000e+02
   2.6200000e+02   2.5900000e+02   9.0000000e+01
   2.6300000e+02   1.0700000e+02  -1.2100000e+02
   2.8200000e+02   2.2000000e+02  -1.0500000e+02
   2.8300000e+02   3.0000000e+01  -1.4400000e+02
   3.0000000e+02   1.9400000e+02  -1.0000000e+02
   3.0700000e+02   6.6000000e+01  -1.3300000e+02
