   9.9000000e+01   1.7300000e+02   1.1261986e+02
   1.7300000e+02   3.1600000e+02   1.8000000e+02
   1.8600000e+02   3.1500000e+02  -9.4623222e+00
   1.9400000e+02   2.6000000e+01   1.8000000e+02
   1.9700000e+02   3.1900000e+02  -9.4623222e+00
   2.0200000e+02   2.6000000e+01   4.7636417e+00
   2.6900000e+02   5.6000000e+01  -1.4974356e+02
   2.8700000e+02   9.1000000e+01  -1.4974356e+02
   2.9800000e+02   1.2900000e+02   5.0710593e+01
   9.2000000e+01   2.0600000e+02  -5.7000000e+01
   9.8000000e+01   1.2700000e+02   1.2600000e+02
   9.8000000e+01   2.1800000e+02   1.4000000e+02
   1.1900000e+02   3.1700000e+02   1.7000000e+02
   1.2100000e+02   1.8000000e+02   1.1300000e+02
   1.3100000e+02   5.2000000e+01  -2.3000000e+01
   1.6100000e+02   1.1100000e+02  -3.7000000e+01
   1.7100000e+02   3.0700000e+02   1.7500000e+02
   1.8900000e+02   2.7500000e+02  -1.6600000e+02
   2.7900000e+02   1.0400000e+02  -1.3500000e+02
