   1.0500000e+02   1.7100000e+02  -4.8012788e+01
   1.1800000e+02   1.9600000e+02  -8.2874984e+01
   1.1800000e+02   2.9100000e+02  -9.4623222e+00
   1.8200000e+02   1.4400000e+02  -1.6156505e+02
   1.9000000e+02   9.0000000e+01  -1.6156505e+02
   2.0100000e+02   9.3000000e+01   2.6565051e+01
   2.1200000e+02   3.3800000e+02   0.0000000e+00
   2.1300000e+02   1.6300000e+02  -1.4903624e+02
   2.2000000e+02   2.4700000e+02   4.5000000e+01
   2.2200000e+02   3.2000000e+02  -4.7636417e+00
   2.5600000e+02   1.3900000e+02   3.8659808e+01
   2.6100000e+02   2.8400000e+02  -1.6156505e+02
   2.6800000e+02   2.6200000e+02  -1.4974356e+02
   2.6800000e+02   3.0100000e+02   4.7636417e+00
   1.3700000e+02   2.2400000e+02   1.1900000e+02
   1.7900000e+02   2.5400000e+02   4.7000000e+01
   1.9200000e+02   2.1800000e+02  -1.3200000e+02
   2.5200000e+02   2.4900000e+02  -1.3200000e+02
   2.5800000e+02   2.4300000e+02  -1.2300000e+02
   2.7600000e+02   2.6100000e+02  -1.3300000e+02
