   1.1200000e+02   1.8700000e+02  -7.0016893e+01
   1.1700000e+02   1.3800000e+02  -4.2510447e+01
   1.1900000e+02   2.0400000e+02   1.1261986e+02
   1.4500000e+02   2.3900000e+02   8.5236358e+01
   1.7400000e+02   9.1000000e+01   0.0000000e+00
   1.9300000e+02   1.7000000e+02  -1.5138954e+02
   1.9900000e+02   5.5000000e+01  -1.7053768e+02
   1.9900000e+02   2.7300000e+02   4.2273689e+01
   2.1000000e+02   1.2500000e+02  -1.5738014e+02
   2.1400000e+02   1.4200000e+02  -1.4313010e+02
   2.2600000e+02   2.1800000e+02  -1.2247119e+02
   2.2800000e+02   2.2600000e+02   4.5000000e+01
   2.4500000e+02   5.5000000e+01  -1.6596376e+02
   2.4900000e+02   2.1800000e+02  -1.1261986e+02
   2.5500000e+02   1.4200000e+02  -1.3227369e+02
   2.6400000e+02   1.2900000e+02  -1.3227369e+02
   2.7200000e+02   9.7000000e+01  -1.4313010e+02
   2.7400000e+02   1.7800000e+02   6.1389540e+01
   2.7500000e+02   1.2700000e+02  -1.3227369e+02
   1.7600000e+02   2.3000000e+02  -1.2600000e+02
   1.8200000e+02   1.6400000e+02   1.5300000e+02
   1.9900000e+02   3.7000000e+01  -1.5400000e+02
   2.0700000e+02   2.1900000e+02  -1.1700000e+02
   2.0900000e+02   2.2800000e+02   6.6000000e+01
