   1.0900000e+02   1.8500000e+02  -6.7380135e+01
   1.1400000e+02   1.7300000e+02   1.1261986e+02
   1.1500000e+02   1.6200000e+02   1.3500000e+02
   1.1700000e+02   1.3600000e+02  -3.6869898e+01
   1.2300000e+02   1.5300000e+02  -3.6027373e+01
   1.2500000e+02   5.4000000e+01  -9.0000000e+01
   1.4500000e+02   1.1800000e+02   1.5343495e+02
   1.4700000e+02   1.0300000e+02   1.6596376e+02
   1.6600000e+02   3.1000000e+01   4.7636417e+00
   2.0000000e+02   4.1000000e+01  -1.4500798e+02
   2.1200000e+02   2.2200000e+02   5.9743563e+01
   2.2000000e+02   2.2000000e+02  -1.2025644e+02
   2.3000000e+02   2.2300000e+02  -1.1261986e+02
   2.4400000e+02   1.7100000e+02  -1.2499202e+02
   2.4800000e+02   2.0800000e+02  -1.0403624e+02
   2.5900000e+02   1.1300000e+02   4.7726311e+01
   1.6500000e+02   1.6500000e+02   1.3200000e+02
   1.9100000e+02   2.2500000e+02  -1.1300000e+02
   2.2400000e+02   3.8000000e+01   2.6000000e+01
