   1.2700000e+02   9.3000000e+01  -3.4992020e+01
   1.3400000e+02   1.5200000e+02   1.3198721e+02
   1.3600000e+02   2.1200000e+02  -5.9743563e+01
   1.3700000e+02   1.2500000e+02   1.3251045e+02
   1.4000000e+02   1.4500000e+02  -4.2510447e+01
   1.4000000e+02   1.7200000e+02   1.2602737e+02
   1.5900000e+02   1.6200000e+02   1.4071059e+02
   1.6400000e+02   1.5200000e+02  -3.9805571e+01
   1.6700000e+02   1.0900000e+02   1.5738014e+02
   1.8700000e+02   2.4500000e+02  -8.5236358e+01
   1.9100000e+02   3.0000000e+01  -1.7053768e+02
   1.9100000e+02   1.9200000e+02  -3.6869898e+01
   2.1200000e+02   2.3100000e+02  -1.1444395e+02
   2.1400000e+02   1.2600000e+02  -1.7523636e+02
   2.3500000e+02   1.4800000e+02  -1.4974356e+02
   2.4400000e+02   2.1300000e+02   6.0945396e+01
   2.5200000e+02   8.4000000e+01   3.3690068e+01
   2.5600000e+02   1.1800000e+02  -1.4630993e+02
   2.6000000e+02   2.2500000e+02  -1.2025644e+02
   2.6100000e+02   6.0000000e+01  -1.6596376e+02
   2.6100000e+02   2.6800000e+02  -1.2928941e+02
   2.6400000e+02   2.5800000e+02  -1.2369007e+02
   2.6700000e+02   7.6000000e+01   5.1944289e+00
   2.7500000e+02   2.0600000e+02  -1.1261986e+02
   2.8600000e+02   1.3200000e+02  -1.4019443e+02
   1.8800000e+02   2.3300000e+02   5.9000000e+01
