   1.4000000e+02   7.1000000e+01  -2.2619865e+01
   1.5500000e+02   2.0700000e+02  -7.5963757e+01
   1.7700000e+02   2.3900000e+02   9.0000000e+01
   1.8500000e+02   2.3500000e+02  -9.4763642e+01
   2.1400000e+02   2.1500000e+02  -9.9462322e+01
   2.2500000e+02   2.2300000e+02  -1.0403624e+02
   2.4300000e+02   1.2900000e+02  -9.8130102e+01
   2.4800000e+02   2.0200000e+02   5.9036243e+01
   2.5000000e+02   2.1900000e+02   6.1389540e+01
   2.5400000e+02   2.1200000e+02  -1.2096376e+02
   2.6700000e+02   2.0300000e+02   5.6309932e+01
   2.6900000e+02   1.9100000e+02  -1.1861046e+02
