   5.4000000e+01   3.2700000e+02   1.2928941e+02
   7.3000000e+01   3.0500000e+02   1.2928941e+02
   9.5000000e+01   3.2300000e+02   1.2025644e+02
   1.2500000e+02   3.5700000e+02  -7.9695154e+01
   1.2700000e+02   2.3400000e+02   1.7523636e+02
   1.3400000e+02   2.2100000e+02  -1.7523636e+02
   1.5000000e+02   3.0000000e+02  -1.3801279e+02
   1.5700000e+02   1.6500000e+02   1.8434949e+01
   1.7500000e+02   3.0000000e+02  -1.2025644e+02
   1.8000000e+02   2.8300000e+02  -1.2369007e+02
   1.9800000e+02   3.0400000e+02   8.0537678e+01
   2.1600000e+02   3.4600000e+02  -1.1444395e+02
   2.2400000e+02   3.1400000e+02  -1.0843495e+02
   2.5100000e+02   2.4700000e+02   5.6309932e+01
   2.6000000e+02   1.8800000e+02  -1.3227369e+02
   6.6000000e+01   3.2600000e+02   1.2000000e+02
   1.0400000e+02   3.4000000e+02   1.0400000e+02
   1.1600000e+02   3.4800000e+02  -1.0000000e+02
   1.1800000e+02   3.2400000e+02   1.0800000e+02
   1.3600000e+02   3.5800000e+02  -8.6000000e+01
   1.4300000e+02   2.9200000e+02   1.8000000e+02
   1.7400000e+02   3.0800000e+02  -1.2700000e+02
   2.2700000e+02   3.5500000e+02  -1.0000000e+02
   2.4800000e+02   3.1000000e+02  -1.1300000e+02
