   1.3700000e+02   7.8000000e+01   1.1261986e+02
   1.5300000e+02   1.3000000e+02  -8.4289407e+01
   1.6000000e+02   1.7000000e+01  -3.6869898e+01
   2.0600000e+02   1.5800000e+02  -1.4799462e+02
   2.3000000e+02   1.7000000e+01  -1.4313010e+02
   2.3100000e+02   5.7000000e+01  -1.3227369e+02
   2.3600000e+02   6.5000000e+01   5.6309932e+01
   2.5400000e+02   2.9000000e+01   5.6309932e+01
   2.5600000e+02   1.2400000e+02  -1.2686990e+02
   2.6200000e+02   1.6000000e+01  -1.3500000e+02
   2.6800000e+02   2.2000000e+01   4.2273689e+01
   1.4700000e+02   1.4300000e+02  -9.5000000e+01
   1.6500000e+02   1.2800000e+02  -1.0000000e+02
   1.8000000e+02   9.8000000e+01   5.9000000e+01
   1.8800000e+02   7.8000000e+01   9.4000000e+01
