   1.2600000e+02   1.7900000e+02  -5.0710593e+01
   1.3500000e+02   1.8100000e+02  -4.8012788e+01
   1.3800000e+02   1.3900000e+02   1.3500000e+02
   1.4700000e+02   7.3000000e+01   1.4630993e+02
   1.5200000e+02   1.2600000e+02  -3.6027373e+01
   1.6100000e+02   4.7000000e+01  -9.4623222e+00
   1.6300000e+02   1.3200000e+02  -2.6565051e+01
   1.6600000e+02   2.1600000e+02   8.5236358e+01
   1.7100000e+02   8.7000000e+01   1.5738014e+02
   1.7200000e+02   2.0700000e+02   8.0537678e+01
   1.7300000e+02   1.9600000e+02  -8.0537678e+01
   1.8200000e+02   1.5500000e+02  -1.2528808e+01
   1.8500000e+02   1.0300000e+02   5.1944289e+00
   1.8500000e+02   1.4700000e+02   1.5343495e+02
   1.9100000e+02   1.5300000e+02   1.6747119e+02
   2.1800000e+02   2.5800000e+02  -1.1656505e+02
   2.4500000e+02   1.1600000e+02   4.2273689e+01
   2.5100000e+02   1.5400000e+02  -1.3500000e+02
   2.5300000e+02   1.1400000e+02  -1.4071059e+02
   2.5300000e+02   1.8000000e+02  -1.0403624e+02
   1.5000000e+02   1.6500000e+02   1.2600000e+02
   1.6800000e+02   1.7200000e+02   1.2900000e+02
   1.6900000e+02   2.3800000e+02  -1.0000000e+02
