   1.3900000e+02   2.1500000e+02   1.1656505e+02
   1.4200000e+02   2.0700000e+02  -6.3434949e+01
   1.4800000e+02   1.8300000e+02   1.2686990e+02
   1.4900000e+02   2.3000000e+02  -6.1389540e+01
   1.6200000e+02   2.2600000e+02  -6.3434949e+01
   1.6400000e+02   8.7000000e+01  -1.4036243e+01
   1.7000000e+02   1.7400000e+02  -3.6027373e+01
   1.7700000e+02   1.2500000e+02   1.5343495e+02
   1.7900000e+02   2.6700000e+02   8.5236358e+01
   1.8400000e+02   2.5700000e+02   8.0537678e+01
   1.9000000e+02   1.9600000e+02   9.4623222e+00
   1.9300000e+02   1.8800000e+02   1.4974356e+02
   2.0700000e+02   2.6500000e+02   6.9443955e+01
   2.1000000e+02   3.0400000e+02  -1.2602737e+02
   2.1800000e+02   3.0000000e+02  -1.2096376e+02
   2.1900000e+02   2.2400000e+02   6.3434949e+01
   2.3500000e+02   2.4500000e+02  -1.1261986e+02
   2.4500000e+02   2.1500000e+02  -1.2369007e+02
   2.5000000e+02   1.5800000e+02   5.0194429e+01
   2.5600000e+02   2.0000000e+02  -1.2369007e+02
   1.2200000e+02   1.7500000e+02   1.8000000e+02
   1.8800000e+02   1.4600000e+02   1.6100000e+02
