   7.9000000e+01   2.4800000e+02   1.5343495e+02
   1.0700000e+02   1.5500000e+02   1.2025644e+02
   1.0800000e+02   2.0300000e+02  -6.1389540e+01
   1.1300000e+02   2.7600000e+02  -7.1565051e+01
   1.2100000e+02   1.3900000e+02  -4.1987212e+01
   1.3000000e+02   1.4600000e+02  -3.2471192e+01
   1.3100000e+02   6.0000000e+01  -9.4623222e+00
   1.3400000e+02   1.7300000e+02  -3.6869898e+01
   1.3600000e+02   2.4200000e+02   8.5236358e+01
   1.4000000e+02   9.8000000e+01   1.5738014e+02
   1.4400000e+02   2.7400000e+02   6.7380135e+01
   1.5000000e+02   2.0400000e+02   9.0000000e+01
   1.5300000e+02   1.6100000e+02   1.5738014e+02
   1.6200000e+02   9.9000000e+01   1.8434949e+01
   1.6300000e+02   2.8100000e+02  -1.1656505e+02
   1.7700000e+02   2.0000000e+02   6.7380135e+01
   1.8500000e+02   2.8600000e+02  -1.2025644e+02
   1.8600000e+02   1.3600000e+02  -1.3500000e+02
   2.0200000e+02   1.9300000e+02  -1.2025644e+02
   2.0500000e+02   2.0400000e+02   5.7528808e+01
   2.1300000e+02   1.6700000e+02  -1.1261986e+02
   2.2700000e+02   2.3100000e+02  -1.0525512e+02
   2.2900000e+02   1.2900000e+02  -1.3500000e+02
   2.3000000e+02   2.6200000e+02  -1.1656505e+02
   2.3100000e+02   2.3800000e+02   7.1565051e+01
   2.3600000e+02   2.0700000e+02  -1.1261986e+02
   1.0600000e+02   2.4800000e+02   1.1400000e+02
   1.4300000e+02   2.0000000e+02   1.3800000e+02
   1.9000000e+02   2.2600000e+02   6.7000000e+01
   2.2100000e+02   1.6900000e+02  -1.1700000e+02
