   1.1900000e+02   2.1800000e+02  -7.9695154e+01
   1.2200000e+02   5.3000000e+01  -5.3130102e+01
   1.2900000e+02   2.2400000e+02  -8.5236358e+01
   1.3300000e+02   4.0000000e+01   1.3227369e+02
   1.3700000e+02   2.3800000e+02   9.0000000e+01
   1.4600000e+02   1.1300000e+02   1.1261986e+02
   1.4800000e+02   1.4500000e+02  -7.5963757e+01
   1.7100000e+02   1.7500000e+02   9.4763642e+01
   1.7300000e+02   2.8600000e+02  -8.5236358e+01
   1.7400000e+02   1.1100000e+02   1.2980557e+02
   1.8600000e+02   1.5700000e+02  -5.6309932e+01
   1.8700000e+02   5.5000000e+01   0.0000000e+00
   1.9400000e+02   1.0200000e+02  -4.7636417e+00
   2.0200000e+02   2.3600000e+02   7.5963757e+01
   2.0700000e+02   1.1300000e+02   1.7523636e+02
   2.0800000e+02   2.7900000e+02  -9.4763642e+01
   2.1400000e+02   1.6900000e+02  -1.4036243e+01
   2.1500000e+02   1.6000000e+02   1.3500000e+02
   2.3000000e+02   2.6500000e+02   7.5963757e+01
   2.3200000e+02   3.2300000e+02  -4.5000000e+01
   2.3500000e+02   2.3800000e+02   6.3434949e+01
   2.4300000e+02   2.7500000e+02   8.4289407e+01
   2.4700000e+02   2.1100000e+02  -1.3227369e+02
   2.6800000e+02   8.6000000e+01  -1.5738014e+02
   2.7100000e+02   1.4200000e+02  -1.4630993e+02
   2.7300000e+02   2.9600000e+02  -1.5738014e+02
   2.8800000e+02   1.1800000e+02  -1.5738014e+02
   3.0700000e+02   3.3300000e+02  -4.7636417e+00
   3.3500000e+02   2.8100000e+02  -1.6596376e+02
   3.3800000e+02   2.5800000e+02  -1.5738014e+02
   1.2400000e+02   1.3100000e+02  -7.2000000e+01
   1.9300000e+02   1.2500000e+02   1.4300000e+02
   2.0600000e+02   2.2100000e+02  -1.0900000e+02
   2.4400000e+02   2.2200000e+02  -1.3000000e+02
   2.4900000e+02   1.8100000e+02  -1.4400000e+02
   2.5300000e+02   2.6700000e+02  -1.2700000e+02
   2.7600000e+02   2.0300000e+02   4.2000000e+01
   2.8100000e+02   1.5400000e+02  -1.5000000e+02
   3.0200000e+02   2.2400000e+02   3.0000000e+01
   3.1800000e+02   2.5800000e+02   2.2000000e+01
