   7.9000000e+01   8.6000000e+01  -5.3130102e+01
   8.8000000e+01   1.6100000e+02  -2.2619865e+01
   9.5000000e+01   1.7600000e+02  -9.4623222e+00
   1.0000000e+02   4.9000000e+01  -5.7528808e+01
   1.1400000e+02   9.6000000e+01  -6.3434949e+01
   1.2500000e+02   1.2500000e+02   1.5343495e+02
   1.3000000e+02   5.7000000e+01   1.0843495e+02
   1.4000000e+02   9.5000000e+01   1.0843495e+02
   1.4800000e+02   1.0900000e+02   8.5236358e+01
   1.5600000e+02   2.2800000e+02  -1.7523636e+02
   1.5800000e+02   7.4000000e+01   9.0000000e+01
   1.6400000e+02   1.0700000e+02   5.7528808e+01
   1.6400000e+02   2.2500000e+02   9.4623222e+00
   1.7700000e+02   1.8700000e+02   2.2619865e+01
   1.8200000e+02   5.6000000e+01  -1.0403624e+02
   2.1800000e+02   1.8400000e+02  -1.4630993e+02
   2.2500000e+02   3.2000000e+01  -1.1861046e+02
   2.2500000e+02   4.0000000e+01   5.0710593e+01
   2.7300000e+02   5.8000000e+01   5.7528808e+01
   9.1000000e+01   1.6900000e+02  -1.9000000e+01
   1.4900000e+02   1.9900000e+02  -1.6600000e+02
   1.6100000e+02   2.0000000e+01   1.2000000e+02
   1.7300000e+02   6.4000000e+01   7.1000000e+01
   1.8300000e+02   6.9000000e+01  -7.9000000e+01
   1.9900000e+02   3.1000000e+01  -1.1300000e+02
   2.1100000e+02   6.3000000e+01   6.3000000e+01
