   9.8000000e+01   2.2600000e+02   1.0843495e+02
   1.3100000e+02   2.8500000e+02  -6.3434949e+01
   1.4600000e+02   1.7900000e+02   1.2369007e+02
   1.5600000e+02   1.1300000e+02   1.4974356e+02
   1.6600000e+02   2.9800000e+02   8.5236358e+01
   1.6800000e+02   8.9000000e+01  -9.4623222e+00
   1.7400000e+02   2.6400000e+02   8.5236358e+01
   1.8700000e+02   1.9300000e+02   1.5255119e+01
   1.9200000e+02   1.8500000e+02   1.6156505e+02
   2.0700000e+02   4.4000000e+01   1.4036243e+01
   2.3200000e+02   5.3000000e+01  -1.5343495e+02
   2.3600000e+02   3.5800000e+02  -1.4500798e+02
   2.3700000e+02   3.4300000e+02  -1.4313010e+02
   2.3900000e+02   2.2500000e+02   4.8012788e+01
   2.5000000e+02   1.9400000e+02  -1.1656505e+02
   2.6800000e+02   1.3100000e+02   4.2273689e+01
   2.8500000e+02   2.3200000e+02  -1.2369007e+02
   2.8500000e+02   2.4000000e+02   5.9743563e+01
   2.8800000e+02   2.8600000e+02  -1.1261986e+02
   2.9600000e+02   2.4300000e+02   5.3972627e+01
   3.0000000e+02   2.8700000e+02  -1.2025644e+02
   3.0400000e+02   2.0500000e+02   6.3434949e+01
   3.0800000e+02   2.1300000e+02  -1.1656505e+02
   1.6900000e+02   1.7300000e+02   1.3500000e+02
   1.8500000e+02   2.8600000e+02   0.0000000e+00
   1.8900000e+02   1.4500000e+02   1.7000000e+02
   1.9900000e+02   2.0000000e+01   1.7500000e+02
   2.0200000e+02   3.1200000e+02  -1.2700000e+02
   2.1900000e+02   3.0700000e+02  -1.2300000e+02
   2.7700000e+02   2.1500000e+02  -1.1700000e+02
   2.7900000e+02   2.0500000e+02   6.1000000e+01
