   1.7300000e+02   1.1100000e+02   1.6596376e+02
   1.8500000e+02   2.2500000e+02  -9.4763642e+01
   1.9100000e+02   8.0000000e+01   6.3401917e+00
   2.0300000e+02   1.6600000e+02  -1.3772631e+02
   2.0500000e+02   1.0000000e+02  -1.6330076e+02
   2.1000000e+02   1.9700000e+02  -1.0843495e+02
   2.1800000e+02   1.9800000e+02  -1.0998311e+02
   2.1900000e+02   1.8500000e+02  -1.0525512e+02
   2.2400000e+02   3.1800000e+02  -1.3500000e+02
   2.2500000e+02   6.9000000e+01   3.3690068e+01
   2.3100000e+02   2.5700000e+02  -1.1055605e+02
   2.4300000e+02   1.0400000e+02  -1.4397263e+02
   2.4700000e+02   2.4100000e+02  -1.2499202e+02
   2.4900000e+02   2.3100000e+02  -1.2686990e+02
   2.5000000e+02   1.0800000e+02   4.5000000e+01
   1.8900000e+02   1.1200000e+02   1.6500000e+02
   2.2600000e+02   2.3800000e+02  -1.0900000e+02
