   1.3100000e+02   2.1100000e+02  -5.3972627e+01
   1.4000000e+02   2.1100000e+02  -5.3130102e+01
   1.5100000e+02   2.1100000e+02  -5.6309932e+01
   1.6500000e+02   1.9900000e+02  -5.6309932e+01
   1.8500000e+02   1.4200000e+02  -2.9744881e+01
   1.8500000e+02   2.6500000e+02  -9.0000000e+01
   1.9500000e+02   2.8600000e+02  -1.0843495e+02
   2.0800000e+02   1.7500000e+02   1.8434949e+01
   2.1200000e+02   1.6700000e+02   1.6156505e+02
   2.4500000e+02   1.9800000e+02  -1.1444395e+02
   2.5300000e+02   6.8000000e+01   3.6869898e+01
   2.5400000e+02   2.0300000e+02  -1.0843495e+02
   2.5700000e+02   2.1500000e+02   5.7528808e+01
   2.6100000e+02   2.4400000e+02   6.3000000e+01
