   1.3900000e+02   2.0700000e+02  -7.1565051e+01
   1.9300000e+02   2.0000000e+02  -8.4289407e+01
   2.0400000e+02   3.0500000e+02   1.3251045e+02
   2.1400000e+02   3.0900000e+02   1.2025644e+02
   2.5000000e+02   3.0800000e+02  -8.0537678e+01
   2.5800000e+02   3.4100000e+02   1.0403624e+02
   2.7300000e+02   1.0100000e+02   6.3434949e+01
   2.9100000e+02   1.6500000e+02   9.0000000e+01
   1.0900000e+02   3.0500000e+02  -9.0000000e+01
   1.5700000e+02   3.2800000e+02  -1.2500000e+02
   1.6900000e+02   2.0100000e+02   1.0400000e+02
   1.7300000e+02   3.3100000e+02  -1.4100000e+02
   1.7500000e+02   2.3400000e+02   9.9000000e+01
   1.9500000e+02   1.4000000e+02   1.2900000e+02
   1.9700000e+02   2.7400000e+02  -5.7000000e+01
   2.0300000e+02   1.6100000e+02   1.3800000e+02
   2.1100000e+02   1.6300000e+02   7.1000000e+01
   2.1700000e+02   1.5000000e+02  -1.7600000e+02
   2.2900000e+02   2.2100000e+02  -7.6000000e+01
   2.4500000e+02   1.3400000e+02  -1.0500000e+02
   2.5300000e+02   2.4900000e+02   1.1200000e+02
   2.5900000e+02   3.6000000e+02   1.3100000e+02
