   1.1200000e+02   2.9000000e+02   6.1389540e+01
   1.7700000e+02   3.1800000e+02   9.4623222e+00
   1.8200000e+02   3.5400000e+02  -1.6001689e+02
   1.9300000e+02   3.5400000e+02  -9.4623222e+00
   2.0100000e+02   2.8000000e+01   1.4974356e+02
   2.0700000e+02   2.5100000e+02   1.3500000e+02
   2.1900000e+02   2.5300000e+02   1.2025644e+02
   2.2200000e+02   1.3000000e+02  -9.4763642e+01
   2.5600000e+02   3.0200000e+02  -6.7380135e+01
   2.5700000e+02   2.5400000e+02  -8.0537678e+01
   2.8100000e+02   2.8100000e+02   8.5236358e+01
   2.8600000e+02   2.6100000e+02   8.5236358e+01
   2.9000000e+02   1.7200000e+02   9.4763642e+01
   2.9200000e+02   1.1200000e+02   8.2874984e+01
   2.9600000e+02   1.9600000e+02  -8.5236358e+01
   1.3400000e+02   1.9900000e+02   1.0900000e+02
   1.5000000e+02   1.7200000e+02   1.1400000e+02
   1.5500000e+02   3.0600000e+02   2.2000000e+01
   1.6900000e+02   1.4900000e+02   9.9000000e+01
   1.7700000e+02   2.7800000e+02  -1.4400000e+02
   1.8500000e+02   1.6900000e+02   1.0400000e+02
   1.8700000e+02   9.4000000e+01   1.2500000e+02
   1.9300000e+02   8.7000000e+01   1.2000000e+02
   1.9900000e+02   1.0900000e+02   1.2900000e+02
   1.9900000e+02   3.2900000e+02  -1.7600000e+02
   2.0000000e+02   2.2000000e+02  -6.0000000e+01
   2.2000000e+02   1.3900000e+02   9.9000000e+01
   2.3000000e+02   1.6700000e+02  -7.6000000e+01
   2.4200000e+02   1.8700000e+02   1.0800000e+02
   2.5700000e+02   1.9000000e+02   1.0800000e+02
   2.5800000e+02   3.6000000e+02   2.0000000e+01
   2.6500000e+02   2.8300000e+02   1.1200000e+02
