   1.2000000e+02   3.0100000e+02   3.9805571e+01
   1.3000000e+02   2.0600000e+02   9.4763642e+01
   1.3300000e+02   1.1600000e+02  -6.3434949e+01
   1.5600000e+02   3.5500000e+02  -1.5555605e+02
   1.6000000e+02   7.1000000e+01   1.2928941e+02
   1.7000000e+02   3.2600000e+02   1.4036243e+01
   1.8100000e+02   1.5000000e+02  -6.3434949e+01
   2.0300000e+02   2.6100000e+02   1.3500000e+02
   2.1500000e+02   2.6300000e+02   1.2025644e+02
   2.2500000e+02   1.3800000e+02  -9.4763642e+01
   2.4400000e+02   3.5800000e+02   0.0000000e+00
   2.4900000e+02   3.1100000e+02  -6.3434949e+01
   2.5200000e+02   2.6400000e+02  -7.5963757e+01
   2.6200000e+02   2.9500000e+02   1.0403624e+02
   1.4800000e+02   1.7900000e+02   1.0800000e+02
   1.5000000e+02   2.5400000e+02  -1.0500000e+02
   1.8600000e+02   2.4700000e+02  -4.5000000e+01
   1.9600000e+02   3.0300000e+02   1.7500000e+02
   1.9800000e+02   9.6000000e+01   1.3500000e+02
   1.9800000e+02   2.2900000e+02  -5.7000000e+01
   2.0800000e+02   2.7300000e+02   1.2900000e+02
   2.1000000e+02   3.0500000e+02   1.5100000e+02
   2.2200000e+02   1.4900000e+02   1.0400000e+02
   2.3000000e+02   1.7700000e+02   1.1200000e+02
   2.5800000e+02   3.4400000e+02   1.7500000e+02
