   7.2000000e+01   6.5000000e+01   1.3500000e+02
   8.1000000e+01   6.0000000e+01  -1.8434949e+01
   9.2000000e+01   2.6300000e+02   5.9743563e+01
   1.0000000e+02   2.6700000e+02  -1.1656505e+02
   1.0200000e+02   2.5900000e+02  -1.0843495e+02
   1.0800000e+02   3.2000000e+01  -1.7053768e+02
   1.0800000e+02   3.0600000e+02   4.5000000e+01
   1.2100000e+02   3.3000000e+01   2.3962489e+01
   1.5700000e+02   3.4800000e+02   5.7105931e+00
   1.7800000e+02   1.3800000e+02   5.4462322e+01
   1.8500000e+02   1.0300000e+02   5.6309932e+01
   1.8900000e+02   1.7100000e+02  -1.1261986e+02
   1.9700000e+02   3.3500000e+02  -2.4443955e+01
   2.0400000e+02   3.4000000e+02   1.7053768e+02
   2.1400000e+02   1.5500000e+02   5.9743563e+01
   2.3100000e+02   1.7000000e+02  -1.1656505e+02
   2.3900000e+02   2.4600000e+02  -1.1444395e+02
   2.4200000e+02   1.9200000e+02   5.0194429e+01
   2.5500000e+02   2.0900000e+02  -1.2686990e+02
   2.7200000e+02   3.0800000e+02  -3.6869898e+01
   1.5800000e+02   1.9000000e+02  -1.1300000e+02
   1.6400000e+02   2.4300000e+02   1.1600000e+02
   1.6500000e+02   1.8300000e+02  -1.1700000e+02
   2.0000000e+02   2.5800000e+02   7.1000000e+01
   2.3000000e+02   3.3900000e+02   1.6500000e+02
   2.4000000e+02   3.3100000e+02  -4.5000000e+01
   2.4700000e+02   3.0500000e+02  -4.5000000e+01
   2.5800000e+02   3.4800000e+02   1.4700000e+02
   2.6800000e+02   3.3400000e+02   1.3100000e+02
