   1.3800000e+02   1.2800000e+02   7.1565051e+01
   1.3900000e+02   7.8000000e+01  -7.5963757e+01
   1.4600000e+02   1.7200000e+02  -1.4903624e+02
   1.6200000e+02   6.8000000e+01   1.0252881e+02
   1.6700000e+02   1.6400000e+02  -1.4799462e+02
   1.7300000e+02   1.7000000e+02   3.6869898e+01
   1.8500000e+02   4.7000000e+01   1.0030485e+02
   1.8900000e+02   1.6100000e+02  -1.4071059e+02
   2.0100000e+02   2.0900000e+02  -1.6156505e+02
   2.0700000e+02   1.6400000e+02  -1.6001689e+02
   2.1300000e+02   4.1000000e+01  -7.5963757e+01
   2.3200000e+02   2.0700000e+02  -1.7053768e+02
   2.3400000e+02   1.8900000e+02   0.0000000e+00
   2.4200000e+02   1.1700000e+02   1.3500000e+02
   2.6900000e+02   1.7900000e+02   1.4500798e+02
   1.4400000e+02   1.1500000e+02  -9.5000000e+01
   1.5400000e+02   1.8000000e+02   3.4000000e+01
   1.6100000e+02   1.2000000e+02  -9.6000000e+01
   2.1600000e+02   1.1600000e+02  -1.6600000e+02
   2.5300000e+02   1.5700000e+02   1.5100000e+02
   2.5700000e+02   1.1700000e+02  -6.6000000e+01
