   2.7000000e+01   2.7800000e+02  -1.4630993e+02
   3.7000000e+01   1.9300000e+02   9.9462322e+01
   3.8000000e+01   1.6900000e+02  -7.5963757e+01
   4.4000000e+01   1.4300000e+02   1.0403624e+02
   4.6000000e+01   1.9300000e+02  -7.5963757e+01
   4.8000000e+01   2.7400000e+02   5.0710593e+01
   4.8000000e+01   3.4600000e+02  -1.5738014e+02
   5.6000000e+01   8.6000000e+01  -5.6309932e+01
   5.7000000e+01   3.4700000e+02   2.9744881e+01
   5.8000000e+01   1.6800000e+02   9.9462322e+01
   8.1000000e+01   3.1400000e+02   4.7636417e+00
   8.3000000e+01   4.8000000e+01   1.2928941e+02
   9.7000000e+01   2.8600000e+02  -1.6869007e+02
   9.9000000e+01   3.4100000e+02  -1.7523636e+02
   1.0600000e+02   3.5600000e+02   5.1944289e+00
   1.5400000e+02   3.2000000e+01   3.3690068e+01
   1.5500000e+02   1.4000000e+02  -9.0000000e+01
   1.6900000e+02   2.5900000e+02  -8.4805571e+01
   1.7100000e+02   1.8700000e+02   9.4763642e+01
   1.8600000e+02   1.4300000e+02  -8.0537678e+01
   6.8000000e+01   3.1600000e+02   2.2000000e+01
   7.2000000e+01   2.0100000e+02  -8.6000000e+01
   8.1000000e+01   2.5400000e+02  -1.2400000e+02
   8.1000000e+01   2.7400000e+02  -1.4700000e+02
   1.0500000e+02   3.4700000e+02   1.7400000e+02
   1.0800000e+02   1.7900000e+02   1.1200000e+02
   1.0800000e+02   1.9700000e+02   1.2600000e+02
   1.2700000e+02   7.7000000e+01   1.7000000e+02
   1.2900000e+02   4.5000000e+01   1.6400000e+02
   1.5200000e+02   1.7800000e+02   1.0800000e+02
   1.5200000e+02   2.8200000e+02   1.2200000e+02
   1.6700000e+02   2.7000000e+02  -9.0000000e+01
   1.7100000e+02   3.5600000e+02   9.0000000e+01
   1.8400000e+02   7.6000000e+01   7.3000000e+01
   1.8600000e+02   1.1500000e+02   8.5000000e+01
