   8.1000000e+01   3.1800000e+02   1.1444395e+02
   8.3000000e+01   2.0900000e+02  -6.3434949e+01
   9.1000000e+01   2.8300000e+02   1.1261986e+02
   9.1000000e+01   3.1600000e+02  -6.7380135e+01
   1.2400000e+02   2.8300000e+02  -7.5963757e+01
   1.3000000e+02   3.3800000e+02  -5.3130102e+01
   1.6000000e+02   1.5400000e+02  -3.9805571e+01
   1.6900000e+02   3.3700000e+02  -1.0403624e+02
   1.7600000e+02   8.9000000e+01   1.5343495e+02
   1.9100000e+02   9.7000000e+01   1.6156505e+02
   2.7200000e+02   3.4400000e+02  -1.3772631e+02
   1.1500000e+02   3.1700000e+02   1.2000000e+02
   1.4500000e+02   3.0400000e+02  -9.0000000e+01
   1.4900000e+02   3.1200000e+02   1.2600000e+02
   1.4900000e+02   3.3900000e+02   1.3500000e+02
   1.6400000e+02   2.3900000e+02   1.2700000e+02
   1.7000000e+02   3.2800000e+02  -5.8000000e+01
   1.7100000e+02   1.9700000e+02  -3.9000000e+01
   1.7400000e+02   2.7500000e+02   1.3200000e+02
   1.8700000e+02   2.0200000e+02  -2.4000000e+01
   2.4800000e+02   2.6300000e+02  -1.2100000e+02
