   9.1000000e+01   3.0500000e+02  -3.9805571e+01
   9.3000000e+01   2.2900000e+02   1.5343495e+02
   9.5000000e+01   2.7100000e+02  -5.3972627e+01
   1.0000000e+02   2.3900000e+02   1.2369007e+02
   1.0800000e+02   3.1600000e+02  -2.6565051e+01
   1.2800000e+02   3.3600000e+02  -2.2619865e+01
   1.3300000e+02   2.9800000e+02  -4.5000000e+01
   1.4900000e+02   3.2700000e+02   1.5343495e+02
   2.0300000e+02   7.2000000e+01  -1.4036243e+01
   2.0700000e+02   2.7700000e+02   1.0403624e+02
   2.1200000e+02   5.7000000e+01   1.5738014e+02
   2.1800000e+02   2.9800000e+02   4.1987212e+01
   2.3700000e+02   3.4200000e+02  -1.6156505e+02
   2.5200000e+02   2.3700000e+02   8.0537678e+01
   2.6100000e+02   1.0600000e+02   3.2471192e+01
   2.6900000e+02   1.0300000e+02   2.6565051e+01
   2.9400000e+02   2.9600000e+02  -1.2602737e+02
   3.0300000e+02   2.6400000e+02   7.1565051e+01
   1.1900000e+02   2.7700000e+02   1.2600000e+02
   1.2400000e+02   3.1900000e+02   1.5700000e+02
   1.4100000e+02   3.2100000e+02   1.5100000e+02
   1.4900000e+02   3.5700000e+02   1.5700000e+02
   1.5000000e+02   2.6700000e+02   1.2900000e+02
   1.5500000e+02   2.7500000e+02   1.3500000e+02
   1.5800000e+02   2.2300000e+02   1.2000000e+02
   1.8100000e+02   2.0700000e+02   1.3800000e+02
   1.8200000e+02   2.1800000e+02  -5.4000000e+01
   1.8700000e+02   1.6100000e+02  -9.0000000e+01
   2.0200000e+02   1.5900000e+02   1.4000000e+02
   2.2800000e+02   1.7000000e+02  -8.5000000e+01
   2.4200000e+02   3.5300000e+02  -1.7600000e+02
   2.4700000e+02   7.7000000e+01   1.1000000e+01
   2.8100000e+02   3.1700000e+02   4.7000000e+01
   3.0900000e+02   1.7700000e+02   7.1000000e+01
