   8.6000000e+01   1.9900000e+02  -6.8198591e+01
   1.5800000e+02   2.7300000e+02   1.0403624e+02
   1.5900000e+02   6.2000000e+01   1.5738014e+02
   1.8600000e+02   2.8600000e+02  -1.1396249e+02
   2.3700000e+02   3.2800000e+02  -1.4630993e+02
   2.4000000e+02   3.5400000e+02  -1.6156505e+02
   2.4700000e+02   1.0300000e+02  -1.3198721e+02
   2.4800000e+02   2.6100000e+02   6.7380135e+01
   2.5800000e+02   3.4600000e+02  -1.5343495e+02
   7.1000000e+01   2.8000000e+02   1.3500000e+02
   7.4000000e+01   3.0000000e+02  -4.5000000e+01
   1.2300000e+02   2.3100000e+02   1.2600000e+02
   1.4100000e+02   1.6700000e+02  -3.5000000e+01
   1.5200000e+02   2.9200000e+02   1.3700000e+02
   2.2900000e+02   2.2800000e+02  -1.0500000e+02
   2.4200000e+02   2.3100000e+02   1.2500000e+02
   2.7900000e+02   2.3200000e+02  -1.2000000e+02
