   6.8000000e+01   1.6700000e+02  -5.9743563e+01
   1.7100000e+02   1.3200000e+02   1.7523636e+02
   1.7800000e+02   1.0100000e+02  -1.7365981e+02
   1.8300000e+02   3.0500000e+02  -1.5738014e+02
   1.8600000e+02   3.4500000e+02   1.8434949e+01
   1.9500000e+02   1.2100000e+02   2.6565051e+01
   1.9800000e+02   3.4000000e+02  -1.6474488e+02
   2.0800000e+02   3.4800000e+02   1.8000000e+02
   2.3300000e+02   3.1300000e+02  -1.4071059e+02
   2.5000000e+02   1.6600000e+02  -1.1261986e+02
   1.0400000e+02   2.3500000e+02   1.0800000e+02
   1.1800000e+02   2.0400000e+02  -5.7000000e+01
   1.1800000e+02   2.4300000e+02   1.1600000e+02
   1.2900000e+02   2.6500000e+02   1.3200000e+02
   1.3800000e+02   2.2700000e+02   1.3800000e+02
   1.4200000e+02   2.6600000e+02  -1.6500000e+02
   1.4200000e+02   2.7600000e+02   6.7000000e+01
   2.2000000e+02   1.7500000e+02   9.7000000e+01
   2.3400000e+02   1.6600000e+02   6.7000000e+01
