   1.0100000e+02   1.2300000e+02  -4.1987212e+01
   1.0800000e+02   2.7900000e+02  -9.9462322e+01
   1.3500000e+02   3.2500000e+02  -7.1565051e+01
   1.5000000e+02   9.0000000e+01   0.0000000e+00
   1.8700000e+02   2.9100000e+02  -4.5000000e+01
   2.1500000e+02   2.5500000e+02   2.6565051e+01
   2.1900000e+02   2.8300000e+02  -1.7480557e+02
   2.2700000e+02   2.8000000e+02   1.5255119e+01
   2.5800000e+02   2.0600000e+02   3.9805571e+01
   2.7300000e+02   2.4000000e+02  -1.5738014e+02
   2.8400000e+02   2.7400000e+02  -1.7523636e+02
   2.9100000e+02   2.1800000e+02  -1.4752881e+02
   3.0600000e+02   2.8700000e+02   1.7053768e+02
   8.2000000e+01   1.6000000e+02   1.2600000e+02
   9.2000000e+01   7.4000000e+01  -2.3000000e+01
   9.4000000e+01   1.1800000e+02   1.1600000e+02
   1.3600000e+02   1.3400000e+02  -1.9000000e+01
   1.8200000e+02   2.8200000e+02  -2.7000000e+01
   2.0500000e+02   2.5600000e+02   3.6000000e+01
   2.3000000e+02   9.5000000e+01   3.2000000e+01
   2.4100000e+02   1.0200000e+02  -1.4800000e+02
   2.7000000e+02   2.6300000e+02   1.8000000e+01
