   1.5400000e+02   1.8800000e+02  -2.2619865e+01
   1.6600000e+02   1.7000000e+02   1.5138954e+02
   1.7200000e+02   2.6700000e+02   1.6596376e+02
   1.8200000e+02   2.3100000e+02   1.7053768e+02
   2.0800000e+02   1.9000000e+02  -1.7053768e+02
   2.7700000e+02   1.6300000e+02  -1.4313010e+02
   3.0500000e+02   2.2500000e+02  -1.1974488e+02
   8.3000000e+01   3.5200000e+02  -6.4000000e+01
   8.9000000e+01   2.2200000e+02  -4.5000000e+01
   9.5000000e+01   3.0700000e+02   1.1200000e+02
   1.3700000e+02   3.6000000e+02   1.2600000e+02
   1.3900000e+02   1.8800000e+02   1.4000000e+02
   1.3900000e+02   2.4200000e+02   1.4700000e+02
   1.4000000e+02   3.4000000e+02  -5.7000000e+01
   1.6800000e+02   2.5200000e+02   1.5300000e+02
   2.0700000e+02   3.1600000e+02  -1.2400000e+02
   2.1200000e+02   3.2500000e+02   4.5000000e+01
   2.4000000e+02   1.8500000e+02  -1.5400000e+02
   2.4000000e+02   2.3300000e+02  -1.4100000e+02
   2.5700000e+02   2.8400000e+02   7.5000000e+01
   2.6400000e+02   3.4800000e+02   5.3000000e+01
   2.9000000e+02   2.4500000e+02   5.7000000e+01
