   9.4000000e+01   3.2100000e+02  -1.6156505e+02
   1.0000000e+02   3.3400000e+02  -2.3000000e+01
   1.2900000e+02   2.0200000e+02   1.1400000e+02
   1.3300000e+02   5.9000000e+01   1.4000000e+02
   1.4000000e+02   3.2000000e+02   1.6500000e+02
   1.4100000e+02   1.5100000e+02   1.2000000e+02
   1.4300000e+02   3.6000000e+02   1.7500000e+02
   1.5200000e+02   1.8600000e+02   1.4700000e+02
   2.2300000e+02   3.2500000e+02  -1.4700000e+02
   2.9300000e+02   1.6000000e+01  -1.4100000e+02
   3.0300000e+02   4.2000000e+01   6.0000000e+01
   3.0500000e+02   1.3400000e+02   7.5000000e+01
   3.0900000e+02   1.4500000e+02   9.0000000e+01
   3.3500000e+02   2.0300000e+02  -1.1300000e+02
   3.4100000e+02   1.7500000e+02  -1.1300000e+02
   3.4400000e+02   1.1100000e+02  -1.2700000e+02
