   9.7000000e+01   2.7000000e+02  -5.3130102e+01
   1.1300000e+02   2.6900000e+02  -4.7726311e+01
   1.6800000e+02   2.9400000e+02   1.2369007e+02
   1.9400000e+02   3.1100000e+02  -1.1261986e+02
   2.1000000e+02   3.8000000e+01   1.8000000e+02
   2.5300000e+02   3.3000000e+02  -1.2025644e+02
   2.6300000e+02   2.9300000e+02   7.5963757e+01
   2.6700000e+02   3.1100000e+02  -1.0403624e+02
   2.7200000e+02   3.9000000e+01   1.8434949e+01
   2.7500000e+02   3.1700000e+02  -1.0403624e+02
   2.7700000e+02   3.0600000e+02   7.1565051e+01
   2.9700000e+02   2.0800000e+02  -7.4744881e+01
   2.9700000e+02   2.1700000e+02  -1.1656505e+02
   2.9700000e+02   2.7300000e+02  -4.5000000e+01
   3.0100000e+02   2.2500000e+02   9.0000000e+01
   3.0600000e+02   2.6200000e+02   9.0000000e+01
   3.1700000e+02   1.9800000e+02   8.0537678e+01
   1.2900000e+02   2.3000000e+02   1.2800000e+02
   1.3900000e+02   2.1000000e+02  -4.5000000e+01
   1.7100000e+02   2.8300000e+02  -1.1300000e+02
   1.7400000e+02   1.4300000e+02   1.5500000e+02
   2.1400000e+02   8.0000000e+01   6.0000000e+00
   2.9900000e+02   1.9800000e+02   7.4000000e+01
   3.3400000e+02   1.5700000e+02  -1.2100000e+02
