   8.8000000e+01   2.6500000e+02  -7.1565051e+01
   9.3000000e+01   2.0700000e+02   8.3659808e+01
   9.6000000e+01   2.7300000e+02   1.0403624e+02
   1.2000000e+02   3.0800000e+02   7.5963757e+01
   1.2900000e+02   3.0500000e+02   8.5236358e+01
   1.3500000e+02   8.5000000e+01  -4.0601295e+01
   1.3700000e+02   3.0500000e+02   8.2874984e+01
   1.4200000e+02   7.9000000e+01   1.3939871e+02
   1.9300000e+02   2.6100000e+02   9.4763642e+01
   2.1000000e+02   2.3500000e+02  -7.5963757e+01
   2.1500000e+02   2.1500000e+02   1.0843495e+02
   2.3200000e+02   2.6900000e+02   1.1261986e+02
   2.3500000e+02   2.5800000e+02  -8.0537678e+01
   2.4100000e+02   2.7200000e+02   1.0843495e+02
   2.5100000e+02   2.7000000e+02   1.1261986e+02
   2.5200000e+02   2.6200000e+02  -8.0537678e+01
   2.5800000e+02   1.2400000e+02  -1.6596376e+02
   1.2500000e+02   3.3100000e+02  -1.0500000e+02
   2.2200000e+02   1.6100000e+02   1.4000000e+02
   2.2300000e+02   2.0800000e+02   8.0000000e+01
