   7.4000000e+01   3.0500000e+02   9.5194429e+01
   9.0000000e+01   3.3200000e+02   8.0537678e+01
   1.3700000e+02   3.1400000e+02  -7.1565051e+01
   1.4000000e+02   1.6500000e+02   1.2865981e+02
   1.6600000e+02   3.0500000e+02  -7.5963757e+01
   1.7100000e+02   3.4400000e+02  -7.5963757e+01
   1.8100000e+02   3.1400000e+02  -7.8690068e+01
   1.9700000e+02   3.2700000e+02  -8.0537678e+01
   2.1700000e+02   1.0500000e+02   4.5000000e+01
   1.4500000e+02   2.6000000e+02   9.0000000e+01
   1.4900000e+02   3.0500000e+02   1.1200000e+02
