   1.0100000e+02   5.6000000e+01   1.5343495e+02
   1.3300000e+02   9.2000000e+01   1.2499202e+02
   1.3300000e+02   2.1800000e+02   9.4763642e+01
   1.4400000e+02   2.6300000e+02  -8.5236358e+01
   1.4800000e+02   1.1100000e+02   1.3198721e+02
   1.5400000e+02   1.0200000e+02  -4.1633539e+01
   1.5400000e+02   2.6700000e+02  -7.1565051e+01
   1.6600000e+02   2.1400000e+02  -8.5236358e+01
   1.7900000e+02   2.2900000e+02   1.1261986e+02
   1.8100000e+02   2.6700000e+02   1.1261986e+02
   1.8400000e+02   2.5900000e+02  -7.5963757e+01
   1.9900000e+02   2.6700000e+02  -8.2874984e+01
   2.1700000e+02   2.6200000e+02   9.4763642e+01
   2.1900000e+02   2.5400000e+02  -8.3659808e+01
   2.4000000e+02   2.2800000e+02  -9.0000000e+01
   1.6600000e+02   1.1700000e+02   1.3700000e+02
   1.6600000e+02   2.3700000e+02   1.0800000e+02
   1.8600000e+02   1.8900000e+02  -8.1000000e+01
