   6.4000000e+01   3.1900000e+02   9.0000000e+01
   8.2000000e+01   1.3200000e+02   1.3500000e+02
   8.5000000e+01   3.1300000e+02   9.0000000e+01
   1.3500000e+02   1.9100000e+02   1.1656505e+02
   1.3700000e+02   3.1800000e+02  -9.0000000e+01
   1.4100000e+02   1.8400000e+02  -4.5000000e+01
   1.4100000e+02   2.4700000e+02  -7.5963757e+01
   1.4700000e+02   2.2600000e+02   1.0843495e+02
   1.4700000e+02   3.2200000e+02  -7.1565051e+01
   1.5700000e+02   2.7000000e+02  -8.5236358e+01
   1.7100000e+02   2.8400000e+02   1.1261986e+02
   1.7200000e+02   3.5500000e+02  -7.1565051e+01
   1.7300000e+02   2.7500000e+02  -8.0537678e+01
   1.7400000e+02   1.6500000e+02   1.7053768e+02
   1.7500000e+02   3.2100000e+02   1.0843495e+02
   1.7700000e+02   3.1300000e+02  -7.1565051e+01
   1.8200000e+02   3.2800000e+02   1.1261986e+02
   1.8400000e+02   3.2000000e+02  -7.5963757e+01
   1.9000000e+02   1.2600000e+02   2.2619865e+01
   1.9300000e+02   3.2200000e+02  -8.5236358e+01
   2.0300000e+02   1.9100000e+02   7.5963757e+01
   2.1000000e+02   2.2100000e+02  -9.9462322e+01
   2.1200000e+02   3.1500000e+02   9.4763642e+01
   2.2400000e+02   3.3400000e+02   9.0000000e+01
   2.3200000e+02   3.1800000e+02  -9.0000000e+01
   2.3300000e+02   2.7900000e+02  -9.0000000e+01
   2.3300000e+02   2.8800000e+02   9.0000000e+01
   2.3900000e+02   1.5900000e+02  -1.2928941e+02
   2.4100000e+02   2.4200000e+02  -9.0000000e+01
   2.4100000e+02   2.5100000e+02   9.0000000e+01
   2.4100000e+02   2.6000000e+02  -9.0000000e+01
   2.4400000e+02   1.7000000e+02   7.1565051e+01
   1.2300000e+02   2.3100000e+02  -9.0000000e+01
   1.4600000e+02   1.6500000e+02   1.2900000e+02
   1.5300000e+02   1.7400000e+02   1.4100000e+02
   1.5500000e+02   2.2000000e+02  -9.0000000e+01
   1.6500000e+02   3.4400000e+02  -6.2000000e+01
