   7.0000000e+01   2.4600000e+02   1.1974488e+02
   9.9000000e+01   3.5400000e+02  -9.0000000e+01
   1.1800000e+02   3.5700000e+02  -9.0000000e+01
   1.2700000e+02   1.5100000e+02   1.2369007e+02
   1.3000000e+02   2.8100000e+02   9.9462322e+01
   1.5500000e+02   3.0700000e+02   9.9462322e+01
   1.5600000e+02   2.9700000e+02  -7.5963757e+01
   1.5700000e+02   3.5000000e+02  -8.5236358e+01
   1.6500000e+02   2.7900000e+02  -8.0537678e+01
   1.6700000e+02   3.5500000e+02  -7.1565051e+01
   1.7300000e+02   1.2800000e+02   1.5025512e+02
   1.7500000e+02   2.0700000e+02   1.3500000e+02
   1.7600000e+02   3.1000000e+02   1.1861046e+02
   1.9700000e+02   3.4500000e+02  -7.5963757e+01
   2.0100000e+02   3.5900000e+02   1.1261986e+02
   2.0300000e+02   3.5100000e+02  -7.5963757e+01
   2.1200000e+02   1.5500000e+02   1.8434949e+01
   2.1200000e+02   3.5400000e+02  -8.0537678e+01
   2.2800000e+02   2.2000000e+02   8.0537678e+01
   2.3300000e+02   2.5300000e+02  -9.4763642e+01
   2.6100000e+02   3.1200000e+02  -9.4763642e+01
   2.6400000e+02   2.3300000e+02   7.5963757e+01
   1.4600000e+02   2.6300000e+02   1.0400000e+02
   1.7300000e+02   1.9700000e+02   1.3500000e+02
   1.9400000e+02   2.3800000e+02   6.3000000e+01
