   1.3000000e+02   1.5300000e+02   1.5343495e+02
   1.3500000e+02   1.3100000e+02  -6.7380135e+01
   1.8900000e+02   2.0300000e+02  -7.5963757e+01
   2.0400000e+02   2.2600000e+02  -8.0537678e+01
   2.1000000e+02   2.3600000e+02   1.0843495e+02
   2.1200000e+02   2.2700000e+02  -8.0537678e+01
   2.2200000e+02   2.7800000e+02   1.0669924e+02
   2.2400000e+02   2.6900000e+02  -7.5963757e+01
   2.2800000e+02   2.8400000e+02   1.0525512e+02
   2.3600000e+02   2.8600000e+02   1.1261986e+02
   2.5800000e+02   2.6300000e+02  -9.4763642e+01
   2.1700000e+02   1.7000000e+02   8.5000000e+01
