   9.2000000e+01   2.8700000e+02  -1.1656505e+02
   9.7000000e+01   1.7300000e+02  -4.8012788e+01
   1.3400000e+02   3.3200000e+02  -9.0000000e+01
   1.3600000e+02   2.6800000e+02   8.5236358e+01
   1.6700000e+02   1.4000000e+02  -4.7636417e+00
   2.3500000e+02   1.9800000e+02   5.9743563e+01
   2.4200000e+02   2.7700000e+02  -9.0000000e+01
   2.4400000e+02   3.5300000e+02   1.7523636e+02
   2.6100000e+02   1.5300000e+02  -1.2865981e+02
   2.7400000e+02   2.2500000e+02   7.1565051e+01
   3.1000000e+02   2.1200000e+02   5.9743563e+01
   1.2000000e+02   1.1300000e+02  -2.3000000e+01
   1.2800000e+02   9.9000000e+01  -2.7000000e+01
   1.4400000e+02   1.7400000e+02  -5.5000000e+01
   1.5600000e+02   2.6200000e+02  -9.5000000e+01
   2.0100000e+02   1.9500000e+02  -1.5000000e+02
   2.1500000e+02   2.5700000e+02  -1.6200000e+02
   2.2800000e+02   1.9100000e+02   1.0800000e+02
   2.4100000e+02   1.4200000e+02  -1.4100000e+02
   2.4200000e+02   1.6800000e+02   4.7000000e+01
   2.4600000e+02   8.4000000e+01  -1.4700000e+02
   2.4600000e+02   2.8600000e+02   1.1800000e+02
   2.6400000e+02   1.3400000e+02   5.0000000e+01
   2.8200000e+02   3.4600000e+02  -9.0000000e+01
   2.8300000e+02   1.3000000e+02  -1.3300000e+02
   3.1400000e+02   3.0300000e+02   6.3000000e+01
