   1.4000000e+02   1.2600000e+02  -5.6309932e+01
   1.4500000e+02   2.9100000e+02   9.9462322e+01
   1.7600000e+02   3.0900000e+02   4.5000000e+01
   1.8100000e+02   2.9500000e+02   6.3434949e+01
   1.8700000e+02   3.0800000e+02  -1.1656505e+02
   2.4600000e+02   3.2800000e+02  -1.5738014e+02
   2.5400000e+02   9.2000000e+01  -1.6156505e+02
   2.6000000e+02   3.0500000e+02   1.0304846e+01
   2.7700000e+02   3.3500000e+02  -2.2619865e+01
   3.3500000e+02   2.7800000e+02   1.0403624e+02
   3.3900000e+02   3.0500000e+02  -5.9743563e+01
   1.3800000e+02   1.6800000e+02  -6.4000000e+01
   1.4900000e+02   2.0200000e+02   9.9000000e+01
   1.6800000e+02   3.3500000e+02   1.8000000e+02
   1.9400000e+02   1.8700000e+02   1.0800000e+02
   2.0000000e+02   3.4600000e+02   1.4000000e+01
   2.0900000e+02   2.2900000e+02   8.5000000e+01
   2.1300000e+02   3.6000000e+02  -1.6200000e+02
   2.1800000e+02   1.6100000e+02   1.4600000e+02
   2.1900000e+02   2.3500000e+02  -1.0000000e+02
   2.4100000e+02   9.6000000e+01   3.2000000e+01
   2.4400000e+02   2.5200000e+02  -1.9000000e+01
   2.5100000e+02   6.1000000e+01  -1.6600000e+02
   2.5200000e+02   1.0300000e+02  -1.4800000e+02
   2.5300000e+02   1.1300000e+02  -1.0500000e+02
   2.8600000e+02   3.4100000e+02   1.7500000e+02
   2.8800000e+02   2.3900000e+02   1.1600000e+02
   2.9600000e+02   2.9000000e+02  -4.9000000e+01
   2.9900000e+02   3.1400000e+02  -4.3000000e+01
   3.2500000e+02   2.9500000e+02   1.2000000e+02
