   7.4000000e+01   1.7200000e+02   1.1261986e+02
   9.4000000e+01   1.0300000e+02   1.2025644e+02
   9.7000000e+01   2.7200000e+02   1.0843495e+02
   1.0100000e+02   2.1400000e+02   9.9462322e+01
   1.2300000e+02   1.3200000e+02   1.0843495e+02
   1.3600000e+02   3.4800000e+02  -1.5738014e+02
   1.5000000e+02   2.3900000e+02   8.0537678e+01
   1.8200000e+02   3.6000000e+02  -1.5343495e+02
   1.8800000e+02   3.0700000e+02  -1.1444395e+02
   1.9300000e+02   1.3800000e+02   0.0000000e+00
   2.0900000e+02   9.6000000e+01  -1.7053768e+02
   2.3500000e+02   3.6000000e+02  -1.5819859e+02
   2.4800000e+02   3.5100000e+02  -1.8434949e+01
   3.0500000e+02   2.9200000e+02   1.0403624e+02
   7.7000000e+01   1.5000000e+02   1.1600000e+02
   1.2000000e+02   3.1000000e+02   1.1400000e+02
   1.2300000e+02   2.2300000e+02  -7.2000000e+01
   1.2300000e+02   3.4200000e+02   2.6000000e+01
   1.4800000e+02   1.2800000e+02   1.2900000e+02
   1.6100000e+02   3.0400000e+02   5.6000000e+01
   1.8700000e+02   2.5900000e+02   6.5000000e+01
   2.0500000e+02   8.2000000e+01  -1.6600000e+02
   2.0600000e+02   1.3800000e+02  -1.2000000e+01
   2.1100000e+02   4.0000000e+01  -1.6600000e+02
   2.1300000e+02   2.4900000e+02   9.4000000e+01
   2.1800000e+02   7.5000000e+01  -1.7100000e+02
   2.3200000e+02   2.8400000e+02   0.0000000e+00
   2.4100000e+02   2.1900000e+02  -7.2000000e+01
   2.4700000e+02   3.5900000e+02  -1.7600000e+02
   2.5000000e+02   1.0700000e+02  -1.3800000e+02
   2.5400000e+02   2.8800000e+02   1.5700000e+02
   2.5700000e+02   3.5800000e+02   1.7500000e+02
   2.6900000e+02   3.0400000e+02  -4.8000000e+01
   2.7600000e+02   1.2100000e+02  -1.3800000e+02
   3.1900000e+02   2.9600000e+02   0.0000000e+00
