   7.7000000e+01   1.3300000e+02   1.2928941e+02
   1.2800000e+02   2.9200000e+02  -1.1261986e+02
   1.3600000e+02   3.1700000e+02  -1.2369007e+02
   1.4200000e+02   3.5900000e+02  -1.4134019e+02
   1.6700000e+02   3.3300000e+02  -1.2025644e+02
   2.2500000e+02   1.4400000e+02  -1.4071059e+02
   2.3800000e+02   1.7100000e+02  -1.3801279e+02
   2.5700000e+02   2.2700000e+02   9.0000000e+01
   3.5000000e+01   1.9900000e+02  -7.6000000e+01
   6.4000000e+01   2.4200000e+02   1.0400000e+02
   6.9000000e+01   1.0700000e+02   1.4600000e+02
   7.9000000e+01   1.1100000e+02   1.3800000e+02
   9.3000000e+01   3.4600000e+02  -9.5000000e+01
   1.1200000e+02   3.2000000e+02  -1.0500000e+02
   1.3600000e+02   1.0100000e+02   1.7000000e+02
   1.3700000e+02   1.2700000e+02   0.0000000e+00
   1.9000000e+02   2.9400000e+02  -1.4400000e+02
   2.0000000e+02   3.3300000e+02  -1.5800000e+02
   2.1100000e+02   3.2600000e+02  -1.6600000e+02
   2.3000000e+02   2.9600000e+02   1.4000000e+02
   2.3100000e+02   3.4100000e+02   1.5500000e+02
   2.4300000e+02   2.9600000e+02   1.2900000e+02
   2.4900000e+02   1.8900000e+02  -1.3500000e+02
   2.5300000e+02   3.2200000e+02   1.3800000e+02
   2.5700000e+02   2.8300000e+02   4.5000000e+01
