   7.1000000e+01   1.5800000e+02   1.2247119e+02
   8.4000000e+01   1.8300000e+02   1.2025644e+02
   1.1500000e+02   3.5800000e+02  -1.0403624e+02
   2.1500000e+02   2.3800000e+02   7.1565051e+01
   2.4600000e+02   3.6000000e+02  -8.0537678e+01
   2.6500000e+02   3.3100000e+02  -1.0403624e+02
   6.3000000e+01   2.1400000e+02   1.1200000e+02
   7.0000000e+01   2.5600000e+02   1.1600000e+02
   9.1000000e+01   3.5000000e+02   1.0600000e+02
   1.3400000e+02   3.2500000e+02  -1.0000000e+02
   1.5400000e+02   1.4300000e+02   1.7500000e+02
   1.8900000e+02   1.1300000e+02  -1.6600000e+02
   2.0400000e+02   2.7400000e+02  -1.1700000e+02
   2.3700000e+02   1.2000000e+02  -1.4700000e+02
   2.6000000e+02   1.9900000e+02  -1.5600000e+02
