   6.1000000e+01   1.9900000e+02  -7.3300756e+01
   1.0000000e+02   2.5400000e+02   8.0537678e+01
   1.3200000e+02   1.5100000e+02   1.6156505e+02
   1.7300000e+02   3.2000000e+02  -1.2928941e+02
   5.3000000e+01   2.0900000e+02   1.1200000e+02
   8.2000000e+01   9.9000000e+01  -2.9000000e+01
   9.3000000e+01   9.3000000e+01   1.5100000e+02
   1.0200000e+02   7.9000000e+01  -1.9000000e+01
   1.1000000e+02   8.7000000e+01   1.5700000e+02
   1.2900000e+02   2.7700000e+02  -1.1300000e+02
   1.3100000e+02   1.4300000e+02   1.6500000e+02
   1.3200000e+02   3.5900000e+02  -1.4400000e+02
   1.4000000e+02   2.8900000e+02   5.3000000e+01
   1.9600000e+02   1.9900000e+02  -9.6000000e+01
   1.9700000e+02   1.7400000e+02  -1.5000000e+02
   2.0500000e+02   5.9000000e+01  -5.7000000e+01
   2.1500000e+02   1.5600000e+02   8.4000000e+01
   2.2300000e+02   3.2000000e+02  -8.6000000e+01
   2.2500000e+02   2.9600000e+02  -7.5000000e+01
   2.2900000e+02   3.1300000e+02  -5.8000000e+01
   2.4400000e+02   3.5800000e+02  -5.4000000e+01
   2.7900000e+02   1.6900000e+02  -1.7100000e+02
