   6.9000000e+01   2.1900000e+02  -8.5236358e+01
   7.4000000e+01   1.3100000e+02   1.0843495e+02
   8.8000000e+01   2.8800000e+02  -4.5000000e+01
   1.0700000e+02   2.1500000e+02  -7.4744881e+01
   1.2800000e+02   1.1000000e+02   1.1261986e+02
   1.5200000e+02   1.8700000e+02   8.5236358e+01
   1.6100000e+02   1.1600000e+02   1.2025644e+02
   1.7000000e+02   1.4700000e+02   9.9462322e+01
   2.3200000e+02   2.4200000e+02  -1.3772631e+02
   2.3400000e+02   2.6400000e+02  -1.5138954e+02
   2.5500000e+02   1.9400000e+02  -9.4763642e+01
   2.9400000e+02   3.5400000e+02   1.5738014e+02
   3.0900000e+02   2.7400000e+02  -6.3434949e+01
   9.8000000e+01   3.0200000e+02   1.2000000e+02
   1.1500000e+02   1.5000000e+02   1.6100000e+02
   1.1900000e+02   2.6800000e+02   1.1900000e+02
   1.2200000e+02   2.5600000e+02  -9.0000000e+01
   1.2300000e+02   3.0100000e+02   1.9000000e+01
   1.4100000e+02   1.4900000e+02  -9.0000000e+01
   1.7200000e+02   5.7000000e+01   1.6300000e+02
   1.7200000e+02   1.8600000e+02  -1.0900000e+02
   1.8900000e+02   2.1800000e+02  -1.0000000e+02
   2.0700000e+02   2.4100000e+02  -1.3300000e+02
   2.1100000e+02   2.6100000e+02  -1.3000000e+02
   2.2400000e+02   3.0000000e+01  -1.6600000e+02
   2.2700000e+02   3.9000000e+01   0.0000000e+00
   2.2800000e+02   1.3500000e+02   7.3000000e+01
   2.3900000e+02   1.8300000e+02  -1.5400000e+02
   2.5900000e+02   2.0400000e+02  -8.1000000e+01
   2.6400000e+02   2.3300000e+02   1.4600000e+02
   2.7700000e+02   1.6400000e+02   6.3000000e+01
   3.1500000e+02   1.5800000e+02  -1.1300000e+02
