   7.2000000e+01   2.3700000e+02   1.0669924e+02
   7.4000000e+01   2.4900000e+02   9.9462322e+01
   1.0000000e+02   2.8300000e+02   9.0000000e+01
   1.1800000e+02   2.5700000e+02  -9.0000000e+01
   2.3500000e+02   5.0000000e+01  -1.2980557e+02
   2.3800000e+02   3.5400000e+02  -1.4036243e+01
   2.4100000e+02   1.6100000e+02   9.0000000e+01
   2.4500000e+02   3.4300000e+02   1.7053768e+02
   2.6100000e+02   9.2000000e+01  -1.3500000e+02
   2.7200000e+02   1.0500000e+02  -1.3500000e+02
   2.8600000e+02   2.6200000e+02  -7.7471192e+01
   3.0500000e+02   3.1800000e+02  -2.8610460e+01
   9.5000000e+01   1.0100000e+02   1.1600000e+02
   1.1900000e+02   3.2700000e+02  -1.5000000e+01
   1.4000000e+02   3.4800000e+02   0.0000000e+00
   1.6000000e+02   2.8400000e+02   3.2000000e+01
   1.8200000e+02   2.4300000e+02   6.5000000e+01
   2.2800000e+02   3.5600000e+02   1.1000000e+01
   2.7300000e+02   1.1700000e+02  -1.3000000e+02
   2.7500000e+02   2.9500000e+02   9.0000000e+01
   2.8700000e+02   1.5200000e+02  -1.2700000e+02
   3.0900000e+02   2.2000000e+02   5.6000000e+01
