   1.9300000e+02   3.7000000e+01   1.6156505e+02
   1.9900000e+02   2.8400000e+02   4.1987212e+01
   2.0300000e+02   2.7700000e+02   3.3690068e+01
   2.5300000e+02   3.5200000e+02   1.8434949e+01
   2.6500000e+02   3.0400000e+02  -1.4974356e+02
   2.7800000e+02   2.9900000e+02  -1.3772631e+02
   2.8900000e+02   1.0600000e+02   3.8659808e+01
   2.9600000e+02   1.5800000e+02  -1.3198721e+02
   1.0000000e+02   2.9200000e+02  -1.4100000e+02
   1.2800000e+02   1.4800000e+02   1.2000000e+02
   1.6600000e+02   4.4000000e+01  -1.0000000e+01
   1.7400000e+02   3.5700000e+02  -1.6600000e+02
   1.8800000e+02   3.0800000e+02  -8.0000000e+00
   1.9500000e+02   3.1200000e+02  -1.4800000e+02
   2.2400000e+02   3.1000000e+02   2.6000000e+01
   2.4800000e+02   4.9000000e+01  -1.7100000e+02
   2.7800000e+02   3.2600000e+02  -1.5400000e+02
