   2.1000000e+02   9.9000000e+01   1.5738014e+02
   2.2300000e+02   3.5100000e+02   4.5000000e+01
   2.2700000e+02   3.4300000e+02   3.9805571e+01
   3.0700000e+02   3.2000000e+02  -1.2025644e+02
   3.1600000e+02   2.1700000e+02  -1.2928941e+02
   1.1100000e+02   3.4700000e+02   3.2000000e+01
   1.5000000e+02   2.0300000e+02   1.2300000e+02
   1.5800000e+02   2.5100000e+02   9.4000000e+01
   1.6500000e+02   2.6500000e+02  -9.0000000e+01
   1.7500000e+02   1.1100000e+02   1.4300000e+02
   2.0600000e+02   2.2300000e+02  -6.6000000e+01
   2.3300000e+02   3.5900000e+02  -1.4200000e+02
   2.4600000e+02   8.8000000e+01   1.7000000e+02
   3.0400000e+02   2.9800000e+02   6.3000000e+01
   3.0600000e+02   1.5600000e+02   3.9000000e+01
