   7.3000000e+01   2.3700000e+02  -1.0403624e+02
   1.6600000e+02   2.9400000e+02   4.1987212e+01
   2.2000000e+02   3.5900000e+02   1.8434949e+01
   2.2200000e+02   5.4000000e+01  -1.4500798e+02
   2.3100000e+02   3.1100000e+02  -1.5343495e+02
   2.4000000e+02   3.4800000e+02  -1.6156505e+02
   2.4300000e+02   3.0300000e+02  -1.4630993e+02
   2.4900000e+02   1.0400000e+02   1.0304846e+01
   2.4900000e+02   1.3900000e+02   4.5000000e+01
   1.2200000e+02   3.4100000e+02  -1.5800000e+02
   1.3700000e+02   5.6000000e+01  -1.9000000e+01
   1.4700000e+02   2.8900000e+02  -1.4100000e+02
   1.6800000e+02   1.1700000e+02   1.4700000e+02
   1.9100000e+02   3.2000000e+02   2.8000000e+01
   2.5100000e+02   1.5100000e+02  -1.3500000e+02
