   1.7100000e+02   1.1900000e+02   1.6596376e+02
   2.5600000e+02   1.9500000e+02  -6.3401917e+00
   2.8600000e+02   2.6700000e+02  -1.1180141e+02
   9.7000000e+01   2.4000000e+02   1.1600000e+02
   1.0400000e+02   2.7700000e+02   9.4000000e+01
   1.0600000e+02   2.2600000e+02   1.2300000e+02
   1.1200000e+02   1.7400000e+02  -2.3000000e+01
   1.1600000e+02   1.6400000e+02  -2.7000000e+01
   1.2200000e+02   1.5100000e+02  -1.9000000e+01
   1.8300000e+02   1.7900000e+02   1.7000000e+02
   1.9200000e+02   1.5000000e+02   1.8000000e+02
   2.2400000e+02   3.5900000e+02  -1.4400000e+02
   2.2800000e+02   3.1000000e+02  -1.2300000e+02
   2.5800000e+02   2.6300000e+02   6.7000000e+01
   2.6800000e+02   1.8600000e+02  -1.4100000e+02
   2.7800000e+02   1.6900000e+02  -1.4100000e+02
