   1.1300000e+02   2.5800000e+02   6.3434949e+01
   1.3400000e+02   2.8600000e+02   5.3972627e+01
   1.4700000e+02   1.9700000e+02   9.0000000e+01
   1.6100000e+02   3.4800000e+02   4.1185925e+01
   1.7900000e+02   3.1000000e+02  -1.3500000e+02
   1.8900000e+02   2.8000000e+02  -1.2686990e+02
   1.9400000e+02   2.3200000e+02  -9.4763642e+01
   1.9900000e+02   2.4200000e+02   5.3130102e+01
   2.3800000e+02   3.4100000e+02  -1.5343495e+02
   2.5000000e+02   3.3500000e+02  -1.6596376e+02
   2.5600000e+02   3.2100000e+02  -1.5738014e+02
   2.6700000e+02   3.1300000e+02  -1.4974356e+02
