   1.3700000e+02   3.3600000e+02  -1.4071059e+02
   1.9400000e+02   1.8200000e+02  -2.8610460e+01
   1.9800000e+02   3.3900000e+02  -1.3772631e+02
   2.0600000e+02   3.0700000e+02  -1.2686990e+02
   2.1600000e+02   1.0400000e+02   0.0000000e+00
   2.1700000e+02   2.6800000e+02   6.0945396e+01
   2.5000000e+02   3.5200000e+02   2.2619865e+01
   2.6300000e+02   2.5600000e+02  -1.1974488e+02
   2.6700000e+02   2.6600000e+02   5.3972627e+01
   2.7000000e+02   2.4900000e+02   6.3434949e+01
   2.7500000e+02   2.7700000e+02  -1.2602737e+02
   2.7600000e+02   2.3900000e+02   0.0000000e+00
   2.8000000e+02   1.9000000e+02   5.4462322e+01
   2.8300000e+02   2.5800000e+02  -6.3434949e+01
