   7.0000000e+01   1.9200000e+02   1.1656505e+02
   7.4000000e+01   1.8400000e+02  -7.7471192e+01
   7.6000000e+01   1.7500000e+02  -5.9036243e+01
   9.4000000e+01   2.7100000e+02   1.2686990e+02
   1.1400000e+02   3.2900000e+02  -6.0945396e+01
   1.1900000e+02   3.0200000e+02  -6.3434949e+01
   1.2000000e+02   2.2500000e+02  -6.7380135e+01
   1.7000000e+02   2.2200000e+02  -5.6309932e+01
   1.7500000e+02   2.8000000e+01   1.5738014e+02
   1.9600000e+02   2.6300000e+02   1.2499202e+02
   1.9900000e+02   1.5100000e+02  -3.0256437e+01
   2.0300000e+02   5.6000000e+01   1.5738014e+02
   2.0900000e+02   6.9000000e+01  -9.4623222e+00
   2.1300000e+02   3.0100000e+02   1.1261986e+02
   2.1400000e+02   1.7500000e+02   1.6596376e+02
   2.1600000e+02   2.9100000e+02  -7.1565051e+01
   2.3600000e+02   2.5300000e+02   9.0000000e+01
   2.4600000e+02   2.9900000e+02  -7.5963757e+01
   2.7400000e+02   2.7800000e+02  -9.0000000e+01
   2.7800000e+02   3.0300000e+02  -1.0403624e+02
   2.8600000e+02   1.1400000e+02  -1.6156505e+02
   1.0300000e+02   7.5000000e+01  -9.0000000e+01
   1.6200000e+02   4.4000000e+01  -2.3000000e+01
   1.6300000e+02   2.2600000e+02   1.0800000e+02
   1.6300000e+02   2.4900000e+02   1.0800000e+02
   1.8300000e+02   2.1500000e+02   1.2600000e+02
   1.9400000e+02   2.4900000e+02   1.2300000e+02
   2.4200000e+02   2.4400000e+02  -1.1900000e+02
