   7.7000000e+01   1.4300000e+02  -7.7471192e+01
   8.1000000e+01   1.7600000e+02  -5.9743563e+01
   8.5000000e+01   8.0000000e+01  -6.9443955e+01
   9.1000000e+01   2.6900000e+02  -4.8012788e+01
   9.9000000e+01   1.8200000e+02   1.1656505e+02
   1.0000000e+02   2.6700000e+02  -4.5000000e+01
   1.0500000e+02   2.9300000e+02  -3.9805571e+01
   1.0900000e+02   3.0000000e+02  -3.3690068e+01
   1.1200000e+02   2.5900000e+02   1.2686990e+02
   1.1300000e+02   3.0800000e+02  -4.5000000e+01
   1.1600000e+02   2.4900000e+02  -5.9743563e+01
   1.1900000e+02   1.7100000e+02  -7.1565051e+01
   1.2100000e+02   3.0300000e+02  -3.9289407e+01
   1.2100000e+02   3.1300000e+02   1.4630993e+02
   1.2700000e+02   1.7000000e+02  -7.1565051e+01
   1.3300000e+02   1.7900000e+02   1.1261986e+02
   1.3400000e+02   1.9800000e+02  -7.1565051e+01
   1.3500000e+02   1.7100000e+02  -7.3300756e+01
   1.4200000e+02   1.7700000e+02   1.1261986e+02
   1.4400000e+02   1.6900000e+02  -6.7380135e+01
   1.4400000e+02   2.4300000e+02  -6.7380135e+01
   1.4900000e+02   2.5000000e+02   1.2369007e+02
   1.5200000e+02   2.4200000e+02  -7.1565051e+01
   1.5400000e+02   2.2000000e+01   1.4903624e+02
   1.6600000e+02   1.7100000e+02  -5.6309932e+01
   1.9000000e+02   3.4100000e+02  -4.5000000e+01
   1.9500000e+02   2.3000000e+01   1.5819859e+02
   2.1300000e+02   2.3800000e+02  -7.4744881e+01
   2.5100000e+02   2.8000000e+02   1.1180141e+02
   2.6900000e+02   2.8300000e+02   1.0525512e+02
   2.7000000e+02   2.7400000e+02  -6.7380135e+01
   2.7800000e+02   4.9000000e+01  -1.5738014e+02
   2.7900000e+02   2.3600000e+02   7.9695154e+01
   2.8200000e+02   5.9000000e+01  -1.6596376e+02
   1.1700000e+02   2.8200000e+02   1.3700000e+02
   1.3000000e+02   5.5000000e+01   1.2300000e+02
   1.7200000e+02   3.2000000e+01  -2.3000000e+01
   1.7500000e+02   2.0600000e+02   1.1600000e+02
