   1.3300000e+02   2.1100000e+02  -9.4623222e+00
   1.5300000e+02   1.2600000e+02  -5.2125016e+01
   1.5300000e+02   1.3900000e+02  -5.2125016e+01
   1.9400000e+02   6.3000000e+01   1.1656505e+02
   2.0000000e+02   6.9000000e+01   1.1656505e+02
   2.0300000e+02   1.7800000e+02  -2.3962489e+01
   2.0400000e+02   5.9000000e+01  -6.7380135e+01
   2.2000000e+02   1.8000000e+01   9.6340192e+01
   2.3800000e+02   2.0600000e+02   1.7523636e+02
   2.4800000e+02   1.7900000e+02   1.5603751e+02
   2.5100000e+02   1.0200000e+02   1.0403624e+02
   2.5900000e+02   1.0800000e+02   1.0669924e+02
   2.2800000e+02   2.3800000e+02   1.8000000e+02
