   6.9000000e+01   2.6800000e+02   1.6869007e+02
   8.6000000e+01   1.6600000e+02  -4.5000000e+01
   8.7000000e+01   2.6600000e+02  -4.2273689e+01
   1.2400000e+02   3.1500000e+02  -4.5000000e+01
   1.4700000e+02   1.5000000e+01   1.5738014e+02
   1.4800000e+02   6.8000000e+01   1.3500000e+02
   1.5200000e+02   7.5000000e+01  -2.6565051e+01
   1.5200000e+02   2.7200000e+02   1.2980557e+02
   1.6100000e+02   1.3000000e+02  -2.2619865e+01
   1.7300000e+02   3.1700000e+02  -4.9398705e+01
   1.7400000e+02   3.4000000e+01   1.6156505e+02
   2.0700000e+02   2.7800000e+02   1.0843495e+02
   2.0900000e+02   3.1500000e+02   1.1656505e+02
   2.1100000e+02   3.6000000e+02  -4.5000000e+01
   2.1200000e+02   1.5800000e+02   9.0000000e+01
   2.1300000e+02   3.0800000e+02  -5.7528808e+01
   2.1800000e+02   2.5700000e+02  -7.5963757e+01
   2.2100000e+02   1.3500000e+02   2.6565051e+01
   2.2400000e+02   2.9000000e+01   1.6596376e+02
   2.2400000e+02   3.2600000e+02   1.1656505e+02
   2.2500000e+02   4.5000000e+01   0.0000000e+00
   2.2700000e+02   3.3900000e+02   1.1861046e+02
   2.3300000e+02   3.5000000e+02   1.2369007e+02
   2.3900000e+02   1.9400000e+02   6.3434949e+01
   2.4300000e+02   2.6000000e+02   9.4763642e+01
   2.4500000e+02   2.9200000e+02   8.0537678e+01
   2.8500000e+02   2.8500000e+02  -1.0403624e+02
   2.8600000e+02   2.0000000e+01  -9.4623222e+00
   1.0600000e+02   2.3500000e+02   1.2600000e+02
   1.6600000e+02   3.9000000e+01   1.7000000e+02
   1.7800000e+02   2.6300000e+02  -7.4000000e+01
   2.1900000e+02   2.9900000e+02   1.2300000e+02
   2.2000000e+02   7.9000000e+01  -1.7600000e+02
   2.2100000e+02   1.5900000e+02  -1.5400000e+02
   2.2200000e+02   2.1900000e+02   9.0000000e+01
   2.2800000e+02   3.5900000e+02   1.5300000e+02
   2.9700000e+02   1.9000000e+01   2.6000000e+01
