   7.0000000e+01   2.3300000e+02   1.3198721e+02
   7.5000000e+01   6.1000000e+01  -3.0256437e+01
   8.7000000e+01   2.5400000e+02   1.4134019e+02
   1.0300000e+02   3.3300000e+02  -4.1633539e+01
   1.2000000e+02   3.4500000e+02  -3.2005383e+01
   1.3500000e+02   3.3600000e+02  -3.6869898e+01
   1.4300000e+02   3.5100000e+02  -3.6027373e+01
   1.4400000e+02   1.0200000e+02  -1.6747119e+02
   1.5800000e+02   3.4900000e+02  -2.2619865e+01
   1.6000000e+02   3.5800000e+02   1.7523636e+02
   1.6800000e+02   1.1700000e+02   9.0000000e+01
   1.6900000e+02   2.1300000e+02  -8.0537678e+01
   1.6900000e+02   3.5500000e+02  -9.4623222e+00
   1.7500000e+02   3.1600000e+02  -4.5000000e+01
   1.8100000e+02   2.8100000e+02   1.0403624e+02
   1.8200000e+02   1.4900000e+02   5.9743563e+01
   1.8200000e+02   3.5400000e+02   1.7523636e+02
   1.8600000e+02   2.9300000e+02   9.9462322e+01
   1.8900000e+02   3.4200000e+02   1.8000000e+02
   1.9300000e+02   3.0500000e+02   1.0998311e+02
   1.9700000e+02   2.4700000e+02   7.5963757e+01
   1.9900000e+02   2.6800000e+02   5.9743563e+01
   2.2300000e+02   3.0800000e+02  -1.4974356e+02
   2.5100000e+02   3.0600000e+02  -1.5343495e+02
   2.6900000e+02   2.6100000e+02  -1.3801279e+02
   2.7400000e+02   2.2000000e+01   4.2273689e+01
   2.7700000e+02   1.9500000e+02  -1.1905460e+02
   2.8000000e+02   2.3800000e+02  -1.3772631e+02
   2.8500000e+02   2.0000000e+02   5.6309932e+01
   2.8700000e+02   1.5000000e+02   5.6309932e+01
   2.8800000e+02   1.1700000e+02  -1.4446232e+02
   2.8800000e+02   2.1900000e+02  -1.2369007e+02
   2.9100000e+02   1.2600000e+02   4.0601295e+01
   3.0400000e+02   1.5900000e+02  -1.1974488e+02
   3.0800000e+02   1.5000000e+02  -1.2247119e+02
   3.1300000e+02   1.2600000e+02  -1.0525512e+02
   5.0000000e+01   1.7800000e+02  -5.1000000e+01
   8.1000000e+01   2.8500000e+02   1.3500000e+02
   8.9000000e+01   2.6300000e+02  -5.7000000e+01
   9.0000000e+01   2.3200000e+02   1.2900000e+02
   9.5000000e+01   2.4000000e+02   1.2300000e+02
   1.1500000e+02   2.6500000e+02   1.2600000e+02
   1.2500000e+02   1.8600000e+02   8.0000000e+01
   1.5700000e+02   1.0500000e+02  -1.6200000e+02
   1.5900000e+02   3.2900000e+02   1.4600000e+02
   1.6000000e+02   2.1500000e+02   1.0400000e+02
   1.7300000e+02   2.5500000e+02   1.1400000e+02
   1.9000000e+02   3.1500000e+02   1.4900000e+02
   2.4800000e+02   2.0900000e+02  -1.1300000e+02
   2.4800000e+02   2.7200000e+02   3.3000000e+01
   2.5400000e+02   3.1000000e+01  -1.4400000e+02
   2.5400000e+02   1.9600000e+02  -1.1300000e+02
   2.9200000e+02   7.2000000e+01  -1.2700000e+02
   3.1300000e+02   3.3000000e+01  -1.3000000e+02
