   9.5000000e+01   2.7700000e+02   1.3163354e+02
   1.3700000e+02   6.1000000e+01  -1.2369007e+02
   1.6300000e+02   7.7000000e+01   1.5603751e+02
   1.6900000e+02   8.7000000e+01  -1.4036243e+01
   1.7200000e+02   1.2300000e+02   1.7053768e+02
   1.8500000e+02   1.5700000e+02   1.7428941e+02
   1.9800000e+02   3.5600000e+02  -4.5000000e+01
   2.4600000e+02   3.3000000e+02  -9.9462322e+01
   2.4600000e+02   3.3800000e+02   8.0537678e+01
   2.4700000e+02   6.7000000e+01   9.0000000e+01
   2.6000000e+02   3.0600000e+02  -9.4763642e+01
   2.6200000e+02   3.1400000e+02   7.5963757e+01
   2.6900000e+02   2.8900000e+02   8.4805571e+01
   2.8600000e+02   1.6000000e+02   5.7528808e+01
