   1.4400000e+02   1.7700000e+02  -5.9036243e+01
   2.0600000e+02   8.9000000e+01  -1.1309932e+01
   2.1400000e+02   3.4700000e+02  -9.0000000e+01
   2.2900000e+02   1.2500000e+02   1.7053768e+02
   2.3300000e+02   8.0000000e+01  -4.5000000e+01
   3.2700000e+02   3.0100000e+02  -1.1261986e+02
   3.2900000e+02   1.2100000e+02  -1.3939871e+02
   3.3900000e+02   2.2800000e+02  -1.3772631e+02
   3.3900000e+02   2.6100000e+02  -1.2025644e+02
   3.4000000e+02   2.4400000e+02  -1.2928941e+02
   1.5500000e+02   1.3400000e+02   0.0000000e+00
   2.1100000e+02   2.1000000e+02   1.5300000e+02
