   6.1000000e+01   2.5400000e+02   9.4763642e+01
   7.1000000e+01   3.0100000e+02  -1.2025644e+02
   7.6000000e+01   1.8300000e+02   1.1656505e+02
   9.8000000e+01   9.1000000e+01  -9.4623222e+00
   1.2800000e+02   1.9000000e+02   1.5138954e+02
   1.3600000e+02   7.9000000e+01   1.8434949e+01
   1.3700000e+02   3.2000000e+02  -1.5343495e+02
   1.4900000e+02   2.0000000e+02   5.0710593e+01
   1.6500000e+02   3.2700000e+02  -1.6596376e+02
   1.8000000e+02   7.6000000e+01   3.6869898e+01
   1.9600000e+02   5.8000000e+01  -1.3939871e+02
   2.2000000e+02   2.5600000e+02  -1.3227369e+02
   2.3500000e+02   3.3700000e+02  -1.7523636e+02
   2.7400000e+02   2.8800000e+02  -1.5738014e+02
   7.6000000e+01   2.3300000e+02   1.0900000e+02
   8.4000000e+01   1.5800000e+02  -3.1000000e+01
   8.9000000e+01   3.1200000e+02   3.0000000e+01
   1.0100000e+02   1.3300000e+02  -1.9000000e+01
   1.0500000e+02   1.5700000e+02  -1.9000000e+01
   1.0500000e+02   2.0500000e+02   1.1200000e+02
   1.2900000e+02   1.3500000e+02   1.0000000e+01
   1.3700000e+02   2.4000000e+02  -1.1700000e+02
   1.4000000e+02   2.4900000e+02   5.6000000e+01
   1.5800000e+02   2.3900000e+02   5.6000000e+01
   1.5800000e+02   2.5600000e+02  -1.2100000e+02
   1.6500000e+02   1.2100000e+02   4.2000000e+01
   1.7400000e+02   9.5000000e+01   3.9000000e+01
   1.8300000e+02   3.1900000e+02   1.8000000e+01
   2.1300000e+02   3.4600000e+02  -5.0000000e+00
   2.2400000e+02   1.8400000e+02  -1.3500000e+02
   2.3100000e+02   3.2100000e+02   9.0000000e+00
   2.7500000e+02   2.2800000e+02   4.2000000e+01
   2.7600000e+02   1.4400000e+02  -1.4700000e+02
