   8.7000000e+01   1.6200000e+02   1.1261986e+02
   1.0000000e+02   2.9600000e+02  -1.4974356e+02
   1.2500000e+02   2.8800000e+02  -1.4313010e+02
   1.3300000e+02   3.1600000e+02  -1.5738014e+02
   1.3500000e+02   3.4300000e+02   1.8000000e+02
   1.3600000e+02   1.6600000e+02   1.4134019e+02
   1.4800000e+02   5.4000000e+01   1.4036243e+01
   1.5100000e+02   2.9800000e+02  -1.5343495e+02
   1.5700000e+02   3.4000000e+02   1.8000000e+02
   1.7400000e+02   3.2800000e+02  -1.7523636e+02
   1.7600000e+02   2.4100000e+02  -9.9462322e+01
   1.7600000e+02   3.0600000e+02  -1.6156505e+02
   1.9100000e+02   3.0000000e+02  -1.4752881e+02
   1.9300000e+02   5.0000000e+01   3.3690068e+01
   2.1300000e+02   3.5000000e+02   1.7523636e+02
   2.1900000e+02   2.9800000e+02  -1.5738014e+02
   2.2300000e+02   3.2000000e+02  -1.7053768e+02
   2.3200000e+02   2.2600000e+02  -1.2928941e+02
   2.4500000e+02   3.1400000e+02   1.8000000e+02
   2.5500000e+02   1.0400000e+02  -1.2686990e+02
   2.8400000e+02   2.6400000e+02  -1.4974356e+02
   6.8000000e+01   2.3800000e+02   1.1600000e+02
   7.6000000e+01   2.6300000e+02   1.0400000e+02
   7.8000000e+01   2.3000000e+02   9.9000000e+01
   7.9000000e+01   2.8300000e+02   3.0000000e+01
   1.1000000e+02   1.0900000e+02  -2.3000000e+01
   1.1100000e+02   1.3400000e+02  -2.3000000e+01
   1.1600000e+02   1.8100000e+02   1.0800000e+02
   1.5000000e+02   2.1300000e+02  -1.1700000e+02
   1.5500000e+02   2.2200000e+02   5.6000000e+01
   1.6300000e+02   1.6900000e+02  -1.3500000e+02
   1.7200000e+02   2.1100000e+02   5.3000000e+01
   1.7300000e+02   9.4000000e+01   3.9000000e+01
   1.7400000e+02   2.2900000e+02  -1.2700000e+02
   1.8600000e+02   6.7000000e+01   4.2000000e+01
   1.9900000e+02   1.2800000e+02   4.2000000e+01
   2.1700000e+02   3.5900000e+02   1.7500000e+02
   2.3200000e+02   6.0000000e+01  -1.3500000e+02
   2.4000000e+02   2.9700000e+02   4.0000000e+00
   2.4500000e+02   3.5800000e+02   1.8000000e+02
   2.4700000e+02   2.7700000e+02   1.8000000e+01
   2.8600000e+02   2.0200000e+02   5.0000000e+01
