   9.6000000e+01   2.1500000e+02  -6.7380135e+01
   1.0500000e+02   1.5000000e+02  -7.5963757e+01
   1.0900000e+02   2.3300000e+02  -5.3130102e+01
   1.1500000e+02   1.3700000e+02   1.1261986e+02
   1.4400000e+02   2.2400000e+02  -1.2025644e+02
   1.4600000e+02   1.0700000e+02   1.1656505e+02
   1.5300000e+02   8.4000000e+01  -4.2273689e+01
   1.5800000e+02   2.3800000e+02  -1.4974356e+02
   1.5900000e+02   2.9400000e+02   1.7053768e+02
   1.6000000e+02   2.7700000e+02   1.8000000e+02
   1.7000000e+02   2.9300000e+02  -4.7636417e+00
   1.7800000e+02   2.9800000e+02   1.7523636e+02
   1.8400000e+02   2.3100000e+02  -1.4313010e+02
   1.9000000e+02   2.9900000e+02  -9.4623222e+00
   1.9100000e+02   2.5800000e+02  -1.5343495e+02
   1.9100000e+02   2.8400000e+02   1.8000000e+02
   1.9500000e+02   5.2000000e+01   1.8000000e+02
   1.9600000e+02   1.1100000e+02   1.4752881e+02
   1.9900000e+02   3.4000000e+02  -6.3401917e+00
   2.0800000e+02   2.4100000e+02  -1.4974356e+02
   2.1400000e+02   2.8200000e+02  -1.7523636e+02
   2.2000000e+02   1.1900000e+02   5.3130102e+01
   2.2600000e+02   3.3400000e+02   0.0000000e+00
   2.2800000e+02   3.2100000e+02   1.6596376e+02
   2.3200000e+02   2.7100000e+02  -1.7053768e+02
   2.3400000e+02   2.4900000e+02  -1.6156505e+02
   2.3500000e+02   3.1600000e+02  -9.4623222e+00
   2.6800000e+02   2.9500000e+02  -1.7523636e+02
   2.7700000e+02   2.4300000e+02  -1.5738014e+02
   2.8100000e+02   2.6500000e+02  -1.7053768e+02
   2.9100000e+02   1.7300000e+02  -1.2928941e+02
   3.0100000e+02   2.6200000e+02  -1.6596376e+02
   3.0800000e+02   2.1900000e+02  -1.4313010e+02
   1.1500000e+02   8.0000000e+01   1.2300000e+02
   1.2600000e+02   1.8300000e+02   1.2000000e+02
   1.3000000e+02   2.1800000e+02   1.2600000e+02
   1.3300000e+02   2.0600000e+02   1.0400000e+02
   1.3600000e+02   2.2600000e+02   2.6000000e+01
   1.3700000e+02   1.7400000e+02   1.0800000e+02
   1.4900000e+02   1.5600000e+02   1.1100000e+02
   1.6500000e+02   5.9000000e+01  -2.7000000e+01
   1.7100000e+02   8.1000000e+01  -2.3000000e+01
   1.7500000e+02   1.2700000e+02   1.0800000e+02
   2.0100000e+02   5.8000000e+01   1.8000000e+02
   2.1000000e+02   1.6000000e+02  -1.2100000e+02
   2.1300000e+02   1.6800000e+02   5.3000000e+01
   2.2700000e+02   4.1000000e+01   3.0000000e+01
   2.3000000e+02   1.5700000e+02   5.0000000e+01
   2.4900000e+02   3.1400000e+02   1.7000000e+02
   2.5400000e+02   2.4200000e+02   1.8000000e+01
   2.5700000e+02   7.4000000e+01   4.2000000e+01
   2.9900000e+02   2.4300000e+02   9.0000000e+00
