   3.6000000e+01   1.3900000e+02   9.0000000e+01
   8.2000000e+01   2.4900000e+02  -1.4630993e+02
   1.1300000e+02   4.8000000e+01   2.8610460e+01
   1.1700000e+02   2.3800000e+02  -1.6596376e+02
   1.2300000e+02   2.9000000e+02   1.4974356e+02
   1.3600000e+02   2.5900000e+02   1.7523636e+02
   1.4400000e+02   2.3700000e+02  -1.7053768e+02
   1.5200000e+02   1.5000000e+01  -1.6156505e+02
   1.5200000e+02   2.8200000e+02   1.4974356e+02
   1.7000000e+02   8.2000000e+01  -1.7523636e+02
   1.7100000e+02   2.7000000e+02   1.5738014e+02
   1.8000000e+02   2.5400000e+02   1.6596376e+02
   1.8200000e+02   2.2300000e+02  -1.7523636e+02
   1.9000000e+02   1.4300000e+02  -1.4630993e+02
   2.0800000e+02   2.1100000e+02   1.8000000e+02
   2.2400000e+02   2.5700000e+02   1.5738014e+02
   2.2400000e+02   3.1100000e+02   1.2865981e+02
   2.3300000e+02   3.0700000e+02   4.5000000e+01
   2.3800000e+02   2.1400000e+02   1.5738014e+02
   2.5100000e+02   1.5000000e+02   1.8000000e+02
   2.7400000e+02   2.4700000e+02   9.0000000e+01
   4.7000000e+01   1.0400000e+02  -4.8000000e+01
   4.8000000e+01   2.1800000e+02   6.7000000e+01
   5.6000000e+01   2.0700000e+02  -1.0900000e+02
   5.8000000e+01   7.1000000e+01  -3.7000000e+01
   6.5000000e+01   2.3700000e+02  -1.1700000e+02
   6.7000000e+01   2.5100000e+02   4.1000000e+01
   7.1000000e+01   1.4200000e+02  -1.0000000e+02
   7.6000000e+01   1.8000000e+01   9.0000000e+00
   7.7000000e+01   6.0000000e+01  -5.0000000e+00
   7.7000000e+01   2.5600000e+02  -5.0000000e+00
   1.0000000e+02   2.5200000e+02   4.0000000e+00
   1.0500000e+02   1.1100000e+02  -1.5400000e+02
   1.2000000e+02   1.6500000e+02   3.0000000e+01
   1.2100000e+02   6.2000000e+01   2.2000000e+01
   1.3100000e+02   1.4800000e+02   3.0000000e+01
   1.5200000e+02   1.7400000e+02   3.0000000e+01
   1.6000000e+02   8.1000000e+01  -1.5400000e+02
   2.2400000e+02   1.8000000e+02  -1.0000000e+01
   2.2400000e+02   2.3000000e+02  -3.1000000e+01
   2.2600000e+02   9.1000000e+01   2.2000000e+01
   2.2800000e+02   2.0000000e+02  -1.9000000e+01
