   1.0100000e+02   3.5200000e+02  -8.0537678e+01
   1.2300000e+02   3.5200000e+02   9.4763642e+01
   1.4800000e+02   3.2100000e+02   9.4763642e+01
   1.6700000e+02   2.4100000e+02   1.8000000e+02
   1.6900000e+02   3.0200000e+02   1.3198721e+02
   1.7600000e+02   2.4200000e+02   4.7636417e+00
   1.9300000e+02   3.0900000e+02   5.0710593e+01
   2.2800000e+02   2.4700000e+02   5.3130102e+01
   1.8500000e+02   3.5200000e+02  -1.2100000e+02
   1.8900000e+02   2.4300000e+02   1.9000000e+01
   1.8900000e+02   3.6000000e+02   6.3000000e+01
   2.0400000e+02   3.4900000e+02  -1.2300000e+02
