   1.5800000e+02   3.2000000e+02   1.7523636e+02
   1.7300000e+02   3.0500000e+02  -1.7523636e+02
   1.7800000e+02   2.4000000e+01   4.7636417e+00
   1.9300000e+02   2.5800000e+02  -1.5343495e+02
   2.2300000e+02   1.5000000e+01   2.2619865e+01
   5.4000000e+01   1.3200000e+02  -6.0000000e+01
   8.4000000e+01   2.7800000e+02  -1.0000000e+01
   8.5000000e+01   5.4000000e+01   1.2600000e+02
   8.8000000e+01   7.9000000e+01  -4.5000000e+01
   8.8000000e+01   2.5100000e+02   1.3500000e+02
   1.0500000e+02   1.5800000e+02   1.2200000e+02
   1.0600000e+02   2.6000000e+02   1.4600000e+02
   1.1300000e+02   2.8000000e+02  -1.1000000e+01
   1.1500000e+02   2.4000000e+02   1.3500000e+02
   1.2000000e+02   3.0900000e+02   1.7000000e+02
   1.2200000e+02   2.5100000e+02   1.4000000e+01
   1.2300000e+02   2.8000000e+02   9.0000000e+00
   1.2400000e+02   9.1000000e+01   1.2300000e+02
   1.2900000e+02   1.2300000e+02   1.2000000e+02
   1.3600000e+02   1.7400000e+02   1.4200000e+02
   1.4500000e+02   3.3000000e+01  -1.9000000e+01
   1.5900000e+02   2.9600000e+02   9.0000000e+00
   1.6400000e+02   3.2900000e+02  -1.7600000e+02
   1.6700000e+02   1.7300000e+02  -1.0000000e+02
   1.7000000e+02   2.2600000e+02  -1.2400000e+02
   1.7400000e+02   3.3000000e+02  -1.7600000e+02
   1.7500000e+02   2.3400000e+02   4.2000000e+01
   1.7800000e+02   7.0000000e+01  -1.0000000e+01
   1.7800000e+02   2.8200000e+02   1.8000000e+01
   2.0100000e+02   1.8200000e+02   5.9000000e+01
   2.0900000e+02   5.5000000e+01   2.6000000e+01
   2.0900000e+02   3.0900000e+02   2.6000000e+01
   2.1600000e+02   1.6900000e+02  -1.2700000e+02
   2.1600000e+02   1.8500000e+02  -1.2400000e+02
   2.1700000e+02   3.1000000e+02   4.0000000e+00
   2.4200000e+02   3.0000000e+02   1.4000000e+01
   2.4500000e+02   6.9000000e+01   3.9000000e+01
   2.4500000e+02   9.0000000e+01   4.2000000e+01
   2.6400000e+02   1.8000000e+01  -1.4400000e+02
   2.6700000e+02   2.9300000e+02   0.0000000e+00
   2.8000000e+02   2.4800000e+02  -1.4700000e+02
   2.8200000e+02   1.2500000e+02  -1.3900000e+02
   2.8600000e+02   2.4200000e+02   2.6000000e+01
   2.8900000e+02   2.1100000e+02  -1.5200000e+02
