   1.4200000e+02   2.2200000e+02  -1.1261986e+02
   1.4700000e+02   2.3200000e+02   5.9743563e+01
   1.5600000e+02   2.7100000e+02  -1.4903624e+02
   1.5800000e+02   2.3000000e+02  -1.2025644e+02
   1.6100000e+02   2.8100000e+02  -1.5343495e+02
   1.7100000e+02   1.9200000e+02  -1.1261986e+02
   1.7700000e+02   2.8900000e+02  -1.7053768e+02
   1.9900000e+02   2.9600000e+02  -1.6596376e+02
   2.1800000e+02   2.4400000e+02  -1.3163354e+02
   2.1900000e+02   2.6700000e+02  -1.4071059e+02
   2.4700000e+02   9.8000000e+01   5.3972627e+01
   2.4800000e+02   2.6100000e+02   4.1987212e+01
   2.6200000e+02   2.0700000e+02  -1.2602737e+02
   2.7000000e+02   2.1700000e+02   4.7489553e+01
   2.7300000e+02   9.4000000e+01   4.1185925e+01
   2.7800000e+02   2.0800000e+02  -1.3198721e+02
   2.8400000e+02   1.6600000e+02   5.9743563e+01
   2.8700000e+02   1.4000000e+02  -1.2553768e+02
   1.8500000e+02   1.7800000e+02  -1.1300000e+02
   1.8900000e+02   1.8700000e+02   5.3000000e+01
   1.9200000e+02   1.1500000e+02  -1.5000000e+02
   2.0600000e+02   1.9400000e+02  -1.2100000e+02
