   1.5900000e+02   2.3800000e+02  -7.4744881e+01
   1.6300000e+02   2.5800000e+02   1.2369007e+02
   1.6900000e+02   3.0300000e+02  -4.7726311e+01
   2.1400000e+02   8.1000000e+01   1.5343495e+02
   2.7600000e+02   5.6000000e+01   1.8434949e+01
   3.4100000e+02   2.0600000e+02  -1.1656505e+02
   3.6200000e+02   1.5200000e+02  -1.2025644e+02
   3.6600000e+02   1.7200000e+02  -1.1656505e+02
   1.7500000e+02   3.1600000e+02   1.4700000e+02
   1.8900000e+02   2.0400000e+02   1.0400000e+02
   2.1100000e+02   1.3600000e+02   1.3800000e+02
   2.7900000e+02   1.7600000e+02  -1.3500000e+02
   2.8600000e+02   9.9000000e+01   4.5000000e+01
   2.9500000e+02   2.4600000e+02   7.1000000e+01
   2.9700000e+02   1.9400000e+02  -1.2300000e+02
   3.0200000e+02   2.2000000e+02  -1.2100000e+02
   3.0300000e+02   2.3900000e+02  -1.2100000e+02
   3.1300000e+02   3.5800000e+02   1.7500000e+02
   3.2500000e+02   3.5800000e+02   1.8000000e+02
   3.2600000e+02   2.3300000e+02  -1.2100000e+02
   3.5300000e+02   2.1200000e+02  -1.2100000e+02
