   6.6000000e+01   1.1000000e+02   1.1656505e+02
   7.7000000e+01   1.4200000e+02  -8.4805571e+01
   1.2100000e+02   3.1400000e+02   1.8000000e+02
   1.2600000e+02   2.8600000e+02  -1.5738014e+02
   1.7100000e+02   3.5900000e+02  -1.8434949e+01
   2.1100000e+02   2.9700000e+02   1.7523636e+02
   2.5800000e+02   2.9600000e+02   1.8000000e+02
   2.7300000e+02   2.5900000e+02   1.8000000e+02
   6.2000000e+01   1.1800000e+02   7.4000000e+01
   7.0000000e+01   9.5000000e+01   1.0400000e+02
   1.2000000e+02   3.0400000e+02   1.6500000e+02
   1.3700000e+02   2.8500000e+02   1.4000000e+01
   1.4400000e+02   2.8000000e+01   1.8000000e+02
   1.6900000e+02   2.5900000e+02   2.6000000e+01
   1.7500000e+02   3.9000000e+01   3.6000000e+01
   2.1300000e+02   2.5000000e+01   4.5000000e+01
   2.5500000e+02   3.4700000e+02   1.7500000e+02
   2.6500000e+02   1.6000000e+02  -1.3500000e+02
   2.7100000e+02   1.4000000e+02  -1.3000000e+02
