   8.4000000e+01   2.4500000e+02   1.1261986e+02
   1.0500000e+02   2.7900000e+02   1.2865981e+02
   1.2300000e+02   7.8000000e+01  -1.8434949e+01
   1.4800000e+02   3.2700000e+02  -1.5138954e+02
   2.8200000e+02   3.3700000e+02   1.7523636e+02
   7.5000000e+01   2.0100000e+02   9.4000000e+01
   9.4000000e+01   1.1400000e+02   1.2000000e+02
   1.0800000e+02   2.4200000e+02   1.0400000e+02
   1.1600000e+02   8.2000000e+01   0.0000000e+00
   1.4000000e+02   3.4400000e+02   1.7000000e+02
   1.5400000e+02   8.1000000e+01   1.8000000e+02
   1.5800000e+02   5.8000000e+01   1.7500000e+02
   1.8400000e+02   9.1000000e+01  -1.5800000e+02
   2.2300000e+02   1.4100000e+02  -1.2100000e+02
   2.7500000e+02   1.7400000e+02  -1.3000000e+02
   2.8700000e+02   3.1000000e+02  -1.6200000e+02
