   2.3800000e+02   3.5000000e+02  -1.4134019e+02
   2.3900000e+02   3.1100000e+02  -1.0130993e+02
   2.5200000e+02   7.4000000e+01   1.8000000e+02
   3.3500000e+02   1.3300000e+02  -1.1444395e+02
   3.3500000e+02   1.4100000e+02   7.1565051e+01
   3.4000000e+02   1.6900000e+02   8.0537678e+01
   9.5000000e+01   2.3900000e+02   1.6000000e+02
   1.2600000e+02   2.9400000e+02   4.1000000e+01
   2.0400000e+02   3.5700000e+02  -1.4800000e+02
   2.2600000e+02   2.4100000e+02   9.9000000e+01
   2.3300000e+02   7.5000000e+01   1.6500000e+02
   2.3600000e+02   2.4000000e+02  -7.5000000e+01
   2.3600000e+02   2.4800000e+02  -7.2000000e+01
   2.4700000e+02   3.0300000e+02  -1.1000000e+02
   2.7100000e+02   2.6000000e+02   9.4000000e+01
   2.8200000e+02   3.0700000e+02  -1.1000000e+02
   3.0300000e+02   1.2900000e+02  -1.3800000e+02
   3.0600000e+02   1.8300000e+02  -8.0000000e+01
   3.2800000e+02   1.6700000e+02  -1.0000000e+02
   3.3700000e+02   2.0100000e+02  -9.5000000e+01
   3.4000000e+02   1.5600000e+02  -1.0500000e+02
