   9.9000000e+01   1.2400000e+02   1.2369007e+02
   1.0400000e+02   1.1700000e+02  -4.5000000e+01
   1.4700000e+02   2.2500000e+02  -1.0030485e+02
   2.4600000e+02   1.6600000e+02  -1.1261986e+02
   7.2000000e+01   2.2100000e+02   1.1200000e+02
   1.0100000e+02   2.2700000e+02   9.4000000e+01
   1.5800000e+02   3.6000000e+02   1.7000000e+02
   1.7300000e+02   1.5200000e+02   9.0000000e+01
   1.9100000e+02   7.6000000e+01   4.5000000e+01
   2.1100000e+02   1.5800000e+02  -1.1700000e+02
   2.2700000e+02   3.2200000e+02   1.8000000e+02
   2.3500000e+02   3.5900000e+02   1.7000000e+02
   2.3700000e+02   1.1800000e+02  -1.1700000e+02
   2.4600000e+02   1.8200000e+02  -1.1300000e+02
   2.6700000e+02   1.8200000e+02  -1.2700000e+02
   2.7100000e+02   2.2400000e+02  -1.2700000e+02
