   9.6000000e+01   1.2000000e+02  -9.0000000e+01
   1.0100000e+02   2.4000000e+02  -1.2369007e+02
   1.1200000e+02   1.9900000e+02  -9.4763642e+01
   1.1400000e+02   2.0700000e+02   7.1565051e+01
   1.1500000e+02   2.7000000e+02   1.3500000e+02
   1.1700000e+02   2.1600000e+02  -1.0843495e+02
   1.2600000e+02   2.5500000e+02  -1.2025644e+02
   1.2800000e+02   5.1000000e+01  -3.0256437e+01
   1.2900000e+02   4.3000000e+01  -1.5343495e+02
   1.2900000e+02   2.1600000e+02  -1.1444395e+02
   1.3400000e+02   3.4300000e+02   1.6596376e+02
   1.4500000e+02   1.1400000e+02   1.0403624e+02
   1.6100000e+02   3.3000000e+02  -1.6596376e+02
   1.7000000e+02   2.8100000e+02  -1.4974356e+02
   1.7900000e+02   2.8400000e+02   9.4623222e+00
   1.8200000e+02   5.4000000e+01   0.0000000e+00
   1.9400000e+02   9.7000000e+01  -1.7053768e+02
   2.2300000e+02   5.1000000e+01   1.6596376e+02
   2.2500000e+02   2.0200000e+02   9.9462322e+01
   2.4100000e+02   3.0200000e+02  -4.2273689e+01
   2.4200000e+02   2.7000000e+02   1.2025644e+02
   2.4800000e+02   4.7000000e+01   2.6565051e+01
   2.5700000e+02   3.3100000e+02  -3.0256437e+01
   2.6900000e+02   2.3200000e+02  -8.5236358e+01
   2.9100000e+02   2.3300000e+02  -9.4763642e+01
   3.2200000e+02   2.3300000e+02  -1.1396249e+02
   1.1700000e+02   2.9900000e+02   3.2000000e+01
   1.3600000e+02   1.1000000e+02   1.0400000e+02
   1.5000000e+02   1.3900000e+02   9.4000000e+01
   1.5100000e+02   1.0300000e+02   1.1200000e+02
   1.9000000e+02   2.7100000e+02  -1.7100000e+02
   1.9300000e+02   2.8700000e+02  -1.7000000e+01
   1.9800000e+02   3.5100000e+02   1.7500000e+02
   2.0300000e+02   6.2000000e+01  -1.7100000e+02
   2.0800000e+02   1.0200000e+02   5.1000000e+01
   2.1300000e+02   3.6000000e+02  -5.0000000e+00
   2.1600000e+02   2.1100000e+02   1.1200000e+02
   2.1900000e+02   2.2600000e+02   1.2000000e+02
   2.4100000e+02   2.8500000e+02   1.3500000e+02
   2.4700000e+02   3.5200000e+02   1.5500000e+02
   2.4800000e+02   3.5000000e+01   1.4900000e+02
