   8.3000000e+01   1.1800000e+02   9.4763642e+01
   9.9000000e+01   3.0000000e+01  -1.2528808e+01
   1.0000000e+02   1.9700000e+02  -1.1861046e+02
   1.2400000e+02   7.0000000e+01   1.4974356e+02
   1.3400000e+02   2.4200000e+02  -1.2553768e+02
   1.4700000e+02   2.7300000e+02   0.0000000e+00
   1.5600000e+02   2.4400000e+02   2.6565051e+01
   1.6100000e+02   1.4600000e+02   1.1261986e+02
   1.6200000e+02   1.7000000e+01  -1.6747119e+02
   1.8700000e+02   3.0200000e+02  -3.6869898e+01
   2.0600000e+02   2.5500000e+02   1.1656505e+02
   2.1200000e+02   3.1700000e+02  -2.9744881e+01
   2.2400000e+02   3.2500000e+02  -2.2619865e+01
   2.3300000e+02   2.4500000e+02   1.0998311e+02
   2.3500000e+02   2.3700000e+02  -7.9695154e+01
   2.5700000e+02   2.3700000e+02  -8.0537678e+01
   2.7700000e+02   3.2500000e+02  -1.8434949e+01
   2.8100000e+02   2.3700000e+02  -1.1444395e+02
   2.9400000e+02   2.3900000e+02  -1.2686990e+02
   1.1300000e+02   1.2300000e+02   9.4000000e+01
   1.4700000e+02   2.4600000e+02  -1.3500000e+02
   1.6400000e+02   2.4600000e+02  -3.7000000e+01
   1.7000000e+02   1.7800000e+02   1.0800000e+02
   1.7300000e+02   1.5500000e+02  -7.1000000e+01
   1.7500000e+02   2.2000000e+01   1.1000000e+02
   1.7900000e+02   1.8400000e+02   1.0800000e+02
   1.8600000e+02   2.6000000e+02   1.3500000e+02
   2.0500000e+02   2.7000000e+02   1.2900000e+02
   2.3900000e+02   8.0000000e+01   1.8000000e+02
   2.5600000e+02   2.6000000e+01  -1.3200000e+02
   2.7700000e+02   3.0400000e+02   1.6500000e+02
   2.7800000e+02   2.5300000e+02   1.2500000e+02
   3.0100000e+02   2.2000000e+02   1.8000000e+01
