   1.2700000e+02   1.9600000e+02  -1.1444395e+02
   1.5800000e+02   1.8000000e+02   5.6309932e+01
   1.5900000e+02   5.6000000e+01   1.4974356e+02
   1.6700000e+02   5.5000000e+01   1.1309932e+01
   1.8900000e+02   2.3100000e+02   2.6565051e+01
   2.1000000e+02   1.2700000e+02   1.0669924e+02
   2.3900000e+02   2.4000000e+02   1.2025644e+02
   2.6900000e+02   2.0900000e+02   1.0030485e+02
   2.8400000e+02   2.0000000e+02  -1.0525512e+02
   2.8800000e+02   9.9000000e+01  -1.2096376e+02
   2.8800000e+02   2.1800000e+02  -7.9695154e+01
   2.9400000e+02   6.1000000e+01  -1.2602737e+02
   3.1900000e+02   1.4300000e+02  -1.3836646e+02
   1.0100000e+02   1.0000000e+02   9.4000000e+01
   1.5200000e+02   9.0000000e+01  -9.0000000e+01
   1.9300000e+02   1.6400000e+02  -8.3000000e+01
   2.1300000e+02   1.9600000e+02   1.1200000e+02
   2.6200000e+02   1.4400000e+02  -1.0000000e+02
   2.7400000e+02   2.9700000e+02   1.4900000e+02
   3.1100000e+02   2.1500000e+02   0.0000000e+00
