   8.7000000e+01   1.8000000e+02  -1.0843495e+02
   8.9000000e+01   1.9000000e+02   5.2125016e+01
   1.1900000e+02   1.6400000e+02   5.3972627e+01
   1.4100000e+02   2.4300000e+02   0.0000000e+00
   1.5600000e+02   2.6000000e+01   3.3690068e+01
   1.5600000e+02   1.3900000e+02  -7.0016893e+01
   1.9900000e+02   9.1000000e+01  -1.0843495e+02
   1.9900000e+02   2.2400000e+02   1.1656505e+02
   2.0400000e+02   2.2000000e+01   6.0945396e+01
   2.4700000e+02   9.3000000e+01   6.1389540e+01
   2.4900000e+02   2.0200000e+02  -8.2874984e+01
   1.2000000e+02   9.7000000e+01  -9.5000000e+01
   1.3900000e+02   9.5000000e+01   1.0600000e+02
   1.5300000e+02   1.4800000e+02  -7.2000000e+01
   1.5600000e+02   4.5000000e+01   5.4000000e+01
   1.7800000e+02   1.9100000e+02   1.2200000e+02
   2.5700000e+02   2.4200000e+02   1.3100000e+02
   2.5800000e+02   2.2200000e+02   1.0800000e+02
   2.5800000e+02   2.9500000e+02  -1.5000000e+01
   2.7000000e+02   2.1600000e+02  -6.0000000e+01
