   8.2000000e+01   1.9300000e+02  -8.5236358e+01
   9.7000000e+01   7.3000000e+01   0.0000000e+00
   1.2400000e+02   2.4400000e+02  -9.5194429e+01
   1.5800000e+02   3.1500000e+02   5.0710593e+01
   1.7900000e+02   9.6000000e+01   1.8000000e+02
   2.2100000e+02   6.6000000e+01  -1.4974356e+02
   2.3700000e+02   2.0200000e+02  -1.1261986e+02
   2.4200000e+02   1.1400000e+02   4.5000000e+01
   2.6000000e+02   2.3900000e+02   7.9695154e+01
   2.9000000e+02   1.2400000e+02   4.2273689e+01
   3.1600000e+02   1.9200000e+02   4.7726311e+01
   1.1100000e+02   1.8100000e+02   1.0400000e+02
   1.2700000e+02   1.9000000e+02   9.4000000e+01
   1.5600000e+02   3.0500000e+02   4.1000000e+01
   1.5800000e+02   3.2300000e+02  -1.3000000e+02
   1.7200000e+02   5.0000000e+01   1.8000000e+01
   1.8200000e+02   1.2500000e+02  -1.6600000e+02
   2.3700000e+02   2.2800000e+02   8.0000000e+01
   2.5200000e+02   5.5000000e+01   3.3000000e+01
   2.7500000e+02   3.4500000e+02  -5.8000000e+01
   2.7900000e+02   1.9700000e+02  -1.2100000e+02
   2.8400000e+02   6.5000000e+01   3.9000000e+01
   3.0600000e+02   1.2700000e+02  -1.4700000e+02
   3.1500000e+02   1.3700000e+02   2.9000000e+01
