   1.3000000e+02   2.2000000e+02  -1.1974488e+02
   1.7900000e+02   2.3500000e+02  -1.2686990e+02
   2.2200000e+02   7.6000000e+01   5.7994617e+01
   2.4900000e+02   2.9000000e+01   4.5000000e+01
   2.4900000e+02   2.3100000e+02  -9.5710593e+01
   2.6100000e+02   1.6700000e+02  -1.0030485e+02
   2.7400000e+02   3.0000000e+01   5.3130102e+01
   2.8100000e+02   2.7300000e+02  -6.9443955e+01
   2.8100000e+02   2.8300000e+02   1.1180141e+02
   3.2800000e+02   1.5300000e+02   6.3434949e+01
   1.4600000e+02   1.1900000e+02   9.4000000e+01
   2.7800000e+02   1.8600000e+02  -1.0000000e+02
   3.1500000e+02   9.0000000e+01  -1.1700000e+02
