   1.5000000e+02   1.1300000e+02   1.2369007e+02
   1.7500000e+02   2.4800000e+02  -1.0030485e+02
   1.8200000e+02   3.4700000e+02  -1.4446232e+02
   1.9100000e+02   1.2600000e+02  -6.3434949e+01
   1.9700000e+02   7.2000000e+01   1.3251045e+02
   2.0000000e+02   1.5600000e+02   1.0403624e+02
   2.0300000e+02   6.6000000e+01  -3.3690068e+01
   2.0400000e+02   1.0300000e+02   1.2025644e+02
   2.1100000e+02   2.0500000e+02  -9.4763642e+01
   2.1300000e+02   2.1300000e+02   8.5236358e+01
   2.2600000e+02   2.5000000e+01  -2.3962489e+01
   2.5100000e+02   1.8000000e+01   1.7053768e+02
   1.5700000e+02   2.9100000e+02  -1.0000000e+02
   1.7000000e+02   1.9000000e+01  -6.9000000e+01
   1.8600000e+02   7.2000000e+01  -4.3000000e+01
   1.9800000e+02   2.1000000e+01   1.4300000e+02
   2.0500000e+02   2.2500000e+02   6.7000000e+01
   2.0800000e+02   1.4700000e+02   1.0400000e+02
   2.3100000e+02   1.6500000e+02   9.4000000e+01
   2.6300000e+02   1.1200000e+02   1.3800000e+02
   2.8600000e+02   1.9400000e+02  -4.5000000e+01
