   1.2400000e+02   2.6500000e+02  -8.2874984e+01
   1.2600000e+02   2.2500000e+02  -6.3434949e+01
   1.5800000e+02   1.8000000e+02   1.0843495e+02
   1.6000000e+02   2.6100000e+02  -1.1180141e+02
   1.6100000e+02   3.3300000e+02  -1.2787498e+02
   1.7500000e+02   1.5700000e+02  -6.3434949e+01
   1.8400000e+02   1.8700000e+02   9.9462322e+01
   1.8800000e+02   1.3400000e+02   1.2025644e+02
   1.9500000e+02   2.3500000e+02  -1.0130993e+02
   1.9700000e+02   1.0500000e+02  -4.1987212e+01
   1.9900000e+02   9.6000000e+01   1.3801279e+02
   2.1000000e+02   5.6000000e+01  -1.5255119e+01
   2.2700000e+02   6.1000000e+01   0.0000000e+00
   2.3500000e+02   4.9000000e+01   1.7053768e+02
   2.4100000e+02   2.8400000e+02  -1.2025644e+02
   2.5000000e+02   8.6000000e+01   1.6156505e+02
   2.9100000e+02   2.7100000e+02  -3.9805571e+01
   2.9500000e+02   2.6100000e+02  -5.5007980e+01
   2.9700000e+02   1.8300000e+02   8.0537678e+01
   2.9800000e+02   1.0200000e+02   3.3690068e+01
   3.0100000e+02   2.2300000e+02   1.0843495e+02
   1.3500000e+02   2.8800000e+02  -8.6000000e+01
   1.3900000e+02   2.7500000e+02   1.0600000e+02
   1.4300000e+02   2.9300000e+02   9.0000000e+01
   1.8200000e+02   5.2000000e+01   1.4600000e+02
   1.9500000e+02   2.1000000e+02   9.0000000e+01
   2.2100000e+02   2.4300000e+02   9.4000000e+01
   2.4400000e+02   2.2300000e+02  -1.0500000e+02
