   1.0900000e+02   2.1100000e+02  -6.1389540e+01
   1.1700000e+02   1.3700000e+02  -5.6309932e+01
   1.1700000e+02   2.7400000e+02  -9.9462322e+01
   1.2700000e+02   2.8200000e+02  -9.4763642e+01
   1.3400000e+02   1.7000000e+02   1.3500000e+02
   1.3800000e+02   1.2200000e+02  -4.7726311e+01
   1.5000000e+02   9.3000000e+01   1.4019443e+02
   1.6100000e+02   1.7800000e+02   1.0843495e+02
   1.6800000e+02   2.2600000e+02  -8.5236358e+01
   1.6800000e+02   2.3600000e+02   8.5236358e+01
   1.6900000e+02   1.2600000e+02   1.2369007e+02
   1.8300000e+02   8.8000000e+01   1.4397263e+02
   1.8800000e+02   1.5200000e+02   1.1656505e+02
   2.7100000e+02   2.6700000e+02   1.2096376e+02
   2.8300000e+02   2.1400000e+02   9.9462322e+01
   2.8300000e+02   2.2900000e+02  -9.8130102e+01
   2.9000000e+02   2.1800000e+02   4.5000000e+01
   2.9700000e+02   1.6300000e+02   7.1565051e+01
   2.9800000e+02   9.0000000e+01  -1.5343495e+02
   1.7000000e+02   1.6600000e+02   1.0400000e+02
   1.7500000e+02   3.3300000e+02  -1.2000000e+02
   1.9300000e+02   2.3600000e+02   1.0100000e+02
   2.0900000e+02   1.3000000e+02  -3.1000000e+01
   2.1900000e+02   1.6300000e+02   1.1600000e+02
   2.4300000e+02   3.1300000e+02   9.0000000e+00
   2.7000000e+02   1.9900000e+02   0.0000000e+00
   2.9200000e+02   2.0900000e+02  -9.5000000e+01
