   1.3200000e+02   9.7000000e+01  -4.5000000e+01
   1.4600000e+02   1.7800000e+02  -7.5963757e+01
   1.5400000e+02   1.8000000e+02   9.4763642e+01
   1.6200000e+02   1.2400000e+02   1.2499202e+02
   1.7100000e+02   8.6000000e+01  -4.0601295e+01
   2.0100000e+02   2.2800000e+02   7.1565051e+01
   2.2100000e+02   1.4000000e+02   1.2865981e+02
   2.3100000e+02   2.1400000e+02   1.4630993e+02
   2.3300000e+02   1.3100000e+02   0.0000000e+00
   2.6200000e+02   1.3600000e+02   1.2865981e+02
   2.9300000e+02   1.0900000e+02  -1.2602737e+02
   1.9400000e+02   9.3000000e+01   1.3800000e+02
   2.2000000e+02   2.0800000e+02  -1.6900000e+02
   2.4700000e+02   1.5100000e+02  -9.0000000e+01
