   1.2800000e+02   1.4100000e+02  -6.7380135e+01
   1.3000000e+02   1.6500000e+02  -8.0537678e+01
   1.4000000e+02   2.3300000e+02   7.4744881e+01
   1.5800000e+02   2.6800000e+02  -1.1055605e+02
   3.3500000e+02   1.5200000e+02   8.0537678e+01
   3.5800000e+02   7.1000000e+01  -1.2602737e+02
   1.4900000e+02   1.1400000e+02  -5.4000000e+01
   1.5800000e+02   1.8000000e+02   9.0000000e+01
   1.7100000e+02   2.0000000e+01  -2.7000000e+01
   1.7400000e+02   1.7500000e+02   1.0600000e+02
   1.9500000e+02   1.9000000e+01   1.6100000e+02
   2.6100000e+02   2.1700000e+02  -5.8000000e+01
   2.7900000e+02   1.9900000e+02   1.1200000e+02
   2.9300000e+02   8.7000000e+01  -1.2400000e+02
   3.0400000e+02   5.7000000e+01   4.1000000e+01
   3.2200000e+02   1.6700000e+02   4.5000000e+01
   3.3400000e+02   1.9100000e+02  -1.0500000e+02
   3.3500000e+02   1.3100000e+02  -1.1300000e+02
   3.3700000e+02   1.3900000e+02   6.7000000e+01
