   8.0000000e+01   1.9500000e+02   9.0000000e+01
   9.1000000e+01   2.6200000e+02  -9.4763642e+01
   9.6000000e+01   1.2200000e+02   0.0000000e+00
   1.0000000e+02   2.6400000e+02  -9.9462322e+01
   1.0100000e+02   2.7400000e+02   7.5963757e+01
   1.1500000e+02   1.1800000e+02   1.8000000e+02
   1.2900000e+02   2.0300000e+02   1.4071059e+02
   1.3000000e+02   2.2900000e+02  -1.1180141e+02
   1.3500000e+02   1.9100000e+02  -1.4974356e+02
   1.4300000e+02   2.0800000e+02  -1.3500000e+02
   1.4500000e+02   2.5300000e+02   5.9743563e+01
   1.6900000e+02   8.4000000e+01  -1.5738014e+02
   1.6900000e+02   3.0600000e+02  -9.0000000e+01
   1.7900000e+02   2.5700000e+02   8.0537678e+01
   1.9700000e+02   1.0400000e+02  -1.4019443e+02
   1.9700000e+02   2.3300000e+02  -1.0403624e+02
   1.9900000e+02   2.1200000e+02  -1.0843495e+02
   1.9900000e+02   2.4100000e+02   6.7380135e+01
   2.0600000e+02   2.3500000e+02  -1.0843495e+02
   2.0700000e+02   2.4300000e+02   7.1565051e+01
   2.1500000e+02   1.5100000e+02   4.7726311e+01
   2.1500000e+02   2.6600000e+02  -1.0843495e+02
   2.2000000e+02   1.1400000e+02  -1.3801279e+02
   2.2700000e+02   2.7800000e+02   7.5963757e+01
   2.3300000e+02   3.0000000e+02  -1.0403624e+02
   2.4100000e+02   3.0100000e+02  -1.0403624e+02
   1.2700000e+02   2.1700000e+02   8.5000000e+01
   1.5600000e+02   2.6800000e+02  -1.3000000e+02
   2.2500000e+02   1.6200000e+02  -1.3300000e+02
