   1.0400000e+02   2.4700000e+02   9.4763642e+01
   1.1400000e+02   2.8200000e+02  -9.0000000e+01
   1.1600000e+02   2.9100000e+02   9.5710593e+01
   1.1700000e+02   1.3200000e+02   1.0403624e+02
   1.2000000e+02   2.2800000e+02  -8.5236358e+01
   1.2200000e+02   2.3900000e+02   9.0000000e+01
   1.2200000e+02   2.7700000e+02  -9.4763642e+01
   1.2400000e+02   2.8700000e+02   8.5236358e+01
   1.2500000e+02   3.1000000e+02  -9.0000000e+01
   1.2900000e+02   2.2400000e+02  -9.4763642e+01
   1.3100000e+02   2.3600000e+02   7.5963757e+01
   1.3700000e+02   2.2200000e+02  -9.4763642e+01
   1.4600000e+02   1.4800000e+02  -7.5963757e+01
   1.4700000e+02   2.1900000e+02  -9.9462322e+01
   1.6800000e+02   1.1000000e+02   9.4623222e+00
   1.8400000e+02   1.5800000e+02   1.4397263e+02
   1.9000000e+02   1.4600000e+02  -1.5343495e+02
   1.9700000e+02   5.9000000e+01   3.2471192e+01
   2.2100000e+02   6.2000000e+01   3.9289407e+01
   2.2400000e+02   2.5700000e+02  -9.0000000e+01
   2.2800000e+02   2.8500000e+02  -9.0000000e+01
   2.5400000e+02   1.1200000e+02   5.6309932e+01
   2.5600000e+02   3.1300000e+02  -6.1389540e+01
   2.5700000e+02   2.2600000e+02   7.5963757e+01
   2.6400000e+02   2.2000000e+02  -1.0403624e+02
   2.6500000e+02   1.1800000e+02  -1.2602737e+02
   2.7200000e+02   2.2100000e+02  -1.0843495e+02
   1.8300000e+02   1.7200000e+02   9.0000000e+01
   1.9800000e+02   2.4300000e+02  -1.2100000e+02
   2.0000000e+02   2.6600000e+02  -1.2400000e+02
   2.1900000e+02   2.9700000e+02  -1.5800000e+02
