   1.3100000e+02   1.6300000e+02  -7.5963757e+01
   1.3300000e+02   1.2800000e+02   9.0000000e+01
   1.4000000e+02   2.2500000e+02  -9.0000000e+01
   1.5200000e+02   2.3300000e+02   6.6037511e+01
   1.6000000e+02   2.3400000e+02   7.5963757e+01
   1.6700000e+02   9.0000000e+01   1.7287498e+02
   1.7000000e+02   1.8400000e+02   9.0000000e+01
   1.9600000e+02   3.3100000e+02   5.3130102e+01
   2.0300000e+02   2.1300000e+02   5.6309932e+01
   2.0700000e+02   1.6000000e+02   5.7528808e+01
   2.1000000e+02   3.2200000e+02   2.4443955e+01
   2.3800000e+02   2.1700000e+02   8.5236358e+01
   2.4000000e+02   2.9200000e+02   1.2787498e+02
   2.6200000e+02   1.8300000e+02   9.0000000e+01
   2.6700000e+02   2.0400000e+02   7.5963757e+01
   1.3400000e+02   2.3900000e+02  -9.0000000e+01
   2.0100000e+02   2.5000000e+02  -1.1400000e+02
   2.0200000e+02   2.7400000e+02  -1.2100000e+02
   2.0600000e+02   3.3100000e+02  -1.3900000e+02
