   9.0000000e+01   3.3900000e+02  -8.5236358e+01
   9.2000000e+01   3.4700000e+02   9.4763642e+01
   9.9000000e+01   3.3700000e+02  -9.0000000e+01
   1.0000000e+02   3.4700000e+02   8.0537678e+01
   1.0700000e+02   3.3600000e+02  -8.0537678e+01
   1.1000000e+02   3.4400000e+02   9.0000000e+01
   1.1600000e+02   3.5100000e+02   8.5236358e+01
   1.1800000e+02   3.3300000e+02  -9.0000000e+01
   1.1800000e+02   3.4100000e+02   7.5963757e+01
   1.2700000e+02   3.3600000e+02  -9.4763642e+01
   1.2700000e+02   3.4400000e+02   7.5963757e+01
   1.6200000e+02   2.7500000e+02   1.4313010e+02
   1.7200000e+02   1.3100000e+02   1.8434949e+01
   1.7700000e+02   1.4800000e+02   2.2619865e+01
   1.9200000e+02   2.2200000e+02  -1.3500000e+02
   2.1900000e+02   1.6200000e+02  -1.4630993e+02
   2.2000000e+02   3.1800000e+02   8.5236358e+01
   2.3400000e+02   2.2400000e+02   5.9743563e+01
   2.5400000e+02   3.4800000e+02   8.5236358e+01
   1.3300000e+02   2.3600000e+02   1.3800000e+02
   1.6000000e+02   2.8700000e+02   9.4000000e+01
   1.6600000e+02   3.5700000e+02  -1.0900000e+02
   1.8300000e+02   3.3800000e+02  -1.2400000e+02
   1.8500000e+02   3.2600000e+02  -7.5000000e+01
   1.9400000e+02   3.6000000e+02  -7.2000000e+01
   2.5800000e+02   2.3200000e+02  -1.3000000e+02
   2.7600000e+02   2.5300000e+02   5.9000000e+01
   2.8000000e+02   3.0200000e+02   5.6000000e+01
