   1.3800000e+02   3.1400000e+02  -3.2005383e+01
   1.3900000e+02   2.3400000e+02  -1.3227369e+02
   1.5400000e+02   7.0000000e+01   1.6869007e+02
   1.7300000e+02   1.0900000e+02   3.0963757e+01
   1.8800000e+02   3.5100000e+02  -5.3130102e+01
   1.9300000e+02   4.0000000e+01  -1.6969515e+02
   2.0000000e+02   3.2300000e+02   1.2369007e+02
   2.0300000e+02   3.4000000e+02  -6.3434949e+01
   2.1400000e+02   1.8000000e+02   8.5236358e+01
   2.1900000e+02   2.9000000e+01   3.0256437e+01
   2.2100000e+02   1.8700000e+02  -1.0843495e+02
   2.2400000e+02   1.3100000e+02  -1.2025644e+02
   2.2900000e+02   1.3900000e+02   7.1565051e+01
   2.3200000e+02   2.7000000e+01   2.2619865e+01
   2.3200000e+02   5.9000000e+01   3.0256437e+01
   2.3800000e+02   8.2000000e+01  -1.4630993e+02
   2.4400000e+02   8.8000000e+01   4.5000000e+01
   2.5200000e+02   1.8500000e+02   7.1565051e+01
   2.5600000e+02   2.8700000e+02   1.1261986e+02
   2.7700000e+02   3.2500000e+02   1.1861046e+02
   2.8000000e+02   2.8900000e+02   9.9462322e+01
   2.8800000e+02   2.7100000e+02  -9.0000000e+01
   2.9900000e+02   2.6600000e+02   9.0000000e+01
   3.1300000e+02   1.7500000e+02  -9.9462322e+01
   3.2300000e+02   2.7600000e+02  -7.1565051e+01
   1.0700000e+02   1.4500000e+02   1.0400000e+02
   1.1000000e+02   2.1500000e+02   6.1000000e+01
   1.1800000e+02   2.0500000e+02  -1.1300000e+02
   1.7600000e+02   2.0300000e+02  -7.5000000e+01
   1.9700000e+02   1.4700000e+02   5.6000000e+01
   2.5600000e+02   1.9700000e+02  -1.0900000e+02
   2.7200000e+02   3.3300000e+02   1.0800000e+02
   2.7800000e+02   2.9700000e+02   1.0800000e+02
   2.8100000e+02   2.8100000e+02   9.0000000e+01
   2.8800000e+02   3.0000000e+02   1.1200000e+02
