   1.4000000e+02   8.1000000e+01   1.2025644e+02
   1.4800000e+02   1.7500000e+02  -9.4623222e+00
   1.5400000e+02   1.8200000e+02  -1.4397263e+02
   1.9000000e+02   2.4500000e+02  -4.8012788e+01
   1.9800000e+02   2.4800000e+02  -5.3130102e+01
   2.0100000e+02   2.5600000e+02  -5.4462322e+01
   2.1200000e+02   1.8100000e+02   1.1261986e+02
   2.2100000e+02   9.4000000e+01  -1.1656505e+02
   2.2100000e+02   1.6900000e+02  -8.5236358e+01
   2.2100000e+02   1.7700000e+02   1.1444395e+02
   2.4100000e+02   1.5000000e+01   2.6565051e+01
   2.6000000e+02   1.8800000e+02   9.9462322e+01
   2.7500000e+02   1.6000000e+01   5.0710593e+01
   2.7500000e+02   3.0000000e+01   4.5000000e+01
   2.7500000e+02   2.2700000e+02   1.0403624e+02
   2.9900000e+02   2.2100000e+02  -7.8690068e+01
   3.0000000e+02   2.3000000e+02   1.0403624e+02
   3.0700000e+02   4.7000000e+01   8.3659808e+01
   3.2200000e+02   2.2300000e+02  -1.0525512e+02
   3.2400000e+02   1.1400000e+02  -1.0843495e+02
   3.4100000e+02   1.7800000e+02  -1.1261986e+02
   1.6900000e+02   1.9600000e+02  -4.5000000e+01
   2.0100000e+02   2.0500000e+02   1.1200000e+02
   2.0800000e+02   8.9000000e+01   5.9000000e+01
   2.7400000e+02   1.5500000e+02   5.6000000e+01
