   1.6900000e+02   2.5200000e+02   1.4500798e+02
   1.7900000e+02   1.2900000e+02   8.5236358e+01
   1.9600000e+02   1.9500000e+02   1.4313010e+02
   2.0000000e+02   2.3600000e+02   1.3500000e+02
   2.0100000e+02   2.1800000e+02   1.2096376e+02
   2.0800000e+02   1.9400000e+02   1.0843495e+02
   2.7300000e+02   1.3900000e+02   7.5963757e+01
   2.7500000e+02   2.3800000e+02   1.0843495e+02
   2.7600000e+02   2.7800000e+02  -2.6565051e+01
   3.1100000e+02   2.3000000e+02  -8.4289407e+01
   1.1900000e+02   1.3200000e+02   9.9000000e+01
   1.2000000e+02   1.2300000e+02   9.4000000e+01
   2.8100000e+02   2.2900000e+02  -7.6000000e+01
