   8.6000000e+01   1.1900000e+02  -2.6565051e+01
   1.2600000e+02   8.9000000e+01   0.0000000e+00
   1.4900000e+02   9.1000000e+01   0.0000000e+00
   1.6500000e+02   1.0800000e+02   0.0000000e+00
   1.6700000e+02   1.3000000e+02   0.0000000e+00
   2.1100000e+02   1.0300000e+02   9.4623222e+00
   2.8200000e+02   1.5000000e+02  -1.5603751e+02
   2.9000000e+02   1.5000000e+02   2.6565051e+01
   2.9000000e+02   3.4400000e+02   1.0403624e+02
   3.1400000e+02   2.1900000e+02  -1.1656505e+02
   9.2000000e+01   1.4900000e+02   1.4900000e+02
   9.2000000e+01   1.9600000e+02   1.2000000e+02
   9.5000000e+01   2.3800000e+02   1.0800000e+02
   1.1300000e+02   1.8500000e+02   1.2600000e+02
   1.2300000e+02   3.0200000e+02  -9.0000000e+01
   1.3300000e+02   2.2300000e+02   1.0800000e+02
   1.4500000e+02   2.0700000e+02   1.2600000e+02
   1.8800000e+02   1.7800000e+02   1.5300000e+02
   2.5100000e+02   1.0000000e+02  -1.7600000e+02
   2.6500000e+02   9.1000000e+01  -1.7100000e+02
   2.7100000e+02   2.8200000e+02  -1.0500000e+02
   2.8000000e+02   2.4300000e+02  -1.2300000e+02
   2.8900000e+02   3.0100000e+02   9.0000000e+01
   2.9700000e+02   1.5600000e+02  -1.4000000e+02
   3.0000000e+02   2.1100000e+02  -1.3800000e+02
   3.0400000e+02   2.1900000e+02   5.1000000e+01
