   1.1300000e+02   4.7000000e+01   1.4630993e+02
   1.3300000e+02   2.8100000e+02  -1.6001689e+02
   1.3600000e+02   3.5000000e+01  -4.5000000e+01
   1.4100000e+02   2.8700000e+02   1.6869007e+02
   1.5300000e+02   7.7000000e+01   1.4071059e+02
   1.5400000e+02   8.9000000e+01  -2.4443955e+01
   1.6200000e+02   2.9000000e+01  -4.7636417e+00
   1.7700000e+02   8.8000000e+01   2.2619865e+01
   2.2500000e+02   3.1300000e+02  -6.9443955e+01
   2.3500000e+02   1.7100000e+02   8.5236358e+01
   2.4000000e+02   3.1000000e+02  -6.3434949e+01
   2.6100000e+02   1.5600000e+02   7.5963757e+01
   2.6600000e+02   6.4000000e+01  -1.4752881e+02
   2.7400000e+02   2.5800000e+02   1.0403624e+02
   2.7600000e+02   1.8600000e+02   8.5236358e+01
   9.2000000e+01   1.6800000e+02  -9.0000000e+01
   9.3000000e+01   1.7700000e+02   8.0000000e+01
   1.3500000e+02   7.2000000e+01   1.4600000e+02
   1.8600000e+02   3.0800000e+02   1.3500000e+02
   2.0700000e+02   2.5300000e+02   1.2000000e+02
   2.1900000e+02   1.9800000e+02   9.9000000e+01
   2.2200000e+02   2.3600000e+02  -6.6000000e+01
   2.3700000e+02   2.2000000e+02   1.0400000e+02
   2.4200000e+02   2.3200000e+02   1.0800000e+02
   2.6200000e+02   3.2700000e+02   1.4000000e+02
   2.7400000e+02   7.4000000e+01   2.9000000e+01
   2.8200000e+02   6.8000000e+01   4.5000000e+01
   3.1500000e+02   2.0700000e+02  -1.0900000e+02
