   1.0100000e+02   2.0300000e+02  -9.0000000e+01
   2.4000000e+02   1.9500000e+02   1.7053768e+02
   8.9000000e+01   2.0200000e+02  -7.2000000e+01
   1.0700000e+02   1.5700000e+02  -5.4000000e+01
   1.1600000e+02   2.3000000e+02   9.4000000e+01
   1.3300000e+02   2.7100000e+02   1.0100000e+02
   1.3400000e+02   1.4000000e+02   1.1200000e+02
   1.3700000e+02   1.5100000e+02   1.1200000e+02
   1.8900000e+02   1.5500000e+02   1.4600000e+02
   1.9700000e+02   2.8100000e+02   9.4000000e+01
   1.9900000e+02   3.1700000e+02   9.4000000e+01
   2.0100000e+02   3.0600000e+02  -8.6000000e+01
   2.1300000e+02   3.4600000e+02   1.0800000e+02
   2.1500000e+02   1.2400000e+02   1.6100000e+02
   2.2500000e+02   3.2300000e+02   1.0400000e+02
   2.6500000e+02   1.8900000e+02   1.4000000e+01
   2.9300000e+02   3.5800000e+02  -9.0000000e+01
   3.1300000e+02   2.8800000e+02  -1.5900000e+02
   3.1400000e+02   2.6400000e+02  -1.2300000e+02
