   1.1600000e+02   7.8000000e+01   1.4500798e+02
   1.1800000e+02   2.7100000e+02  -4.5000000e+01
   1.6200000e+02   2.1200000e+02   1.0998311e+02
   1.6300000e+02   2.9100000e+02   1.6156505e+02
   1.6400000e+02   1.9300000e+02  -8.4805571e+01
   1.6600000e+02   2.3500000e+02   1.1656505e+02
   1.6700000e+02   2.2700000e+02  -6.9443955e+01
   1.7900000e+02   3.3000000e+02   0.0000000e+00
   2.0400000e+02   3.5300000e+02  -1.7523636e+02
   2.3000000e+02   1.0000000e+02   5.7994617e+01
   2.0900000e+02   2.7200000e+02   1.3500000e+02
   2.2000000e+02   3.0300000e+02  -1.0000000e+01
   2.2900000e+02   2.9100000e+02   1.8000000e+02
