   9.2000000e+01   1.5100000e+02   1.1656505e+02
   1.0200000e+02   1.4900000e+02   1.1444395e+02
   1.0200000e+02   1.8300000e+02   1.2247119e+02
   1.0400000e+02   2.2800000e+02  -3.8659808e+01
   1.0600000e+02   1.2000000e+02  -6.6037511e+01
   1.0600000e+02   1.3700000e+02  -6.7380135e+01
   1.0800000e+02   8.6000000e+01  -4.5000000e+01
   1.2300000e+02   2.7600000e+02  -3.9805571e+01
   1.2800000e+02   2.6100000e+02   1.4212502e+02
   1.3400000e+02   2.5500000e+02  -5.6309932e+01
   1.3500000e+02   1.7800000e+02  -7.1565051e+01
   1.4000000e+02   3.2700000e+02  -1.6699244e+01
   1.5100000e+02   3.3400000e+02  -1.8434949e+01
   1.5300000e+02   1.4700000e+02  -7.0016893e+01
   1.5900000e+02   1.5800000e+02  -7.5963757e+01
   1.6400000e+02   3.0900000e+02   1.6001689e+02
   1.7100000e+02   3.0400000e+02  -4.5000000e+01
   1.7400000e+02   2.2000000e+02   1.1261986e+02
   1.9100000e+02   3.4000000e+01  -1.7365981e+02
   1.9900000e+02   3.0600000e+02   1.4313010e+02
   2.0100000e+02   3.5000000e+01   0.0000000e+00
   2.1200000e+02   1.3400000e+02  -4.5000000e+01
   2.2500000e+02   1.7900000e+02   9.0000000e+01
   2.2700000e+02   1.7000000e+02  -9.0000000e+01
   2.3000000e+02   1.3100000e+02  -1.1656505e+02
   2.3500000e+02   2.9400000e+02   1.4212502e+02
   2.3700000e+02   9.7000000e+01  -1.3836646e+02
   2.4400000e+02   2.9300000e+02  -5.2125016e+01
   2.5400000e+02   2.9000000e+01   3.9805571e+01
   2.5400000e+02   4.0000000e+01  -1.4903624e+02
   2.6600000e+02   3.9000000e+01  -1.4019443e+02
   2.6700000e+02   2.8100000e+02  -4.5000000e+01
   2.6800000e+02   2.7000000e+01   3.4992020e+01
   2.7800000e+02   3.4000000e+01  -1.4500798e+02
   2.8300000e+02   7.0000000e+01  -1.3881407e+02
   2.8500000e+02   2.5100000e+02  -1.1656505e+02
   2.9200000e+02   1.0900000e+02   6.3434949e+01
   2.9700000e+02   1.9300000e+02  -1.3118593e+02
   1.7300000e+02   2.0600000e+02   1.2000000e+02
   1.9400000e+02   3.5000000e+02   1.7500000e+02
   2.1600000e+02   1.8800000e+02   1.0600000e+02
