   1.1300000e+02   1.5000000e+02   1.2499202e+02
   1.1300000e+02   1.6500000e+02  -5.9743563e+01
   1.2200000e+02   1.7300000e+02   1.1905460e+02
   1.2500000e+02   1.6300000e+02  -5.7528808e+01
   1.2600000e+02   9.7000000e+01  -4.2273689e+01
   1.3300000e+02   1.7200000e+02   1.1861046e+02
   1.3500000e+02   1.6300000e+02  -5.7994617e+01
   1.4500000e+02   1.6900000e+02   1.2369007e+02
   1.4700000e+02   1.5900000e+02   0.0000000e+00
   1.4800000e+02   3.2900000e+02   1.7053768e+02
   1.5200000e+02   3.0500000e+02  -3.2471192e+01
   1.5300000e+02   2.0300000e+02   1.2602737e+02
   1.5400000e+02   1.7000000e+02   1.2025644e+02
   1.5600000e+02   1.6000000e+02  -5.6309932e+01
   1.5600000e+02   3.2700000e+02  -2.6565051e+01
   1.7000000e+02   2.9400000e+02  -3.6869898e+01
   1.7200000e+02   2.3500000e+02   1.4630993e+02
   1.7500000e+02   2.0000000e+02  -5.3972627e+01
   1.9100000e+02   2.1000000e+02   1.2602737e+02
   1.9500000e+02   2.0000000e+01   1.5343495e+02
   1.9500000e+02   1.8300000e+02   1.1656505e+02
   2.0200000e+02   2.2400000e+02   1.2025644e+02
   2.0300000e+02   3.1000000e+02   0.0000000e+00
   2.1000000e+02   1.5900000e+02   1.0843495e+02
   2.2800000e+02   9.4000000e+01   1.8000000e+02
   2.2900000e+02   3.5300000e+02  -1.4036243e+01
   2.3400000e+02   3.3200000e+02  -3.7874984e+01
   2.3800000e+02   7.8000000e+01  -1.7053768e+02
   2.4500000e+02   3.3200000e+02  -3.3690068e+01
   2.5200000e+02   3.6000000e+02   1.4974356e+02
   2.7800000e+02   2.0000000e+02   9.9462322e+01
   2.8400000e+02   2.8000000e+02   1.2787498e+02
   2.9200000e+02   7.4000000e+01  -1.4903624e+02
   2.9200000e+02   2.7500000e+02   9.0000000e+01
   2.9300000e+02   4.3000000e+01  -1.5343495e+02
   2.9300000e+02   3.1000000e+02  -4.8366461e+01
   2.9700000e+02   2.4800000e+02   1.1261986e+02
   2.9800000e+02   2.4000000e+02  -8.5236358e+01
   3.1200000e+02   1.8900000e+02   8.0537678e+01
   3.1400000e+02   2.8300000e+02   1.1396249e+02
   3.1800000e+02   2.2100000e+02  -1.0403624e+02
   3.2200000e+02   8.9000000e+01  -1.3500000e+02
   1.2900000e+02   2.0100000e+02   1.1200000e+02
   1.7000000e+02   2.0800000e+02  -9.0000000e+01
   1.9400000e+02   1.7000000e+02   1.2900000e+02
   1.9700000e+02   3.6000000e+02  -1.1000000e+01
   2.0100000e+02   1.4200000e+02   1.2600000e+02
   2.4900000e+02   2.5800000e+02   1.1600000e+02
   2.5500000e+02   2.9000000e+01  -1.7100000e+02
   2.6700000e+02   3.4500000e+02   1.7000000e+02
   3.1600000e+02   2.4500000e+02   4.5000000e+01
