   1.2900000e+02   1.4100000e+02  -5.9743563e+01
   1.2900000e+02   2.6500000e+02  -3.8659808e+01
   1.3500000e+02   2.9200000e+02  -1.8434949e+01
   1.3900000e+02   1.8100000e+02   1.2369007e+02
   1.4200000e+02   1.3400000e+02  -5.7528808e+01
   1.4300000e+02   9.9000000e+01  -6.3434949e+01
   1.4800000e+02   1.0900000e+02   1.3881407e+02
   1.5000000e+02   1.4300000e+02   1.1905460e+02
   1.5300000e+02   1.3400000e+02  -5.7528808e+01
   1.5800000e+02   1.0900000e+02   1.2025644e+02
   1.6300000e+02   1.4000000e+02   1.2865981e+02
   1.6400000e+02   1.3200000e+02  -5.4462322e+01
   1.6600000e+02   2.9500000e+02   1.7523636e+02
   1.7100000e+02   1.4100000e+02   1.2025644e+02
   1.7400000e+02   2.9300000e+02  -1.9983107e+01
   1.7500000e+02   7.3000000e+01   1.2553768e+02
   1.7900000e+02   1.7200000e+02   1.2369007e+02
   1.8200000e+02   1.3900000e+02   1.2247119e+02
   1.8300000e+02   3.5000000e+02   1.3500000e+02
   1.8400000e+02   1.6400000e+02  -4.5000000e+01
   1.8600000e+02   1.2900000e+02  -5.9743563e+01
   1.8800000e+02   1.1100000e+02  -5.7528808e+01
   1.8800000e+02   3.4200000e+02   0.0000000e+00
   1.9000000e+02   2.6200000e+02  -3.0256437e+01
   1.9400000e+02   1.3700000e+02   1.2602737e+02
   1.9500000e+02   1.2900000e+02  -5.0194429e+01
   2.0200000e+02   1.7000000e+02  -5.6309932e+01
   2.1800000e+02   2.1200000e+02  -6.3434949e+01
   2.2800000e+02   3.5900000e+02   1.8000000e+02
   2.4000000e+02   1.7100000e+02  -6.8198591e+01
   2.4100000e+02   1.9600000e+02   1.3500000e+02
   2.4500000e+02   3.2300000e+02  -9.4623222e+00
   2.4900000e+02   1.8200000e+02   1.2686990e+02
   2.4900000e+02   2.1200000e+02   1.1656505e+02
   2.5200000e+02   4.1000000e+01  -2.2619865e+01
   2.5200000e+02   1.7400000e+02  -7.1565051e+01
   2.5600000e+02   5.1000000e+01   0.0000000e+00
   2.5900000e+02   1.5300000e+02   1.0843495e+02
   2.6300000e+02   3.0400000e+02  -3.0256437e+01
   2.6500000e+02   2.9500000e+02   1.5738014e+02
   2.6500000e+02   3.4300000e+02  -1.4036243e+01
   2.7000000e+02   2.8800000e+02  -3.6027373e+01
   2.7500000e+02   2.9000000e+01   1.7523636e+02
   3.1000000e+02   1.2700000e+02  -1.0403624e+02
   3.1300000e+02   1.3500000e+02   9.0000000e+01
   3.1800000e+02   6.6000000e+01  -1.5025512e+02
   3.2100000e+02   1.3100000e+02  -1.0998311e+02
   1.4900000e+02   2.9700000e+02   1.6700000e+02
   1.5600000e+02   1.7000000e+02   1.2000000e+02
   1.9500000e+02   1.8000000e+02   1.3700000e+02
   2.1500000e+02   2.9900000e+02   1.6500000e+02
   2.2200000e+02   1.2300000e+02   1.2000000e+02
   2.3100000e+02   2.6500000e+02   1.4600000e+02
   2.4800000e+02   2.0100000e+02   1.2300000e+02
   2.8400000e+02   2.2600000e+02   1.1300000e+02
