   1.5100000e+02   1.6200000e+02  -1.2528808e+01
   1.5300000e+02   5.5000000e+01  -1.3500000e+02
   1.6700000e+02   1.0200000e+02  -4.1633539e+01
   1.8900000e+02   2.9400000e+02  -2.6565051e+01
   1.9500000e+02   2.2100000e+02   0.0000000e+00
   1.9800000e+02   2.6500000e+02  -1.6156505e+02
   1.9900000e+02   1.8300000e+02  -1.4036243e+01
   2.0600000e+02   2.9200000e+02   1.8000000e+02
   2.0900000e+02   5.3000000e+01  -5.0710593e+01
   2.0900000e+02   2.1100000e+02  -1.5255119e+01
   2.1100000e+02   3.0400000e+02   8.1301024e+00
   2.1200000e+02   2.0000000e+01   1.2369007e+02
   2.1400000e+02   2.2100000e+02   1.8000000e+02
   2.3000000e+02   1.5900000e+02  -3.0256437e+01
   2.3600000e+02   2.3600000e+02   1.7428941e+02
   2.4300000e+02   2.3000000e+01  -6.5556045e+01
   2.5700000e+02   1.0500000e+02  -6.3434949e+01
   2.5900000e+02   9.1000000e+01   1.1656505e+02
   2.7400000e+02   1.1600000e+02  -5.0710593e+01
   2.7500000e+02   1.7100000e+02   1.4903624e+02
   2.7900000e+02   2.6000000e+01  -8.2874984e+01
   2.9700000e+02   3.9000000e+01   9.9462322e+01
   3.2200000e+02   1.1100000e+02  -5.9743563e+01
   1.6300000e+02   1.8500000e+02   1.8000000e+02
   1.6900000e+02   2.0600000e+02   4.5000000e+01
   1.9600000e+02   5.5000000e+01   1.2400000e+02
   2.2300000e+02   2.1900000e+02   9.0000000e+01
   2.2700000e+02   2.7300000e+02   1.7400000e+02
   2.3100000e+02   2.3000000e+01   1.2900000e+02
   2.3200000e+02   8.4000000e+01   1.2000000e+02
   2.3700000e+02   1.2300000e+02   1.3800000e+02
   2.4400000e+02   1.8000000e+02   1.6500000e+02
   2.9900000e+02   1.4800000e+02  -5.3000000e+01
