   9.2000000e+01   2.2600000e+02  -4.9398705e+01
   9.4000000e+01   2.4600000e+02  -4.5000000e+01
   1.0800000e+02   1.1200000e+02  -4.5000000e+01
   1.0800000e+02   3.2500000e+02   1.7053768e+02
   1.1300000e+02   3.3800000e+02  -1.6869007e+02
   1.2300000e+02   3.2400000e+02  -2.3962489e+01
   1.2900000e+02   2.2900000e+02   9.6340192e+01
   1.3000000e+02   1.5500000e+02   1.3500000e+02
   1.3200000e+02   1.6300000e+02  -5.3972627e+01
   1.3300000e+02   3.2800000e+02  -1.4036243e+01
   1.3800000e+02   1.3200000e+02  -3.9805571e+01
   1.4000000e+02   1.5400000e+02   1.3163354e+02
   1.4900000e+02   2.4500000e+02   1.3500000e+02
   1.6900000e+02   1.3800000e+02  -3.3690068e+01
   1.7100000e+02   2.0300000e+02  -5.3130102e+01
   1.7200000e+02   3.0400000e+02   1.5138954e+02
   1.7700000e+02   1.3600000e+02   1.6596376e+02
   1.8000000e+02   3.0100000e+02  -2.4443955e+01
   2.1300000e+02   4.0000000e+01   1.3801279e+02
   2.2100000e+02   1.6000000e+01   1.7523636e+02
   2.7400000e+02   9.5000000e+01   9.4623222e+00
   2.8800000e+02   3.5100000e+02   1.3500000e+02
   2.9400000e+02   3.4500000e+02  -5.9743563e+01
   3.0500000e+02   3.0800000e+02  -8.0537678e+01
   3.0800000e+02   2.1400000e+02  -1.1444395e+02
   3.1800000e+02   3.9000000e+01  -1.4134019e+02
   3.3400000e+02   1.7100000e+02   5.3130102e+01
   3.3500000e+02   2.0700000e+02  -1.1261986e+02
   3.3800000e+02   1.0100000e+02  -1.4752881e+02
   3.4100000e+02   1.3800000e+02  -1.2025644e+02
   9.8000000e+01   2.9800000e+02   1.2900000e+02
   1.0200000e+02   1.5500000e+02  -4.5000000e+01
   1.1900000e+02   7.6000000e+01  -4.5000000e+01
   1.3700000e+02   2.2000000e+02  -4.5000000e+01
   1.4300000e+02   2.1200000e+02   1.2600000e+02
   1.5100000e+02   2.5500000e+02   1.2300000e+02
   1.5300000e+02   1.4200000e+02   1.4300000e+02
   1.5500000e+02   2.1100000e+02   1.2300000e+02
   1.7000000e+02   2.5900000e+02   1.4100000e+02
   1.7400000e+02   2.1500000e+02  -6.2000000e+01
   1.8400000e+02   2.4600000e+02  -5.8000000e+01
   2.0200000e+02   1.6400000e+02   1.3800000e+02
   2.1100000e+02   3.0200000e+02   1.3200000e+02
   2.2200000e+02   1.2900000e+02   1.3500000e+02
   2.2300000e+02   3.8000000e+01  -7.0000000e+00
   2.5700000e+02   1.5000000e+01  -9.0000000e+01
   2.5800000e+02   3.5400000e+02   1.2700000e+02
   2.7900000e+02   1.5000000e+01  -9.0000000e+01
   3.1700000e+02   3.0100000e+02   7.0000000e+01
   3.2800000e+02   2.1100000e+02  -1.2000000e+02
