   5.4000000e+01   1.6800000e+02  -5.3972627e+01
   5.6000000e+01   1.5100000e+02   1.6001689e+02
   6.6000000e+01   2.2400000e+02   1.3500000e+02
   8.9000000e+01   1.8400000e+02  -5.3130102e+01
   1.1000000e+02   1.3600000e+02  -4.1185925e+01
   1.1100000e+02   3.4400000e+02  -2.2619865e+01
   1.2200000e+02   3.6000000e+02  -3.3690068e+01
   1.4500000e+02   3.5600000e+02   1.4974356e+02
   1.4800000e+02   2.9000000e+01   1.5343495e+02
   1.5800000e+02   1.3200000e+02   1.8000000e+02
   1.7000000e+02   2.7300000e+02   1.2025644e+02
   1.7400000e+02   8.3000000e+01  -1.7523636e+02
   1.7400000e+02   2.6600000e+02  -6.7380135e+01
   1.8300000e+02   1.8200000e+02   7.5963757e+01
   1.9200000e+02   2.9400000e+02   1.3163354e+02
   2.0300000e+02   2.4400000e+02   1.1261986e+02
   2.0400000e+02   2.3600000e+02  -8.0537678e+01
   2.1500000e+02   3.5800000e+02   1.5138954e+02
   2.2100000e+02   3.5200000e+02  -4.5000000e+01
   2.2700000e+02   2.9000000e+01  -1.5738014e+02
   2.3300000e+02   1.5700000e+02  -1.2928941e+02
   2.3500000e+02   3.2000000e+01   1.4036243e+01
   2.5500000e+02   3.5000000e+02   1.7053768e+02
   2.6400000e+02   3.3300000e+02  -1.3836646e+02
   2.6500000e+02   1.0600000e+02  -1.3198721e+02
   5.1000000e+01   2.1900000e+02   1.2300000e+02
   5.2000000e+01   1.8500000e+02  -4.9000000e+01
   6.1000000e+01   1.9100000e+02   1.2600000e+02
   6.9000000e+01   1.3600000e+02   1.4300000e+02
   1.2200000e+02   1.4800000e+02   1.4300000e+02
   1.5800000e+02   2.5000000e+01  -5.0000000e+00
   1.7700000e+02   2.2600000e+02   1.0800000e+02
   1.8800000e+02   2.8100000e+02   9.0000000e+01
   1.9400000e+02   9.5000000e+01  -1.7100000e+02
   2.0200000e+02   3.3300000e+02   1.2700000e+02
   2.2100000e+02   3.2300000e+02   1.2000000e+02
   2.3400000e+02   2.9500000e+02   1.0800000e+02
   2.6000000e+02   4.3000000e+01  -1.5000000e+02
