   1.4000000e+02   3.0600000e+02   1.6596376e+02
   1.5400000e+02   3.3200000e+02  -3.9289407e+01
   2.2900000e+02   4.4000000e+01  -3.3690068e+01
   2.3200000e+02   5.2000000e+01   1.5555605e+02
   2.6900000e+02   2.8400000e+02   0.0000000e+00
   2.9100000e+02   3.7000000e+01   8.1301024e+00
   3.0400000e+02   1.1300000e+02  -1.5343495e+02
   3.0700000e+02   7.7000000e+01  -1.6596376e+02
   3.0700000e+02   2.0100000e+02  -1.2369007e+02
   3.1700000e+02   7.1000000e+01   1.4036243e+01
   1.2900000e+02   2.7800000e+02  -9.0000000e+01
   1.8800000e+02   3.1000000e+01   1.4300000e+02
   2.2200000e+02   1.8900000e+02  -1.7600000e+02
