   1.0000000e+02   3.3900000e+02  -4.1987212e+01
   1.3900000e+02   3.0300000e+02   1.2865981e+02
   1.7200000e+02   3.5700000e+02   1.0843495e+02
   1.8000000e+02   3.1000000e+02   1.1261986e+02
   1.9500000e+02   9.2000000e+01  -1.7523636e+02
   2.1800000e+02   3.1100000e+02  -7.3300756e+01
   2.3900000e+02   1.3400000e+02  -1.3500000e+02
   2.4500000e+02   1.4000000e+02   4.2273689e+01
   2.7500000e+02   8.9000000e+01   4.8366461e+01
   2.9900000e+02   1.9100000e+02  -1.3060129e+02
   8.4000000e+01   3.2500000e+02  -4.5000000e+01
   1.4200000e+02   7.4000000e+01   1.6100000e+02
   1.5900000e+02   1.0900000e+02   1.7500000e+02
   2.1000000e+02   2.0400000e+02   6.9000000e+01
   2.1200000e+02   3.2200000e+02   1.8000000e+02
   2.1500000e+02   1.9500000e+02  -1.2400000e+02
   2.3100000e+02   2.9800000e+02   6.3000000e+01
   3.0200000e+02   1.5600000e+02  -1.2700000e+02
