   1.0300000e+02   2.0300000e+02   1.2369007e+02
   1.0400000e+02   2.7500000e+02  -8.0537678e+01
   1.0600000e+02   1.7300000e+02   1.3251045e+02
   1.1200000e+02   1.6700000e+02  -4.5000000e+01
   1.1400000e+02   1.5000000e+02   1.2602737e+02
   1.1600000e+02   1.8300000e+02   1.1444395e+02
   1.5200000e+02   3.3200000e+02  -1.3500000e+02
   1.6300000e+02   1.9800000e+02   4.5000000e+01
   1.6400000e+02   3.1000000e+02   7.7471192e+01
   1.7200000e+02   9.4000000e+01  -4.7636417e+00
   1.7400000e+02   1.1700000e+02   1.7053768e+02
   1.8600000e+02   2.9900000e+02  -1.3500000e+02
   2.5000000e+02   2.9400000e+02  -6.7380135e+01
   2.7000000e+02   2.8400000e+02   1.0669924e+02
   2.7300000e+02   2.2400000e+02  -9.9462322e+01
   1.8000000e+02   2.6600000e+02  -4.9000000e+01
   2.3500000e+02   1.8700000e+02  -1.0900000e+02
   2.6700000e+02   2.3000000e+02   7.1000000e+01
