   7.3000000e+01   1.4400000e+02   1.2928941e+02
   7.6000000e+01   2.2600000e+02   7.1565051e+01
   8.0000000e+01   1.3500000e+02  -5.3130102e+01
   9.1000000e+01   9.2000000e+01  -3.6869898e+01
   9.3000000e+01   3.0000000e+02  -1.6330076e+02
   9.9000000e+01   2.5800000e+02  -1.4974356e+02
   1.0900000e+02   2.5100000e+02  -1.3227369e+02
   1.3200000e+02   1.3200000e+02   0.0000000e+00
   1.3900000e+02   6.5000000e+01  -4.7636417e+00
   1.4700000e+02   3.2000000e+02   2.0556045e+01
   1.4900000e+02   3.4400000e+02   0.0000000e+00
   1.7800000e+02   2.7800000e+02   1.8000000e+02
   2.0100000e+02   3.4000000e+01   2.2619865e+01
   2.1200000e+02   5.4000000e+01   0.0000000e+00
   2.1600000e+02   2.0600000e+02   1.2025644e+02
   2.1800000e+02   3.0600000e+02  -3.0256437e+01
   2.1900000e+02   2.4300000e+02   1.3801279e+02
   2.2100000e+02   3.4700000e+02  -1.8434949e+01
   2.3900000e+02   3.1500000e+02   1.6596376e+02
   2.4900000e+02   3.1800000e+02   1.6156505e+02
   2.5900000e+02   1.2400000e+02   9.0000000e+01
   2.6800000e+02   8.4000000e+01  -1.2369007e+02
   7.3000000e+01   2.7300000e+02   2.2000000e+01
   1.3500000e+02   3.2600000e+02  -1.6200000e+02
   1.4500000e+02   1.4100000e+02  -2.3000000e+01
   1.4800000e+02   1.6500000e+02   1.3200000e+02
   1.5200000e+02   1.7200000e+02  -4.2000000e+01
   1.9300000e+02   3.2800000e+02   1.6000000e+02
   1.9900000e+02   2.3700000e+02   1.6500000e+02
