   9.1000000e+01   2.4500000e+02   1.1261986e+02
   1.1000000e+02   3.0400000e+02   7.1565051e+01
   1.2300000e+02   1.2500000e+02  -1.8434949e+01
   1.4600000e+02   3.3600000e+02  -1.2980557e+02
   1.5300000e+02   1.5700000e+02   1.4134019e+02
   1.5300000e+02   2.4400000e+02   1.0403624e+02
   1.5400000e+02   2.5700000e+02  -6.3434949e+01
   1.6500000e+02   2.4000000e+02  -4.5000000e+01
   1.6700000e+02   1.1400000e+02   1.7053768e+02
   1.7300000e+02   8.4000000e+01   1.7523636e+02
   2.1500000e+02   1.4300000e+02   3.0256437e+01
   2.2500000e+02   2.1700000e+02   6.7380135e+01
   2.3000000e+02   1.4400000e+02  -1.5343495e+02
   2.4300000e+02   2.8500000e+02   1.1180141e+02
   1.9300000e+02   3.4700000e+02  -1.5400000e+02
   1.9800000e+02   2.3700000e+02   3.3000000e+01
   2.6200000e+02   1.7800000e+02   4.8000000e+01
   2.7600000e+02   1.2500000e+02  -1.3200000e+02
