   9.8000000e+01   2.6200000e+02  -1.3772631e+02
   1.2500000e+02   2.8000000e+02  -1.5343495e+02
   1.3400000e+02   2.1700000e+02  -9.4763642e+01
   1.3500000e+02   1.9200000e+02   1.0030485e+02
   2.0700000e+02   2.5700000e+02  -1.4752881e+02
   2.1100000e+02   1.7500000e+02  -9.9462322e+01
   2.1200000e+02   2.8000000e+02  -1.6969515e+02
   2.4500000e+02   2.3500000e+02   1.4019443e+02
   2.7700000e+02   1.0200000e+02  -1.0843495e+02
   2.7800000e+02   1.7500000e+02   9.0000000e+01
   2.8900000e+02   1.2600000e+02   8.0537678e+01
   2.9000000e+02   1.0700000e+02   9.0000000e+01
   3.0800000e+02   9.8000000e+01   5.3130102e+01
   1.5900000e+02   1.8100000e+02   1.1200000e+02
   2.2700000e+02   1.5100000e+02   0.0000000e+00
