   7.0000000e+01   3.2000000e+02  -5.6309932e+01
   8.7000000e+01   3.0500000e+02  -4.5000000e+01
   1.8800000e+02   1.7000000e+02   0.0000000e+00
   1.9800000e+02   3.1000000e+02   7.5963757e+01
   2.1900000e+02   3.5800000e+02  -9.4763642e+01
   2.2100000e+02   2.6600000e+02  -1.0843495e+02
   1.1400000e+02   2.0300000e+02  -8.0000000e+00
   1.2500000e+02   2.7800000e+02   1.5700000e+02
   1.7000000e+02   2.9800000e+02  -1.3500000e+02
   1.8500000e+02   3.0700000e+02  -1.3000000e+02
   2.4600000e+02   2.3200000e+02  -1.0900000e+02
