   1.0300000e+02   3.2700000e+02  -7.5963757e+01
   1.0500000e+02   3.1900000e+02   1.0403624e+02
   1.0800000e+02   2.0900000e+02   1.2686990e+02
   1.1000000e+02   1.4900000e+02  -4.5000000e+01
   1.1100000e+02   2.4400000e+02   1.1656505e+02
   1.1700000e+02   3.1300000e+02   9.0000000e+01
   1.1900000e+02   2.8100000e+02  -4.0601295e+01
   1.1900000e+02   3.4400000e+02  -1.2369007e+02
   1.3400000e+02   2.8700000e+02  -8.5236358e+01
   1.5200000e+02   5.1000000e+01  -1.9983107e+01
   1.8300000e+02   1.3500000e+02   0.0000000e+00
   1.8500000e+02   9.2000000e+01   0.0000000e+00
   1.9700000e+02   8.6000000e+01   1.7523636e+02
   2.2300000e+02   3.4700000e+02   0.0000000e+00
   2.2500000e+02   5.1000000e+01  -1.6330076e+02
   2.2700000e+02   2.0200000e+02  -1.4212502e+02
   2.3400000e+02   5.3000000e+01  -1.0130993e+02
   2.6200000e+02   2.6400000e+02  -1.3500000e+02
   2.7000000e+02   2.1400000e+02   8.0537678e+01
   2.8000000e+02   3.5700000e+02   1.2096376e+02
   2.8800000e+02   1.4800000e+02   4.8012788e+01
   2.9000000e+02   3.4400000e+02  -6.3434949e+01
   2.9100000e+02   1.7200000e+02  -1.1861046e+02
   2.9700000e+02   1.4000000e+02   4.5000000e+01
   2.9900000e+02   1.8600000e+02   6.9443955e+01
   3.0200000e+02   2.7700000e+02   8.5236358e+01
   7.2000000e+01   2.2600000e+02  -6.7000000e+01
   8.3000000e+01   3.5000000e+02   1.5600000e+02
   1.0300000e+02   3.5400000e+02  -1.5800000e+02
   1.2100000e+02   3.0400000e+02  -9.0000000e+01
   1.2600000e+02   2.7500000e+02  -7.6000000e+01
   1.3000000e+02   2.6000000e+02   1.0800000e+02
   1.4300000e+02   2.9900000e+02  -9.5000000e+01
   1.6300000e+02   7.1000000e+01   1.6500000e+02
   1.7900000e+02   3.2600000e+02  -1.3800000e+02
   1.8700000e+02   1.5500000e+02   1.6100000e+02
   2.2300000e+02   5.9000000e+01  -1.7100000e+02
   2.4200000e+02   2.4400000e+02  -1.0900000e+02
   2.5900000e+02   3.0800000e+02   1.3100000e+02
   2.6000000e+02   2.5600000e+02   1.0800000e+02
   2.8700000e+02   2.4700000e+02   7.5000000e+01
