   1.1200000e+02   2.5600000e+02  -1.0403624e+02
   1.9900000e+02   2.9700000e+02   1.8000000e+02
   2.0600000e+02   3.0100000e+02  -2.8610460e+01
   2.1800000e+02   9.8000000e+01  -1.4071059e+02
   2.2100000e+02   1.6700000e+02  -1.1861046e+02
   2.2600000e+02   1.9700000e+02  -1.3500000e+02
   2.3200000e+02   4.2000000e+01   9.0000000e+01
   2.3900000e+02   7.1000000e+01  -1.5094540e+02
   2.4700000e+02   1.1500000e+02   1.1319859e+02
   2.5500000e+02   1.0700000e+02  -1.2247119e+02
   2.6500000e+02   9.1000000e+01  -1.2928941e+02
   2.7100000e+02   8.2000000e+01  -1.3500000e+02
   2.8500000e+02   1.5300000e+02   7.1565051e+01
   2.9500000e+02   2.2600000e+02   8.5236358e+01
   8.7000000e+01   1.1000000e+02  -3.7000000e+01
   9.3000000e+01   2.2000000e+02  -8.1000000e+01
   2.1100000e+02   2.6600000e+02   6.3000000e+01
   2.2500000e+02   1.8900000e+02   1.0800000e+02
   2.2700000e+02   9.5000000e+01   4.8000000e+01
   2.5800000e+02   1.2800000e+02   6.5000000e+01
   2.9600000e+02   1.2200000e+02  -1.1700000e+02
