   1.2200000e+02   1.7600000e+02  -5.4462322e+01
   1.4700000e+02   2.1100000e+02  -4.5000000e+01
   1.7500000e+02   2.4900000e+02   1.1656505e+02
   2.4300000e+02   1.4800000e+02   4.5000000e+01
   2.5800000e+02   1.5500000e+02   1.8434949e+01
   2.7200000e+02   2.3700000e+02   6.3434949e+01
   2.8800000e+02   1.9200000e+02  -1.3163354e+02
   2.9600000e+02   2.0500000e+02   5.3130102e+01
   3.3400000e+02   2.3000000e+02   5.9743563e+01
   1.4300000e+02   3.1300000e+02   9.0000000e+01
   1.6100000e+02   1.0400000e+02  -1.9000000e+01
   2.6500000e+02   3.5500000e+02   1.3500000e+02
   2.8100000e+02   1.2700000e+02  -1.5400000e+02
   2.9600000e+02   2.6600000e+02   6.7000000e+01
   3.2400000e+02   1.9300000e+02  -1.3000000e+02
