   1.1300000e+02   2.6600000e+02   1.2025644e+02
   1.1900000e+02   2.3200000e+02  -4.7726311e+01
   1.2100000e+02   3.4000000e+02   1.1261986e+02
   1.3000000e+02   1.9100000e+02  -5.0194429e+01
   1.3100000e+02   2.9900000e+02   1.1656505e+02
   1.5100000e+02   2.2400000e+02   1.2686990e+02
   1.6100000e+02   1.8000000e+02  -5.2125016e+01
   1.7200000e+02   2.9600000e+02   1.1261986e+02
   1.8000000e+02   2.5100000e+02   1.1656505e+02
   1.8700000e+02   3.3300000e+02   9.4763642e+01
   2.0800000e+02   1.6000000e+02   1.3227369e+02
   2.1300000e+02   1.7400000e+02  -4.5000000e+01
   2.2300000e+02   2.4400000e+02   1.2980557e+02
   2.2900000e+02   2.5500000e+02  -5.3130102e+01
   2.4300000e+02   3.6000000e+02   0.0000000e+00
   2.6300000e+02   2.4000000e+02   1.8434949e+01
   2.6700000e+02   3.3600000e+02  -8.0537678e+01
   2.8600000e+02   3.6000000e+02  -8.0537678e+01
   3.0300000e+02   3.5300000e+02   9.0000000e+01
   3.1400000e+02   3.2300000e+02  -9.0000000e+01
   1.9200000e+02   2.2400000e+02   1.2600000e+02
   2.3500000e+02   2.8700000e+02   1.2000000e+02
   2.6800000e+02   3.5600000e+02  -7.2000000e+01
   2.9700000e+02   2.1800000e+02  -1.5400000e+02
