   1.1500000e+02   3.0700000e+02   1.1261986e+02
   1.2400000e+02   2.6400000e+02   1.1261986e+02
   1.2800000e+02   2.8500000e+02  -9.0000000e+01
   1.6700000e+02   2.5300000e+02   1.1261986e+02
   1.7300000e+02   2.0800000e+02   1.1656505e+02
   1.8300000e+02   2.8900000e+02   9.0000000e+01
   2.1600000e+02   2.8500000e+02  -1.4134019e+02
   2.1700000e+02   1.9900000e+02   1.2686990e+02
   2.1900000e+02   2.3100000e+02  -4.5000000e+01
   2.2100000e+02   3.3100000e+02  -1.2025644e+02
   2.2200000e+02   2.1100000e+02  -4.2510447e+01
   2.7800000e+02   3.3300000e+02   1.1261986e+02
   2.8800000e+02   3.5900000e+02  -7.1565051e+01
   2.9300000e+02   1.6300000e+02  -1.5738014e+02
   2.9600000e+02   3.1200000e+02  -7.5963757e+01
   3.0800000e+02   2.0200000e+02   0.0000000e+00
   3.1100000e+02   2.4000000e+02   6.3434949e+01
   3.1900000e+02   2.5700000e+02  -1.1261986e+02
   1.2500000e+02   2.4900000e+02   1.2600000e+02
   2.0300000e+02   3.1700000e+02   6.1000000e+01
   2.2400000e+02   2.5400000e+02   1.0400000e+02
