   1.7200000e+02   2.6600000e+02  -2.2619865e+01
   1.8100000e+02   1.7100000e+02  -1.2096376e+02
   1.8900000e+02   2.9100000e+02  -1.4036243e+01
   2.1000000e+02   1.7000000e+02   1.3801279e+02
   2.1200000e+02   2.2300000e+02  -1.0403624e+02
   2.2600000e+02   1.6000000e+01   1.5094540e+02
   2.2800000e+02   1.2300000e+02   9.9462322e+01
   2.4600000e+02   1.6400000e+02   1.1656505e+02
   2.5700000e+02   1.4400000e+02  -8.0537678e+01
   2.7400000e+02   1.2800000e+02   9.9462322e+01
   2.7900000e+02   1.9100000e+02   1.0403624e+02
   2.8100000e+02   2.0800000e+02  -7.5963757e+01
   2.9100000e+02   2.7800000e+02  -5.1340192e+01
   2.9800000e+02   2.3800000e+02  -7.1565051e+01
   3.0700000e+02   1.5600000e+02   1.0403624e+02
   3.1100000e+02   4.1000000e+01  -4.5000000e+01
   3.1900000e+02   1.7500000e+02  -9.0000000e+01
   3.2600000e+02   1.8500000e+02   9.0000000e+01
   3.2700000e+02   6.5000000e+01   0.0000000e+00
   3.2700000e+02   1.7700000e+02  -9.4763642e+01
   3.3500000e+02   1.7800000e+02  -9.4763642e+01
   3.4100000e+02   1.2000000e+02  -1.0525512e+02
   3.4200000e+02   1.2900000e+02   9.0000000e+01
   1.7000000e+02   5.0000000e+01  -5.4000000e+01
   2.0300000e+02   3.2000000e+02   1.0000000e+01
   2.0400000e+02   2.4000000e+01   1.4000000e+02
   2.0900000e+02   1.6200000e+02   1.5300000e+02
   2.1300000e+02   2.1400000e+02  -5.1000000e+01
   2.1700000e+02   9.1000000e+01   1.3200000e+02
   2.2200000e+02   2.1800000e+02  -5.7000000e+01
   2.3100000e+02   6.0000000e+01   1.5500000e+02
   2.3400000e+02   4.3000000e+01   1.6100000e+02
   2.3500000e+02   1.1900000e+02   9.0000000e+01
   2.7400000e+02   6.5000000e+01  -1.3800000e+02
   2.7900000e+02   1.1700000e+02  -1.0900000e+02
