   1.2300000e+02   1.7900000e+02   9.0000000e+01
   1.3000000e+02   1.3600000e+02  -7.1565051e+01
   1.3500000e+02   2.4100000e+02   1.6747119e+02
   1.4800000e+02   9.4000000e+01  -5.7528808e+01
   1.6500000e+02   6.8000000e+01  -3.6869898e+01
   2.0100000e+02   8.0000000e+01   4.7636417e+00
   2.0600000e+02   1.8700000e+02   1.1656505e+02
   2.3200000e+02   1.3900000e+02  -9.4763642e+01
   2.3700000e+02   2.1600000e+02   1.1261986e+02
   2.3800000e+02   2.0600000e+02   1.2025644e+02
   2.6700000e+02   1.8100000e+02   1.0843495e+02
   2.7600000e+02   2.5800000e+02   1.0843495e+02
   2.8300000e+02   2.1100000e+02   9.4763642e+01
   2.8400000e+02   7.2000000e+01   4.8366461e+01
   3.1000000e+02   1.5300000e+02   9.4763642e+01
   1.7900000e+02   2.4000000e+02  -5.7000000e+01
   1.9800000e+02   1.4400000e+02   9.4000000e+01
   2.1400000e+02   3.0900000e+02   1.3900000e+02
