   1.7700000e+02   1.8200000e+02   9.4763642e+01
   1.8600000e+02   3.3700000e+02  -2.6565051e+01
   1.8700000e+02   2.1700000e+02  -1.1444395e+02
   2.1500000e+02   2.8500000e+02  -5.0710593e+01
   2.1800000e+02   2.4700000e+02   1.3227369e+02
   2.2500000e+02   2.4100000e+02  -4.7726311e+01
   2.3800000e+02   4.2000000e+01   1.6156505e+02
   2.4900000e+02   1.0800000e+02   5.1944289e+00
   2.5100000e+02   2.1700000e+02   1.1656505e+02
   2.6400000e+02   1.9800000e+02  -7.5963757e+01
   2.8300000e+02   2.4500000e+02   1.1656505e+02
   2.8400000e+02   2.3500000e+02   1.2369007e+02
   2.9200000e+02   2.3600000e+02   1.0843495e+02
   3.1400000e+02   2.1000000e+02   1.0843495e+02
   3.2200000e+02   2.3800000e+02   9.4763642e+01
   3.3000000e+02   2.4000000e+02   9.4763642e+01
   3.3200000e+02   2.3000000e+02  -8.5236358e+01
   3.3900000e+02   2.3500000e+02  -8.3659808e+01
   3.4000000e+02   1.1100000e+02  -1.2369007e+02
   3.4000000e+02   1.6300000e+02   8.0537678e+01
   3.4100000e+02   1.5500000e+02  -9.9462322e+01
   2.2100000e+02   1.0500000e+02   1.4300000e+02
   2.2500000e+02   3.2700000e+02   1.6100000e+02
   2.4400000e+02   1.7300000e+02   9.0000000e+01
   2.7200000e+02   3.0200000e+02  -5.8000000e+01
   3.1500000e+02   1.6500000e+02  -9.0000000e+01
