   1.1100000e+02   7.3000000e+01   0.0000000e+00
   1.2600000e+02   2.4000000e+01   9.5710593e+01
   1.4900000e+02   1.6000000e+01   6.7380135e+01
   1.6800000e+02   6.0000000e+01   1.2686990e+02
   2.1300000e+02   1.9700000e+02  -2.6565051e+01
   2.1900000e+02   1.4300000e+02  -5.3130102e+01
   2.2500000e+02   1.9000000e+01   1.1656505e+02
   2.3500000e+02   1.4200000e+02   1.2602737e+02
   2.4500000e+02   1.6700000e+02   0.0000000e+00
   2.5300000e+02   1.1600000e+02  -6.1389540e+01
   2.5400000e+02   1.0200000e+02  -8.4289407e+01
   2.5500000e+02   7.2000000e+01   1.1656505e+02
   2.5700000e+02   4.6000000e+01   1.1261986e+02
   2.5800000e+02   6.3000000e+01  -7.5963757e+01
   2.7300000e+02   9.5000000e+01  -7.8690068e+01
