   9.9000000e+01   2.1600000e+02  -7.1565051e+01
   1.1700000e+02   1.7600000e+02  -5.6309932e+01
   1.4700000e+02   2.3200000e+02   9.9462322e+01
   1.7000000e+02   1.8700000e+02   1.2369007e+02
   2.1800000e+02   4.1000000e+01  -1.4799462e+02
   2.4600000e+02   4.6000000e+01   1.6596376e+02
   2.4900000e+02   3.1800000e+02   1.2247119e+02
   2.6100000e+02   1.1500000e+02   2.6565051e+01
   2.6200000e+02   6.7000000e+01   1.0304846e+01
   2.9000000e+02   2.3800000e+02   9.9462322e+01
   3.2100000e+02   2.3900000e+02  -8.5236358e+01
   1.2700000e+02   1.8700000e+02   9.0000000e+01
   1.5800000e+02   1.3800000e+02   1.3100000e+02
   1.8900000e+02   1.8100000e+02   1.2600000e+02
   2.3100000e+02   2.7800000e+02   1.2600000e+02
   3.1400000e+02   2.1900000e+02  -1.0000000e+02
   3.1400000e+02   2.5300000e+02  -9.0000000e+01
