   9.4000000e+01   1.3200000e+02  -5.6309932e+01
   1.0900000e+02   5.2000000e+01  -4.5000000e+01
   1.0900000e+02   2.4200000e+02  -5.9743563e+01
   1.1400000e+02   2.9600000e+02  -5.9743563e+01
   1.1900000e+02   1.4000000e+02   1.2686990e+02
   1.3700000e+02   3.4200000e+02   1.6596376e+02
   1.4000000e+02   2.2000000e+02   1.1656505e+02
   1.4100000e+02   8.1000000e+01   1.2980557e+02
   1.4800000e+02   2.7100000e+02   1.0403624e+02
   1.5300000e+02   3.3600000e+02   0.0000000e+00
   1.5400000e+02   2.4300000e+02   9.4763642e+01
   1.5600000e+02   5.7000000e+01  -4.5000000e+01
   1.6300000e+02   1.8800000e+02   1.0843495e+02
   1.6400000e+02   1.6000000e+01   1.4630993e+02
   1.6700000e+02   3.5500000e+02  -9.4623222e+00
   1.7300000e+02   3.3600000e+02   1.8000000e+02
   1.8000000e+02   1.4500000e+02   1.0843495e+02
   1.8200000e+02   1.1900000e+02   1.2686990e+02
   1.8200000e+02   2.4200000e+02   8.5236358e+01
   1.8600000e+02   3.0500000e+02  -1.4397263e+02
   2.0200000e+02   2.9100000e+02   3.6027373e+01
   2.1900000e+02   1.4600000e+02  -2.6565051e+01
   2.2100000e+02   7.9000000e+01   0.0000000e+00
   2.2300000e+02   3.2100000e+02  -1.5738014e+02
   2.2700000e+02   5.0000000e+01  -4.7636417e+00
   2.2700000e+02   3.5600000e+02  -1.7523636e+02
   2.3400000e+02   3.1900000e+02  -1.5738014e+02
   2.4000000e+02   2.9800000e+02  -1.4019443e+02
   2.4600000e+02   1.5800000e+02   1.7053768e+02
   2.4700000e+02   2.8000000e+01  -1.7053768e+02
   2.7900000e+02   3.3700000e+02  -1.7523636e+02
   2.8200000e+02   2.9700000e+02  -1.5343495e+02
   2.8500000e+02   2.7300000e+02  -1.3772631e+02
   2.8800000e+02   2.8200000e+02  -1.5343495e+02
   2.9700000e+02   2.9700000e+02  -1.5343495e+02
   3.0200000e+02   1.2400000e+02  -1.2369007e+02
   3.0500000e+02   2.8300000e+02  -1.4630993e+02
   3.0600000e+02   3.0900000e+02  -1.6596376e+02
   3.0800000e+02   3.0100000e+02   2.6565051e+01
   3.1200000e+02   1.7900000e+02  -1.1656505e+02
   3.1400000e+02   3.1300000e+02   3.5537678e+01
   3.1400000e+02   3.3000000e+02  -1.6596376e+02
   3.1500000e+02   2.9000000e+02   2.6565051e+01
   3.1700000e+02   1.8700000e+02   6.3434949e+01
   3.1800000e+02   2.6300000e+02  -1.3198721e+02
   3.2400000e+02   2.4600000e+02  -1.3251045e+02
   3.2500000e+02   2.6800000e+02   3.9289407e+01
   1.9700000e+02   2.0100000e+02  -9.0000000e+01
   2.0500000e+02   1.8700000e+02   9.4000000e+01
   2.0700000e+02   2.1600000e+02  -1.0500000e+02
   2.1400000e+02   2.8800000e+02   3.9000000e+01
   2.4600000e+02   1.3600000e+02   3.0000000e+01
   2.6100000e+02   9.6000000e+01   4.2000000e+01
   2.6300000e+02   1.3600000e+02  -1.3500000e+02
   2.7500000e+02   6.2000000e+01   3.3000000e+01
   2.7800000e+02   9.9000000e+01  -1.4100000e+02
   2.8200000e+02   1.2500000e+02   4.8000000e+01
   2.9600000e+02   5.1000000e+01  -1.4100000e+02
