   1.1500000e+02   2.9300000e+02  -7.1565051e+01
   1.1600000e+02   1.4200000e+02  -4.5000000e+01
   1.2200000e+02   3.1800000e+02   1.1055605e+02
   1.2900000e+02   3.0800000e+02   9.4763642e+01
   1.3200000e+02   2.4600000e+02  -6.7380135e+01
   1.3300000e+02   2.9200000e+02  -7.5963757e+01
   1.3400000e+02   1.4600000e+02  -4.2510447e+01
   1.3900000e+02   1.0900000e+02   1.4313010e+02
   1.4400000e+02   3.0700000e+02   9.4763642e+01
   1.4500000e+02   2.9600000e+02  -7.7471192e+01
   1.5100000e+02   1.0000000e+02  -2.6565051e+01
   1.5100000e+02   3.1900000e+02  -9.0000000e+01
   1.5200000e+02   3.2700000e+02   9.4763642e+01
   1.5400000e+02   3.5200000e+02   7.1565051e+01
   1.5900000e+02   2.3600000e+02   1.1261986e+02
   1.6700000e+02   3.3500000e+02   8.0537678e+01
   1.7200000e+02   9.0000000e+01   1.5738014e+02
   1.8100000e+02   8.6000000e+01  -1.4036243e+01
   1.8100000e+02   2.9200000e+02   8.5236358e+01
   1.9100000e+02   2.7800000e+02   8.5236358e+01
   1.9700000e+02   1.7000000e+02  -9.4623222e+00
   1.9700000e+02   2.3800000e+02  -3.0256437e+01
   2.0200000e+02   3.5500000e+02  -1.2247119e+02
   2.0300000e+02   2.5300000e+02   9.0000000e+01
   2.0500000e+02   1.4000000e+02  -4.7636417e+00
   2.0900000e+02   3.6000000e+02   4.7726311e+01
   2.2600000e+02   1.1800000e+02  -1.7053768e+02
   2.2600000e+02   2.4800000e+02   1.6596376e+02
   2.3600000e+02   1.8100000e+02  -1.5738014e+02
   2.5700000e+02   3.5900000e+02  -1.3772631e+02
   2.8200000e+02   3.5200000e+02  -1.2928941e+02
   2.8500000e+02   2.8600000e+02  -1.2025644e+02
   2.8900000e+02   2.9300000e+02   5.9743563e+01
   2.9400000e+02   2.6800000e+02  -1.2025644e+02
   2.9900000e+02   2.7600000e+02   5.9743563e+01
   3.0400000e+02   3.4900000e+02  -1.4019443e+02
   3.0900000e+02   3.3400000e+02  -1.3251045e+02
   3.1000000e+02   2.3200000e+02  -1.1656505e+02
   3.1200000e+02   3.5500000e+02   3.0256437e+01
   3.1500000e+02   2.3900000e+02   6.3434949e+01
   3.2000000e+02   1.8300000e+02  -1.2025644e+02
   3.2100000e+02   2.8000000e+02   5.3972627e+01
   3.2400000e+02   2.5400000e+02  -1.2247119e+02
   3.2900000e+02   2.2900000e+02  -1.1656505e+02
   3.2900000e+02   2.6100000e+02   5.6309932e+01
   1.9100000e+02   3.0800000e+02  -1.0900000e+02
   2.2800000e+02   2.2700000e+02   3.6000000e+01
   2.3900000e+02   3.2400000e+02   5.6000000e+01
   2.4100000e+02   2.2400000e+02  -1.4100000e+02
   2.5600000e+02   1.8800000e+02  -1.4400000e+02
   2.6100000e+02   2.1300000e+02   5.3000000e+01
