   1.0100000e+02   1.9600000e+02  -1.1656505e+02
   1.0400000e+02   2.2600000e+02  -1.3227369e+02
   1.0600000e+02   1.3300000e+02   1.1905460e+02
   1.1100000e+02   2.6400000e+02  -1.4630993e+02
   1.1300000e+02   1.1800000e+02  -5.3130102e+01
   1.2700000e+02   1.3800000e+02   1.0843495e+02
   1.4800000e+02   2.1400000e+02  -1.0403624e+02
   1.5600000e+02   3.0800000e+02  -1.4752881e+02
   1.6200000e+02   2.8400000e+02   3.5537678e+01
   1.6400000e+02   1.0700000e+02   1.2025644e+02
   1.6500000e+02   2.7100000e+02  -1.4313010e+02
   1.6900000e+02   2.8900000e+02  -1.4446232e+02
   1.7500000e+02   4.8000000e+01   1.3772631e+02
   1.8000000e+02   1.0000000e+02   1.2025644e+02
   1.8600000e+02   2.3600000e+02  -1.2686990e+02
   1.9900000e+02   2.1700000e+02  -9.9462322e+01
   2.0700000e+02   6.9000000e+01   0.0000000e+00
   2.2600000e+02   9.3000000e+01  -1.6156505e+02
   2.2900000e+02   2.6700000e+02  -1.3227369e+02
   2.5300000e+02   9.8000000e+01  -9.9462322e+01
   2.5600000e+02   7.9000000e+01   8.0537678e+01
   2.6500000e+02   2.6300000e+02  -1.4019443e+02
   3.0200000e+02   2.9000000e+01  -1.2602737e+02
   1.6800000e+02   8.3000000e+01   1.2600000e+02
   1.8600000e+02   3.3500000e+02  -1.5000000e+02
   1.9300000e+02   1.6700000e+02  -1.0000000e+02
   1.9600000e+02   1.4600000e+02   1.1400000e+02
   2.0700000e+02   1.4500000e+02   9.9000000e+01
   2.1000000e+02   1.3100000e+02   9.9000000e+01
   2.1100000e+02   8.9000000e+01   1.6100000e+02
   2.1400000e+02   3.1300000e+02   3.0000000e+01
   2.3400000e+02   1.6500000e+02   1.1400000e+02
   2.3500000e+02   9.6000000e+01  -1.2100000e+02
   2.3900000e+02   2.5300000e+02   4.5000000e+01
   2.4000000e+02   7.9000000e+01   7.1000000e+01
   2.4400000e+02   1.9200000e+02  -9.5000000e+01
   2.6900000e+02   4.6000000e+01   6.7000000e+01
   2.7300000e+02   8.1000000e+01  -1.1300000e+02
   2.7600000e+02   8.9000000e+01   4.5000000e+01
   2.8400000e+02   5.5000000e+01   6.1000000e+01
