   1.1000000e+02   8.0000000e+01   9.9462322e+01
   1.1200000e+02   7.1000000e+01  -6.7380135e+01
   1.2300000e+02   2.0000000e+02   0.0000000e+00
   1.3400000e+02   2.0000000e+02   1.8000000e+02
   1.3600000e+02   1.7000000e+01   1.1444395e+02
   1.4400000e+02   2.2000000e+02  -1.7428941e+02
   1.4600000e+02   1.0600000e+02   8.5236358e+01
   1.4800000e+02   1.7000000e+02  -1.3500000e+02
   1.6300000e+02   1.9400000e+02  -1.5343495e+02
   1.6400000e+02   6.6000000e+01   9.0000000e+01
   1.7500000e+02   5.2000000e+01   9.0000000e+01
   1.8800000e+02   2.2500000e+02  -1.7053768e+02
   2.0000000e+02   1.6700000e+02  -1.3227369e+02
   2.1400000e+02   2.7000000e+01   1.7523636e+02
   2.3800000e+02   2.1000000e+02  -1.6474488e+02
   2.4100000e+02   2.1000000e+01  -1.2369007e+02
   2.4300000e+02   1.7100000e+02  -1.4630993e+02
   2.4700000e+02   1.4600000e+02  -1.3500000e+02
   2.5600000e+02   8.8000000e+01   6.1389540e+01
   2.6900000e+02   2.2700000e+02  -1.7523636e+02
   2.7200000e+02   2.1900000e+02  -1.7053768e+02
   2.9000000e+02   2.0200000e+02   1.8000000e+02
   2.9300000e+02   1.9300000e+02   1.6747119e+02
   3.0400000e+02   1.5100000e+02  -1.4974356e+02
   3.1000000e+02   9.1000000e+01  -1.2686990e+02
   1.8600000e+02   4.3000000e+01   1.0400000e+02
   2.1200000e+02   8.7000000e+01  -1.0000000e+02
   2.1800000e+02   6.7000000e+01  -1.2300000e+02
   2.2000000e+02   1.8600000e+02   2.6000000e+01
