   3.7000000e+01   1.8000000e+02   1.2686990e+02
   5.3000000e+01   2.9000000e+01  -4.2273689e+01
   6.0000000e+01   2.6200000e+02   1.1261986e+02
   6.8000000e+01   3.1600000e+02   9.9462322e+01
   7.4000000e+01   2.8700000e+02   9.4763642e+01
   8.6000000e+01   3.4500000e+02  -1.3227369e+02
   1.0700000e+02   3.5500000e+02  -1.4019443e+02
   2.0200000e+02   2.4300000e+02  -1.1905460e+02
   2.0400000e+02   3.2900000e+02  -1.2980557e+02
   2.5900000e+02   2.9200000e+02  -1.2025644e+02
   2.9200000e+02   6.2000000e+01  -1.3227369e+02
   2.9400000e+02   5.2000000e+01  -1.3801279e+02
   3.0500000e+02   1.2800000e+02  -1.4630993e+02
   8.4000000e+01   4.6000000e+01  -1.9000000e+01
   9.8000000e+01   2.4600000e+02   9.9000000e+01
   1.0000000e+02   1.5400000e+02  -3.4000000e+01
   1.3500000e+02   4.6000000e+01   0.0000000e+00
   1.6400000e+02   2.1800000e+02   1.0000000e+01
   1.8000000e+02   1.1600000e+02   1.8000000e+01
   1.9100000e+02   2.4500000e+02  -1.1700000e+02
   1.9200000e+02   2.7800000e+02   5.7000000e+01
   2.1300000e+02   7.7000000e+01  -1.4400000e+02
   2.5900000e+02   6.8000000e+01  -1.4100000e+02
   2.6200000e+02   1.5000000e+01  -1.4700000e+02
   2.6600000e+02   6.2000000e+01   4.2000000e+01
   3.0600000e+02   1.5000000e+02  -1.3000000e+02
