   3.8000000e+01   2.3000000e+02  -6.3434949e+01
   6.7000000e+01   3.2600000e+02  -6.7380135e+01
   7.3000000e+01   2.5700000e+02   1.0403624e+02
   7.4000000e+01   3.0700000e+02   1.0403624e+02
   8.7000000e+01   3.0900000e+02   9.4763642e+01
   9.0000000e+01   2.7900000e+02   9.0000000e+01
   1.0700000e+02   3.5000000e+02  -1.7053768e+02
   1.0800000e+02   1.5100000e+02   1.2025644e+02
   1.0800000e+02   3.3500000e+02  -1.4071059e+02
   1.1800000e+02   2.7700000e+02   8.0537678e+01
   1.2900000e+02   3.4200000e+02  -1.4974356e+02
   1.4200000e+02   3.2600000e+02   3.6027373e+01
   1.4400000e+02   1.1100000e+02  -9.4623222e+00
   1.8100000e+02   3.3200000e+02  -1.4313010e+02
   1.8800000e+02   7.4000000e+01  -1.6596376e+02
   2.2400000e+02   3.0500000e+02  -1.3772631e+02
   2.6200000e+02   2.7700000e+02  -1.3251045e+02
   2.6700000e+02   3.4600000e+02  -1.5738014e+02
   2.7700000e+02   3.3400000e+02  -1.6156505e+02
   3.9000000e+01   1.7200000e+02   1.2300000e+02
   6.1000000e+01   1.1000000e+02  -4.3000000e+01
   6.8000000e+01   1.9000000e+01   1.4000000e+02
   7.9000000e+01   3.4000000e+02   1.3200000e+02
   9.1000000e+01   4.2000000e+01   1.4000000e+02
   9.5000000e+01   5.0000000e+01  -3.1000000e+01
   9.7000000e+01   2.2100000e+02   1.1600000e+02
   9.9000000e+01   1.5000000e+01  -2.3000000e+01
   1.5300000e+02   3.2300000e+02   3.3000000e+01
   1.5900000e+02   2.2300000e+02   8.5000000e+01
   1.6800000e+02   2.2100000e+02   9.4000000e+01
   1.7900000e+02   1.4400000e+02  -1.6200000e+02
   2.0100000e+02   5.1000000e+01   3.3000000e+01
   2.0100000e+02   3.4800000e+02   1.8000000e+01
   2.0500000e+02   2.2500000e+02  -1.2100000e+02
   2.1100000e+02   2.5900000e+02   5.9000000e+01
   2.1900000e+02   1.7500000e+02  -1.3300000e+02
   2.2500000e+02   3.3300000e+02   1.8000000e+01
   2.2700000e+02   2.4500000e+02  -1.1700000e+02
   2.3100000e+02   2.6000000e+02  -1.1700000e+02
   2.4900000e+02   1.4700000e+02  -1.3000000e+02
   2.8000000e+02   3.1700000e+02   1.8000000e+01
