   5.3000000e+01   6.8000000e+01   1.2602737e+02
   5.8000000e+01   2.1400000e+02  -6.7380135e+01
   6.5000000e+01   1.9900000e+02   1.1656505e+02
   7.2000000e+01   1.4700000e+02   1.1261986e+02
   7.7000000e+01   1.9900000e+02   9.9462322e+01
   8.1000000e+01   2.6500000e+02   0.0000000e+00
   8.5000000e+01   1.7200000e+02   9.9462322e+01
   9.3000000e+01   2.3900000e+02  -1.7523636e+02
   9.5000000e+01   2.2500000e+02  -1.3772631e+02
   1.1000000e+02   2.3100000e+02  -1.2928941e+02
   1.1300000e+02   1.6800000e+02   9.0000000e+01
   1.2900000e+02   2.1900000e+02   3.3690068e+01
   1.3300000e+02   1.0700000e+02  -7.4744881e+01
   1.4400000e+02   2.7900000e+02  -1.6474488e+02
   1.4800000e+02   2.5000000e+02  -1.5343495e+02
   1.5200000e+02   2.8000000e+02   1.8434949e+01
   1.5300000e+02   2.8800000e+02  -1.7053768e+02
   1.7000000e+02   2.7500000e+02  -1.6969515e+02
   1.7100000e+02   2.4500000e+02  -1.5738014e+02
   1.8000000e+02   2.7500000e+02   1.4036243e+01
   1.8100000e+02   8.6000000e+01   1.6596376e+02
   1.8600000e+02   2.6700000e+02  -1.6596376e+02
   1.8900000e+02   3.2300000e+02   1.8000000e+02
   1.9300000e+02   1.7700000e+02   5.6309932e+01
   1.9400000e+02   2.6900000e+02   1.1309932e+01
   1.9500000e+02   2.2100000e+02  -1.3500000e+02
   1.9900000e+02   3.2500000e+02  -1.4036243e+01
   2.0100000e+02   2.5500000e+02  -1.5343495e+02
   2.0400000e+02   2.7100000e+02  -1.6869007e+02
   2.1400000e+02   2.1500000e+02  -1.4313010e+02
   2.1500000e+02   2.0700000e+02  -1.3227369e+02
   2.2200000e+02   2.2000000e+02   3.0256437e+01
   2.4800000e+02   2.0100000e+02  -1.2686990e+02
   2.5400000e+02   1.8400000e+02  -1.2025644e+02
   2.5500000e+02   3.0300000e+02   1.8000000e+02
   3.0100000e+02   2.0400000e+02  -1.4071059e+02
   3.0700000e+02   9.2000000e+01  -1.0843495e+02
   1.1800000e+02   1.4100000e+02   9.4000000e+01
   1.4100000e+02   2.1600000e+02   3.9000000e+01
   1.5100000e+02   1.2100000e+02   9.0000000e+01
   1.7300000e+02   8.8000000e+01   1.5700000e+02
   1.7600000e+02   1.1000000e+02   1.2900000e+02
   1.7800000e+02   9.5000000e+01   1.4000000e+01
   1.8000000e+02   1.4600000e+02  -1.0000000e+02
   2.0200000e+02   2.5000000e+01   4.5000000e+01
   2.1900000e+02   1.0900000e+02  -1.1700000e+02
   2.7700000e+02   5.0000000e+01  -1.2100000e+02
   2.8800000e+02   1.8400000e+02   3.2000000e+01
