   6.5000000e+01   1.3300000e+02   1.2928941e+02
   8.3000000e+01   2.6600000e+02   1.1261986e+02
   8.6000000e+01   2.1600000e+02   1.0843495e+02
   9.3000000e+01   7.4000000e+01   1.3748955e+02
   9.6000000e+01   2.6700000e+02   9.4763642e+01
   1.0800000e+02   1.8500000e+02   1.0403624e+02
   1.1100000e+02   5.0000000e+01  -3.6869898e+01
   1.1400000e+02   3.0800000e+02  -1.7053768e+02
   1.1600000e+02   2.9500000e+02  -1.4071059e+02
   1.2400000e+02   1.4500000e+02   1.1261986e+02
   1.2700000e+02   3.0000000e+01   1.4630993e+02
   1.2800000e+02   1.1700000e+02   1.2980557e+02
   1.2900000e+02   2.4000000e+02   8.0537678e+01
   1.5700000e+02   3.4400000e+02  -1.7523636e+02
   1.7000000e+02   8.5000000e+01   4.7636417e+00
   1.8200000e+02   5.5000000e+01   9.4623222e+00
   1.8600000e+02   2.9700000e+02  -1.3500000e+02
   1.9900000e+02   2.3900000e+02  -1.1261986e+02
   2.0200000e+02   1.6300000e+02  -1.6156505e+02
   2.0500000e+02   3.4400000e+02   4.7636417e+00
   2.0600000e+02   3.6000000e+01  -1.6596376e+02
   2.1000000e+02   3.3700000e+02  -1.6156505e+02
   2.1800000e+02   5.6000000e+01  -1.5738014e+02
   2.1800000e+02   3.3700000e+02   1.0304846e+01
   2.2100000e+02   1.6100000e+02  -1.3500000e+02
   2.3300000e+02   3.0300000e+02  -1.4397263e+02
   2.7600000e+02   2.5500000e+02  -1.3500000e+02
   3.0700000e+02   2.6400000e+02  -1.3801279e+02
   9.7000000e+01   2.3200000e+02   1.0800000e+02
   1.5300000e+02   1.8400000e+02   1.1200000e+02
   1.5500000e+02   2.2000000e+02  -1.1000000e+02
   1.8400000e+02   1.7600000e+02  -9.0000000e+01
   1.9200000e+02   1.4800000e+02   3.0000000e+01
   1.9600000e+02   2.2100000e+02  -1.0900000e+02
   2.0900000e+02   3.1700000e+02   2.2000000e+01
   2.2300000e+02   1.0900000e+02  -1.4400000e+02
   2.3200000e+02   7.7000000e+01   3.9000000e+01
   2.4200000e+02   2.2200000e+02  -1.2100000e+02
